Cellname	Total Number of reads	number of reads that do not need correction	number of reads need correction
ACATCTCGAGCGCCTT	1	1	0
AATCGAAGGAAGTGCC	6670	6555	115
CAACGCAGTACGTGCT	918	906	12
CACAACCTTACCAGGC	5585	5517	68
AAGTCGGGTAGTGGAC	200	198	2
CCACCTCTGACGATGG	313	311	2
AAGTCGGGTGTGCTCA	350	347	3
GCATCACTCGTACCTA	508	500	8
ATTTCCATCTTACGGG	56005	55386	619
CAACGCAGTATTGCCT	160	157	3
TGGGAATTAGTTTAGA	900	890	10
CTGCTAGACACTTTCT	201	198	3
AGGAGTCGCTTCTTCG	294	291	3
TCAAATGGCTTAGGTA	11	11	0
GCTCGTAGTCCGTCCA	268	263	5
AAGGCGCTCCCTTCAG	1246	1225	21
TCCTATATAATCGGGT	98	95	3
AGACGAGGTAGTGGAC	541	538	3
GGGAGATGGTTTGTTT	6166	6078	88
GTCCACTATGTCTTTC	370	369	1
CCAGACAGTGGTATGA	13	12	1
GAGGAGTGTTTACCCT	234	230	4
ACGACGACTCATCCTT	456	448	8
GGGATTACGGTGGGAT	3526	3497	29
GGCAAGGTGGCTACTA	6528	6440	88
ACCCATGCAAACTCGA	279	277	2
ACTGCTGGTTGTCGCC	4503	4455	48
CTCGGTGAAACCTGAC	155	155	0
GACACAAAAATCGGGT	9415	9268	147
AATCCGGCAGCGAAGT	212	210	2
AGTTTGTATACCAGGC	288	284	4
AGCACGTAAAACTGGT	7970	7904	66
GTGTCAGGCACGGACT	262	260	2
GAGCGGAATTATCTGT	239	238	1
GTCCTTGCATCAAGTG	475	470	5
AGTTGAACAACTTAGC	2	2	0
AAGTATTGAATGTTTG	130	129	1
AAATTCCGCCATTACT	213	209	4
CCGTCTTATGGTTTCT	661	645	16
CCCTGTTTACGTATAC	275	270	5
ACGGAGCAACGTATAC	4347	4301	46
ATTATTCGCGTATTTC	189	188	1
CCGAGATCGCCTCTTT	231	223	8
GGCCCAATCTCTTGAC	128	128	0
ACAAAGATAAAGCCTA	3465	3419	46
GTCCACTATGGGATTC	262	259	3
GGTGTCGAGAATTCGT	179	177	2
TAGTAGCCCTTCGATT	12066	11865	201
GGCACTTCTTTATCAC	249	245	4
GTCTGGAAAACTTAGC	508	501	7
ACTACCCGGTCTCTCT	2	2	0
GGTAGCCAGATGTGAG	398	387	11
ATTGGCCCTACAAACT	5163	4935	228
GGAAGTCCAAACAGGG	966	957	9
ACAAGTAGCGAACGTA	4398	4352	46
CAGGTTGCTTTAACAG	1200	1182	18
AAAGAAAGTAGTGGAC	1	1	0
AAGTATTGCAGACCAT	381	378	3
TATCTGTCACGTATAC	190	184	6
AGCCATCTTACAAACT	113	109	4
CTCACATCCCTCGTCT	363	361	2
ACGAATTCGATTGCGA	1	1	0
CTCAAACAGCCTCTTT	166	159	7
AGTAGTTACTACCGTT	476	467	9
GATGGTTAGCAAAGCC	4100	4037	63
GAGGAGTGTTCACATA	468	465	3
ACAAGTAGCTTCGCAC	89	74	15
TGGAAAGCAGCTACGG	588	579	9
GGGTCTAGCGCTCTCA	7306	7232	74
GATACGCAAGATGGCT	3222	3162	60
GCACTCAGAAACTGGT	877	866	11
TACCCTGCAAGGTAAT	224	217	7
TCTGATTTGTCCATGT	250	248	2
CATGCTGCGCAGCATG	458	449	9
ACCAAGGGATCAGCGC	5255	5174	81
CCTATTTAAAGTAATC	243	238	5
CCCTTGCATAGTCTAG	4788	4686	102
AAAGCCCGCGAATAAT	98	97	1
CATGCTGCCGCTCTCA	88	85	3
ACGGGTTACTAGATTG	203	203	0
GGCGACAAGTCTCTCT	3611	3558	53
CTCCCAAACTGGTGCA	518	506	12
GTCAGGTTATATACCT	7985	7877	108
ATAGATGTCCCATAGC	206	206	0
ATGCATATATCTTTGT	235	229	6
AATGGCGTCTGTTCTT	312	307	5
ACGGCAGTATGTTGGC	4527	4486	41
GTCCTTGCGAAGTGCC	2	2	0
CTCTATAGATTCCTTG	302	298	4
GTCTGGAATTTATCAC	213	213	0
ACCACAGAGTGGAGCT	275	272	3
GCCAACATATTCAGTA	376	368	8
AGACCTCATTATCTGT	222	218	4
GTCTGGAAAAAGTCGG	54	51	3
AATGGCGTATACTCTT	7781	7692	89
TCGCAATCCTAGATTG	9218	9048	170
GGTGTCGACGAACGTA	192	191	1
CTGGGTATAGAGGTGG	2601	2575	26
CTTAGGCCTATTGCCT	166	165	1
GTCCTTGCAGCGCGAT	2893	2879	14
GCACTCAGTGAGGTCT	384	376	8
AACGGTAGCAAGTCAT	211	208	3
ATCCCACCGAGAATTG	669	663	6
GTCAGGTTCGCCTTGA	78	76	2
GTGATAAATTCCAGAC	349	345	4
ATCGCGCTTCGACACC	3622	3585	37
ACATCTCGTGCCATCG	277	274	3
GGCACTTCGAAGGCTT	174	172	2
AGCCATCTGTACCTTG	283	282	1
CTTTATCCGAATTCGT	0	0	0
AATGTATGCTCGCGTA	226	223	3
GCCTTGTGTCGGTTTA	4672	4598	74
ATGACAACTAACTACT	304	299	5
ATCGCGCTACGAAACG	11474	11335	139
CCACCTCTAATCGGGT	9904	9729	175
ACTCATACCCCTTCAG	3211	3160	51
GATTACTTGAAGCACT	532	527	5
ACCTTCCCGAAAGACC	3851	3793	58
GATTTCCCGATTTACC	158	156	2
GGATTGTTCAGGTGTC	339	334	5
CAATTCTCAAACCTCC	2319	2293	26
TCGACTGCTCCCGTAG	92	89	3
GTCCGTCATCGAAGCT	3653	3627	26
GCGTGCAATTAGGACC	22	22	0
CCGTAGCTCACTCCTC	150	148	2
AAACGTGAAGCGCGAT	227	223	4
CGGTGAGTTCGGTTTA	267	264	3
ACAGGCCATAAGACGG	248	244	4
CGAAACTCGGGTTGGT	995	982	13
AAACTACAAGCGCCTT	141	141	0
GATTACTTCCCGAATG	543	532	11
TGCTTCATGATTAGAC	432	426	6
TGCGACTAGCAAAGCC	465	460	5
GAGAAACCTTGATTCT	540	527	13
TACTGAATTGAGGTCT	1027	1020	7
CCGAGATCATTGGGCC	856	845	11
GTTGTCCGAAACAGGG	4270	4210	60
CCAGACAGAGAAGTTA	153	151	2
AGCACGTATTGTCGCC	434	429	5
ACCCTCAAAAAGCCTA	340	331	9
CGATGGCATGACCAGT	134	132	2
CCCTCTTGGCAAGGAC	35	33	2
ACGGAGCAAACCCTTG	271	269	2
AATACATCGGCGGTTT	295	289	6
GAGGAGTGCCTCGTCT	504	497	7
CTGAGCGTTGTTTGAG	177	176	1
CAAGGTACGCAAAGCC	365	362	3
GGGTCATTATGACTTT	169	169	0
CGTACCGAACTGCCGT	214	208	6
AGCACGTATGTAGTTT	715	711	4
CGAAGAAGAGGCAGTT	199	196	3
CGTGGGATCGTATTTC	367	363	4
AACAAATGAGTGAAAG	222	218	4
CCATCGTCTACAAACT	241	239	2
AAGGGACCCTGTCTGG	131	131	0
GTGTCACCTAACCATC	366	363	3
TGGTTAACCTAGATTG	1118	1105	13
AGTTGAACAACCTGAC	4202	4146	56
CCTATTTATTCACATA	6656	6559	97
TCCGCTGTTACAAACT	201	201	0
AGGTTCCCCTTACGGG	382	380	2
GTAAACAAGATCGTTT	136	136	0
AGGCCGAAGAGAATTG	5611	5552	59
GGACTTCTAGGTTGTG	167	166	1
AAGAGTATTGGGATTC	2299	2264	35
CGGCTGTACTTCTGGA	209	208	1
GAGCGGAACTCGATGC	209	202	7
GGAAGTCCGACAACTT	439	435	4
AGGACACAAAGCTTCT	215	212	3
GTCCACTACCAGCAGT	360	356	4
CGTGCAACGGCCCTTA	2877	2827	50
CTCTATAGGAGTTTCG	4560	4432	128
AACGGTAGACGCAGAG	209	201	8
GGCAAGGTCCATTACT	463	454	9
GATGCAGAATATACCT	212	207	5
ACGGTTGGAAGGTAAT	372	366	6
CCGACTTTCTTCTGGA	260	255	5
CGATGGCAATCAAGTG	257	254	3
ATACACCCGTCCAAAG	181	180	1
CGTACCGAGCAGCATG	232	226	6
ACCCTCAAGTCTCTCT	250	245	5
ATCAATCGCCCTTGGT	174	174	0
GCGTATTCTCGACACC	442	429	13
AGCTTCGAGGGTGTAT	1	1	0
AAACAAACCAATTAGT	1434	1410	24
CATTCATTTTATAGCC	263	262	1
AGACCTCATAAGACGG	4031	3975	56
GGAACGAAGTTCTGTT	211	210	1
ATGCATATTGGCTACC	198	197	1
GGGTCTAGAAGCTTCT	543	540	3
TACGCGAGAATGACCC	471	458	13
GTCAAGAGGTTGCACG	56	52	4
AAACAAACGATTAGAC	1490	1459	31
ACATCTCGGTTTACGT	166	161	5
CCGTCTTACTTTCTTT	137	136	1
AAACAAACTGCCATCG	214	213	1
GCACTCAGGAGTTTCG	192	190	2
ACCAAGGGATATACCT	391	390	1
ACCAGTTTGTCAAAGA	72	72	0
ACGCTTAACCAGCAGT	331	326	5
ATCAGGGATGTAAAGG	410	403	7
TCTAAACTCGGCTTAC	188	184	4
CCACGTTGTAGTGTTT	139	136	3
GTATACGTCGGAATTT	392	387	5
AGAGGTGCGGCGGTTT	305	299	6
AGCTCCACCTCTTGAC	1236	1212	24
GAAAGACAACTAGGAT	2211	2175	36
CATTTCTAGAAGGCTT	1667	1645	22
CGATCCAACTACTTGT	266	263	3
ATAGATGTCTAGTAAC	11	11	0
CTTAGTGTTTAGTCCG	177	177	0
AGAAGCTTCGACTCCT	3822	3772	50
ATGCGGAGATCTTTGT	1185	1171	14
ACCTGAAGCCGTGTTT	1046	1041	5
CGTGCAACGAAGCACT	3	3	0
ACGAATTCAGTGATGC	195	192	3
TAGTAGCCCTTACGGG	487	479	8
AATGGCGTCTCGATGC	331	326	5
GCGCTGATATATCTTC	261	260	1
TGCTTGGGATGCGGAT	176	174	2
ACGGAGCATGGAGGAG	461	451	10
ACCACAGATTGAGGGT	1805	1768	37
AAGTCCAACACTTTCT	659	649	10
CGGACTAACTTACTCC	400	395	5
TCTGATTTTGAGGTCT	155	154	1
TGACGTCGCACTCCTC	124	123	1
ACTCGGAAATCTTTGT	452	448	4
CGATGGCAGCAACCTG	350	343	7
GGGCATCAATGTTGGC	168	167	1
AAATAGCAACCACGCT	291	288	3
CTCAAACAGAGCCCAT	171	169	2
ACAAGTAGGAAAGACC	3911	3831	80
CCGAGATCGGTCACAG	250	245	5
CGAAGAAGATTGGGCC	772	754	18
CTGCTAGACTTACGGG	356	349	7
AACAAATGCCCTAACC	3482	3411	71
CTAGCACGTTTACCCT	120	118	2
TGGAAAGCCGATTGAT	175	173	2
CTAGTAGGACTAGGAT	196	191	5
AGCTTCGAGTTCTGTT	314	308	6
TCGAGTTTGTCCAAAG	178	175	3
GCCAACATCTATAGAG	564	559	5
CGGCTGTATCGACACC	1041	1025	16
AACGGTAGGTTACGAT	201	197	4
CCACCTCTTAGCTTAT	229	227	2
ACAAAGATTGCCTCAC	604	582	22
GCGCTGATGATCGTTT	244	240	4
GTTGTCCGCTTTCTTT	172	167	5
GGAACGAACCCGACTT	258	255	3
CTAGTAGGCAACAAAT	227	224	3
CAACGCAGTGTGCTCA	0	0	0
AGGGACTGTCCAGTCC	4787	4711	76
GGTCTTTCGCTTTCCA	7	7	0
GGGATTACCGAGTCTG	293	290	3
GTGCGAAGTCGGTACG	1	1	0
CTCCTCCACGAACGTA	3	3	0
TGGAAAGCCAGGTGTC	636	626	10
TCGTGGGTGAGTTCAC	210	207	3
CAGATGGGATACTCTT	354	350	4
AGGAGTCGATATCTTC	273	272	1
CTGTTAAACAAGTCAT	801	788	13
AAACACTACACAGTTT	2	2	0
CGAACCGACAGGTGTC	219	214	5
GGTGTCGAGACAAAGG	172	171	1
CAAGGAATCCCGAATG	447	443	4
GTGCCCATTGACGGAC	5134	5029	105
CCGAGATCTTAAGCGT	4088	4038	50
AATACATCAAACCTCC	498	486	12
AACAGAACCGAGATGT	923	919	4
CCATCCACTCCAGGGA	176	175	1
AGAAAGTGACCACGCT	495	487	8
GGTAGCCAAGCTATGA	200	197	3
GTCCTTGCGAGTTCAC	630	618	12
GATTAAAGGGTCACAG	214	212	2
GCCAACATATCCGCTA	3585	3560	25
AGAAAGTGAGGTTGTG	2	2	0
GCCTTGTGGAAGCACT	197	194	3
AGCGTGGTGCCTCTTT	625	618	7
ACCAGTTTTTCACATA	497	493	4
TCATAGCTTAGTGGAC	127	126	1
CTGTGACCAGCGCCTT	47	44	3
ATTGGCCCGGCTACTA	228	225	3
GATTAAAGAACTTAGC	383	378	5
TGAGCACAGGGAAGGT	247	246	1
GTACGGACAATGAATG	8098	7990	108
GTCCTTGCGAGCGGTA	0	0	0
ACCCGATTCGTAGAAG	3437	3388	49
CAGACTCGGATTAGAC	181	179	2
TAGTAGCCGTCTCTCT	312	307	5
GTCCGTCAATACCCAG	227	225	2
TCTGATTTGTCCAAAG	44	42	2
AAGGCGCTGCACCTCT	223	223	0
AAACACTATAAATAGG	126	126	0
CGTGTACAAGAACGGG	381	378	3
CTTTGGACCTTACGGG	225	222	3
CAATCTAGGTTTACGT	2011	1828	183
CTAACGCCTCCCAATC	152	151	1
CCAGCGAACTTACGGG	340	332	8
TGGTGTCTAGAGGTGG	176	174	2
GATTTCCCGAGTTTCG	6	6	0
ATTCTGAGGGGAAGGT	206	201	5
AAATTCCGAGCGCGAT	28	28	0
AATGGCGTTATTGCCT	748	738	10
AAACACTAAGAGACTA	265	264	1
CTCACATCAGCTACGG	5412	5346	66
GTCTTCCTATGCATGG	188	185	3
GATTTCCCGATTGCGA	1748	1740	8
GGTCCTAACGCTCTCA	344	340	4
ACACCAAGATCCCACG	300	296	4
CGTTGCCTAGGAGCTT	3667	3603	64
CAACGCAGCACAACAG	449	440	9
ACTAATTGCCGCTGTT	4150	4099	51
CTTAGTGTACACTAAG	640	634	6
ACTCGGAACGCTCTCA	184	182	2
AGCTCCACTAGAAATG	3879	3838	41
AAAGTCATCGACTCCT	198	192	6
AGTAATGGCGTAGAAG	1648	1630	18
CTCAAACACCATTACT	208	205	3
TGCTGACGTCGACACC	108	102	6
TCCGACACGAGCGGTA	79	77	2
AAACACGGGTGGATGG	251	249	2
TGGCTAGTCGTCAGCA	273	268	5
GGTGTCGAAAAGCCTA	209	207	2
ATCGCGCTGGGTGTAT	1	1	0
ATGACAACCCCGACTT	948	931	17
ACCAACCCATATACCT	187	185	2
GGGCATCATCGACGGT	450	445	5
AAACGATCGGCGGTTT	303	298	5
GGACTTCTAACCCTTG	496	488	8
ATATGGGTAATGAATG	215	211	4
GCGTATTCTTTACCCT	250	247	3
AGTCCGTGGGGAAATC	187	186	1
GGCGACAATCGGTACG	174	172	2
GAATCCCAGTCCATGT	183	181	2
TAGTAGCCGTTGTCAT	555	547	8
AATGGCGTAAAGTCGG	2	2	0
CTTAGGCCTTCGCTGG	310	307	3
CGTTGCCTGTTGTCAT	171	168	3
ACGCTTAACACAAGGC	328	324	4
ACTACCCGTCGGTTCG	202	197	5
TCTTTGACGAGAATTG	118	117	1
ACGGCAGTCGACTCCT	814	803	11
AAGAACAGGCAACCTG	142	142	0
AGCACGTAGCGCATTC	231	227	4
GGTCTTTCTTGCATAT	210	208	2
ATCCTAGTGTCCATGT	1098	1081	17
GCGCTGATCGAGTCTG	221	213	8
ACCCTCAAAGGAAGAC	154	152	2
AAAGCCCGATATGCAT	342	329	13
TGTTATCAGTTACCGC	393	390	3
GGAACGAACTTTCTTT	400	389	11
ATTGGCCCGCAGGGTA	658	650	8
ACAATCTTTGCTCCGT	534	530	4
TGCACCAGAAACTGGT	253	250	3
GGGCATCATCGGTTTA	1	1	0
AGAGAGACCCGCTGTT	207	204	3
GTGCCCATCCTACTAG	176	173	3
TAATCCATCGTAGAAG	830	820	10
ATCCGCATTTCCGAGT	158	156	2
TCCCTGGATCCTTATT	200	191	9
TACCGCTCGGCGGTTT	737	719	18
TCGTTCCCAACCTGAC	1713	1688	25
CATTCGGGGGTTAGTG	217	215	2
GGCGACAACGGGCTTT	174	173	1
ATGACAACCACAGTTT	239	235	4
AAGGCGCTTAGTCTAG	250	247	3
AGGACACATAGTGTTT	60	60	0
AACAAATGACGTATAC	1894	1875	19
AGCTCCACCTTACGGG	11	11	0
AGGGTAAACATACATT	734	723	11
AATACATCCCAGCAGT	328	326	2
ATATGGGTGAATACGC	6	5	1
GGTTACACGAACGATT	284	281	3
TGCACCAGACTGAGTT	513	508	5
GTAAACAAACTGCCGT	461	456	5
ACAAGTAGGTTGTCAT	8	8	0
GGTCTTTCTACAAACT	391	0	391
CCCTGTTTGATCGTTT	83	83	0
GCGCTGATGGCTACTA	468	459	9
CGATGGCATGCAAGGG	854	839	15
ACAGGCCATGCTCCGT	156	154	2
AGGGACTGTGCCTCAC	2175	2153	22
TCGACTGCGCGTTGCT	321	316	5
GTCTAATCCGGCTTAC	284	278	6
GTCTTCCTACAGCGGA	417	412	5
CGACATTTTGCCATCG	1	1	0
GGCACTTCGGATAAAG	7992	7923	69
AAGTTGTCTGCTATTT	275	269	6
CAATCTAGGTCCGTAC	1043	1026	17
AATACATCTCTCACTT	395	392	3
AGGTATATAACCTGAC	1200	1186	14
CGATCCAAGAGAATTG	6933	6833	100
CATTCATTATCTTTGT	3412	3350	62
AATGTATGTCCCAATC	191	189	2
CCGATACGAACCTGAC	2871	2812	59
AGAGGTGCCTTGGTGT	235	234	1
AATATGACTGTTCCAG	188	186	2
CGATGGCATCTCAACC	371	363	8
TGCACCAGAGAGACTA	2	1	1
GATACGCAAGTTTAGA	607	596	11
ACTGGTCACCCGAATG	554	550	4
ACGCTTAACCCATCTG	348	340	8
ACGACGACGGGTGTAT	154	147	7
CAATTCTCATATAGGA	273	268	5
CGGCTGTAAAGATTGT	1	1	0
GGTTAGGGCCTGACAC	622	616	6
TAACTTCTACCCATAT	9	9	0
CCTTTACATAGAAATG	645	636	9
GAGGAGTGACTCACCG	199	195	4
CCGTCTTATGATAACA	199	199	0
ACGGCAGTTAGCCTCG	70	67	3
GAATCCCAAGAGACTA	2480	2444	36
ACAGGCCAAGGAGCTT	1	1	0
GGTCCTAATTGTTTAC	221	220	1
ACAATCTTAGGAGCTT	477	474	3
CAAACATTCGATTGAT	62	62	0
TCGCAATCGTACCTTG	448	442	6
CGTTGCCTGCTTTGGC	202	200	2
CCATCGTCTCATGAGG	197	194	3
GAAATACGTAGTGGAC	203	197	6
AGGTAAGCTCGGTACG	105	105	0
CAATTCTCTAGAAATG	439	433	6
CTAACGCCGGATAAAG	144	142	2
TACCTCCCACCCACGA	1	1	0
CTGCTAGAAGCTACGG	3971	3934	37
ATATGGGTACGCCATT	4	3	1
CCATATGACGGCACAT	352	349	3
GCAAACTGGAAGGCTT	186	181	5
AGGTTCCCGGCCCTTA	489	488	1
GAAATACGACTCACCG	268	261	7
ATCGTAACGGCCTAAG	572	560	12
ACGGGTTATATTGCCT	197	195	2
ACGCTTAATTAGGACC	451	447	4
CAAGGGTTTTGGATCG	294	291	3
GGGTCATTGTTGCACG	1	1	0
CCGGAAATTTGCACGC	438	430	8
ACCACAGATTGATTCT	146	145	1
CATTCGGGCCGTGTTT	197	194	3
TCATAGCTTGAGGTCT	169	166	3
GAAGATATCCCATCTG	437	425	12
CAGGTTGCGCACCTCT	171	170	1
GAAGATATTATTGCCT	201	199	2
TGCACCAGCGCTCTCA	4956	4908	48
TACGTTCGGTTGTCAT	582	568	14
GTTACTAGTTGAGGGT	79	77	2
TCTGATTTTTAAGCGT	186	182	4
GGAGGTTTTGTCTTTC	1098	1084	14
CTAGCACGTGGAGGAG	2797	2712	85
CCGTCTTACTTACTCC	238	236	2
ATAGATGTAGAGGTGG	178	177	1
GGATTGTTTGTAAAGG	271	268	3
ATTCTGAGCCCTTGGT	135	132	3
GCACTCAGTAACTACT	4	4	0
ACGGGTTAGATTTACC	271	267	4
GAAATACGCTTACTCC	220	217	3
TCCCTGGACGAATAAT	133	127	6
CCTTTGTCTCTGCATC	258	256	2
GGACTGGATGGTATGA	214	214	0
GGTTAGGGACCTTGCC	530	525	5
CCCTCTTGGTAACGTT	240	235	5
CGAAGAAGCGTGGATA	12	12	0
AGGGTAAAGTTACCGC	306	303	3
TAGGCTTTATATCTTC	4172	4121	51
GATGTGGCGGAGAAGC	216	213	3
TAGCCACACCCGAATG	1	1	0
AAGGCGCTAGGTTGTG	34	34	0
CCATCCACATATGCAT	76	75	1
AGGTATATCACAAGGC	139	139	0
AACAAATGATCCGCTA	222	222	0
ACCCATGCTGCTCCGT	92	92	0
GAAGATATGTTGCACG	323	320	3
GAGTGTACCTGTTCTT	304	298	6
CGATCCAAGGGAGGTA	253	250	3
CGAACCGAACACTAAG	223	218	5
GCCTTGTGGCAGCATG	1350	1325	25
CGACATTTGAATACGC	355	352	3
ACGGGTTAGGCTACTA	334	328	6
AAGCCTTCCTGCGTTG	201	199	2
AGTTGAACGAATACGC	206	204	2
AGGACACACTTTCTTT	468	462	6
GATTTCCCCGCCTTGA	154	148	6
GCGCTGATCTCAGAAT	221	219	2
ACGGGTTAGCAAGGAC	297	294	3
CTCTATAGGGGTTGGT	283	278	5
CGTACCGAGGACTTCC	327	324	3
AGAATCAACCTATTCA	252	249	3
AAGAACAGTTCGCTGG	753	735	18
ATATGGGTCTACTTGT	4477	4454	23
AAAGCCCGGAAAGACC	303	300	3
TAGCGGATTTCGGCCT	432	422	10
AGAAACCACTGTCTGG	3	1	2
TCGTTCCCGGGAACGA	176	175	1
AAGGGACCAGAGACTA	194	188	6
CTGGGTATCGATTGAT	234	231	3
AGTCCGTGGGGAACGA	452	445	7
TAGCGGATTTATCTGT	1	1	0
TGAGAGCGCAGATTAC	196	191	5
ACGGAGCAGCGTTGCT	230	229	1
AAACGATCCCTATTCA	426	417	9
TAATCCATTAGTGGAC	385	380	5
ATGGTCTGTTCCGAGT	274	267	7
CCACCTCTCGGCTTAC	237	232	5
CCGACTTTACTGCCGT	265	257	8
AGGCAATAAACACACG	102	102	0
GGTTACACAAACTGGT	350	346	4
AGCATGCCGAGTTTCG	1	1	0
TGACGTCGAAACAGGG	217	216	1
CGAACCGACCATTACT	584	580	4
AGCTCCACACTTCAAT	267	263	4
AAGTCCAAGTAATCCC	706	698	8
AAGGGACCCTTTCTTT	193	191	2
ACGACGACGCCACATC	1190	1165	25
TAATGTGGCATTTGTT	483	477	6
AACAGAACTTTGTGTC	722	716	6
ATACACCCGGGAAGGT	7522	7458	64
ATCCCACCCGGGCTTT	2080	2044	36
TCGGTCATCACAAGGC	338	332	6
CTACGGGACTTGGTGT	174	170	4
CCGAGATCCCCATCTG	251	242	9
CAATTCTCACCACGCT	403	398	5
AAGTCCAAACGGTAGC	97	97	0
GTCTAATCAGAACGGG	281	278	3
GTCCGTCATCCCGTAG	298	296	2
ACATCTCGAAACTCGA	8512	8365	147
GCGTGCAAGGAGAAGC	177	176	1
GGAGGTTTGCAACCTG	511	503	8
TCCTATATCAGGTGTC	380	367	13
ATTATTCGTGGCTACC	42	42	0
GAGGGTCATAGCTTAT	401	396	5
ACTAGAGCGATCGTTT	559	504	55
ACTGGTCAGAAGCACT	222	219	3
CAAGGTACGGTCTGAC	2342	2301	41
AAACAAACTCGACGGT	476	471	5
AAACGTGATTGGACTT	209	206	3
GATGGTTAGCACCTCT	185	182	3
GCGCTGATCGGCACAT	19	19	0
AGAAGCTTTTCCGCTC	567	558	9
ACTGGTCAAACAATCC	365	362	3
TCCAGAAGTCGGTTTA	429	424	5
GATTAAAGACGCCATT	232	229	3
CTTTATCCCTGGTGCA	193	186	7
TAATCCATAGGTTGTG	0	0	0
CAGATGGGCGCTAATA	201	199	2
CAACGCAGTTATAGCC	266	260	6
AGTAATGGTAAGACGG	229	227	2
TCGAGTTTATGGGCAC	127	126	1
AGGAGTCGTCGACACC	154	151	3
CTAGTAGGAATTCCCA	433	428	5
CTGTTGTGAAATCGTT	501	494	7
GTTGTCCGATGACCGA	414	411	3
GCCAAAGCAAACTGGT	808	799	9
GGTTGAGAAGCGAAGT	584	575	9
AAAGAAAGGAACGATT	181	179	2
AGGAGTCGTGCCTCAC	600	590	10
ACTTCGCTTCTGCATC	191	188	3
CTGCTAGAGCCAAGAT	196	193	3
AGGACACACCTACTAG	903	889	14
ACAAAGATGTTTACGT	778	776	2
CACAACCTGGGTGTAT	1	1	0
AGCTCCACGTCGTCGT	242	238	4
CAATCTAGGAGTTCAC	570	565	5
AATCGTTCGAGTTTCG	8	8	0
TGTTATCATCCCAATC	297	291	6
TCATTTCAGTCAAAGA	153	151	2
AGCGTGGTATATACCT	179	175	4
AAAGAAAGTTGTCGCC	2	2	0
CCCGTAAGTGTACACG	53	53	0
AAACACGGATCAGCGC	260	255	5
ACAAGTAGGTCAATAC	35	34	1
CCGACTTTCTCCGCAT	1	1	0
GAGTGTACATGACTTT	131	127	4
AATATGACCTTACGGG	680	667	13
GCTCGTAGTCCCTGAT	134	129	5
ATCCCACCGAGTTTCG	1	1	0
ACACCAAGGGGAAGGT	184	181	3
TGGTTAACCTGAGTGC	442	436	6
ACTAATTGGAAGGCTT	154	154	0
CTCGGTGACACAGTTT	862	855	7
CTGAAGGGTGGCCTGT	3745	3699	46
CAGTTTAAAGCGCCTT	269	265	4
ACCACAGAAGGAAGAC	10	9	1
CTGTTAAACGCTAATA	577	565	12
GTGAACTCAGGAGCTT	3717	3678	39
ACCACAGAAGAACGGG	918	908	10
CCCGTAAGTTATCTGT	3	3	0
GGTCCTAACAAGTCAT	225	220	5
ATCGTAACCTGCGTTG	250	249	1
CAATCTAGCACTCCTC	136	135	1
GAATGCGCTGATGCCC	447	444	3
GTCTGGAAACTCACCG	427	421	6
AAGGCGCTCGTACCTA	494	489	5
TGAATAGGACATCTAT	176	176	0
ATCAATCGGATCTCGG	494	486	8
AAACTGTGGGTTTCTC	346	343	3
GTCAGACCTAGTGTTT	122	122	0
AAGGATGACTAGATTG	125	125	0
AACGATTTGGGTTGGT	49	49	0
CATGACGACGCTCTCA	168	166	2
TCTAAACTGGGCCAAT	418	409	9
TGACGTCGTGTACACG	429	425	4
AATCGAAGTCGGTACG	1	1	0
TGCTTGGGCTTAGGTA	2223	2193	30
AAAGAGGCTCTGCATC	276	268	8
AGAAACCAGGGAAGGT	1	1	0
ATAAGCTATCATGAGG	56	54	2
TATCCACGGAGCCCAT	204	194	10
TATCCACGAACCTGAC	242	237	5
CGTTTCGTAGCGAAGT	64	64	0
GTCAAGAGGCAAAGCC	273	269	4
CCGACTTTTGACCAGT	2	2	0
CATGCTGCTTATCTGT	389	378	11
AAGTCGGGATCCCACG	206	197	9
TAAGGGCCTCCAGGGA	167	165	2
AATACATCTCGGTACG	153	151	2
AATATGACGTTCTGTT	289	287	2
ACAAGTAGGGGTGTAT	245	238	7
ATGCGGAGTCTGTGGT	148	146	2
AGGACACATGTGCTCA	254	251	3
AAGTGAGAGAAAGACC	2	2	0
CAGTTTAATAGCTTAT	406	404	2
CTGTTTCCCTTAGGTA	1	1	0
ATCGTAACCTTTCTTT	279	279	0
CTCAAACAGTATGAGT	202	200	2
GTTACTAGGTCTCTCT	181	179	2
GAGGGTCATGCGTATC	105	105	0
GGCACTTCAACTTAGC	164	163	1
CTGGAACAACAGCGGA	231	227	4
TAAGGGCCTGACCAGT	508	502	6
CATTTCTAGGCTACTA	844	828	16
CACAACCTTAGTCGCA	3	3	0
AGACGAGGCCTATTCA	204	199	5
ACGGGTTACGAATAAT	234	233	1
TACCTCCCAAAGTCGG	1	1	0
CCCTGTTTCTTTCTTT	197	195	2
TCGGTCATAAACGCCT	255	249	6
AATCGTTCTGTACACG	267	265	2
AAGAGTATCTGTCTGG	610	600	10
AACTCAGTTTGATTCT	192	190	2
ACCAACCCGTTCTGTT	176	174	2
ATTTGTTGGTTACCGC	192	190	2
TGGAAAGCCTCTTGAC	1	1	0
CGTGGGATACGTATAC	210	208	2
CTGCGATGTGATGCCC	108	104	4
AGCAACGCGACGATGG	8	8	0
AAACACTAGCCGGATT	367	363	4
ATGGTCTGTTCCAGAC	293	291	2
AGGAGTCGCACAGTTT	54	52	2
ATCTTGGCCACGGACT	189	186	3
ACGACGACGTACCTTG	240	236	4
CCATCCACTGCTCCGT	439	429	10
AAATTCCGATGTTGGC	332	328	4
ACGTAAACCATCTCCC	288	284	4
AATCCGGCCGCTAATA	12	11	1
CGTTGCCTGTATGAGT	225	222	3
GAGAAACCGGCTACTA	626	620	6
AACGATTTTTGTGACT	238	236	2
CCAGACAGAACAATCC	165	164	1
AGGCAATATGACCCTC	122	122	0
TCCAGAAGGAGAATTG	889	871	18
ATAACAGGCCCGACTT	180	178	2
ACCCGATTTGGTATGA	1	1	0
CGAAGAAGTAGTGGAC	195	190	5
GCCAACATGGGAAGGT	249	246	3
CTGTTGTGCTTGGTGT	943	916	27
ATTGGCCCGGGTGTAT	1	1	0
TGAATCCTCGATTGAT	344	340	4
ATCAATCGTCATCCTT	1904	1872	32
CAGTTTAAAGGTTGTG	183	180	3
GAATCCCAGTCAAAGA	1573	1563	10
CCATGCATTTTAACAG	162	162	0
GCGCTGATTTCGTTCC	46	45	1
GATTAAAGCCCTAACC	175	173	2
CTAGACTAAGACACCA	218	215	3
CACTAACCCTTCAGGT	602	594	8
ACCACAGACAAGTCAT	183	178	5
ACAAAGATATCAGCGC	243	240	3
TAAACCGAGGGTTGGT	407	406	1
GGCAAGGTTTGTGACT	170	168	2
CACTTGATTAGTGGAC	6	5	1
CCCTGTTTTTGGACTT	425	414	11
GCCAAAGCGATTGCGA	476	466	10
GTAAACAATTTAACAG	301	297	4
TCATAGCTCTTCTGGA	270	268	2
GGAGGTTTAAGCGTAC	248	244	4
CAAGGTACCCCAAGCA	553	543	10
ACTAGAGCTGTGTCCT	254	249	5
CTGGGTATCCTGTTAT	211	206	5
AGTTTGTAACCACGCT	55	55	0
GGGTCTAGTTAAACTG	336	326	10
ACAAAGATGCCTCTTT	503	498	5
AACGCCAAGAGAATTG	1615	1595	20
ATTATTCGGGGAACGA	183	183	0
AATACATCGCTTTCCA	219	218	1
TGGAAAGCTGTGCTCA	235	232	3
CCCGTAAGCCAACCGT	103	103	0
AGACGAGGTTAGGACC	217	214	3
CGTGTACACTCCGCAT	191	191	0
GGTGTCGAGGACTTCC	329	327	2
TCTGATTTGCACCTCT	139	138	1
AATGTATGGTTCTGTT	330	327	3
GGTGTCGAGCAAAGCC	330	327	3
AGCTTCGATTCGGCCT	459	456	3
ACGGTTGGGCCACATC	223	222	1
TCAAATGGGATGTATT	158	155	3
TCAGCCTCGGCTACTA	193	187	6
AAACTACAGAACGATT	296	292	4
CAGACTCGGGCTACTA	212	205	7
GGCACTTCTCTCAACC	326	317	9
CGAACCGATGCAAGGG	1231	1213	18
AACAGCGGACTGAGTT	661	653	8
GTGCCCATCTTCGATT	221	213	8
GTCTAATCATGCATGG	583	569	14
TAGATCAAAAACAGGG	298	296	2
ATCCCACCAAACTGGT	3595	3553	42
AATAAGGAGTTCTGTT	1	1	0
CTGGAACACAAGTCAT	166	165	1
AAACGTGACCCGAATG	358	355	3
TGACGTCGTTTAACAG	113	111	2
ATCGTAACCTTACGGG	2	2	0
GATTACTTTTAAACTG	134	133	1
GCAAACTGGTTCTGTT	436	432	4
GTGTCAGGTGCTCCGT	711	701	10
CGAAACTCTCCGTCCA	176	175	1
AGTAATGGACCTTCTT	225	221	4
AGAAAGTGTGCCTCAC	108	108	0
CTGAAGGGTTTAACAG	413	409	4
AAACGTGAAACCCTTG	658	646	12
CTGTTGTGTCGACGGT	205	203	2
AAACTACACCCAAGCA	909	900	9
AAGGCGCTGTTGCACG	164	161	3
CAATTCTCCGTAGAAG	340	335	5
AGTGCTTCGCAGTCGA	117	116	1
GTCAGGTTAAGCGTAC	8	8	0
AACAAATGGTACCTTG	79	79	0
AACGTTACACGTATAC	328	322	6
AAACCGCCAAACTGGT	434	429	5
GGGCATCAATACTCTT	233	233	0
ACGTAAACTGCAAGGG	566	557	9
GTCAGACCTGTGCTCA	478	472	6
CATTCGGGCCATTACT	711	703	8
TCCGACACTGGTTTCT	1	1	0
ATGGTCTGCGTATCGG	257	255	2
AGTAATGGGGATAAAG	2189	2174	15
CGAGGCTATTAGGACC	468	466	2
AGAGAGACCATCGCAG	251	249	2
CTGCTAGAAAGGTAAT	147	146	1
GCCAACATTGCGACAG	422	420	2
GTGGTGCTCGGAATTT	117	117	0
TGGTTAACCGAACGTA	185	181	4
AGGCCGAAGTCTCTCT	213	210	3
ACCGTCGATTCACATA	240	239	1
CGTGCAACCTTCTGGA	502	493	9
CACAAGTATGGAGGAG	4	4	0
CTCTATAGTAGTCTAG	135	135	0
ACACCAAGGAAAGACC	193	190	3
TGGACGGATGCCTCAC	2	1	1
AACGTTACCCGCTGTT	113	111	2
CCTATTTAAAAGCCTA	159	159	0
AACGTTACTCTCAACC	1	1	0
AACAGCGGATATACCT	235	233	2
AGTTGAACTGAGGTCT	393	390	3
CTCACATCACGGTAGC	227	223	4
GGACTGGAAGCACCAC	204	202	2
CCGATACGCTGTCTGG	112	109	3
CGATCCAACAATACTT	1	1	0
GGAACGAAATGGAAAT	81	78	3
TAGATCAATAAGACGG	226	222	4
TCATTTCACTGAGTGC	98	97	1
GAAAGACATCCTTATT	125	124	1
CGTGTACATCATGAGG	186	184	2
GGAGGTTTCTGAGTGC	106	104	2
CAATTCTCCGTCAGCA	263	261	2
AAGTTGTCACCTTGCC	578	573	5
ACGACGACCACTTTCT	315	314	1
GGAACGAATGCGACAG	0	0	0
AACTCAGTTTATAGCC	183	181	2
ACACCAAGCAGATTAC	290	284	6
ACCTGAAGAACACACG	242	237	5
CCATATGACCCTTCAG	426	418	8
TGCGACTATCTCACTT	190	188	2
AACGGTAGGGGTGTAT	1	1	0
GTAAGCCGACGCAGAG	1	1	0
GCGTATTCCTTACGGG	754	740	14
ACTCGGAATGCGACAG	217	212	5
CAGTTTAAGCAGCATG	487	477	10
CCGATACGGGGTGTAT	1	1	0
TAATCCATTAAGACGG	484	477	7
AAGAACAGCTAGATTG	208	202	6
GACTAGCGAGCTACGG	67	67	0
TGGACGGAGGGTGTAT	1438	1423	15
GGCACTTCACTGAGTT	209	207	2
AAGTTGTCCGGACAAC	448	443	5
TGCGACTAATACTCTT	165	163	2
TGACGTCGCGCCTTGA	586	581	5
AACGCCAAGATCTCGG	121	120	1
AAGCCTTCACCCACGA	172	171	1
GGGTCATTATGGATTA	211	207	4
CCGAGATCGTTGCACG	0	0	0
TCATACCAGTTGTCAT	151	150	1
AACGTTACCTGCGTTG	536	527	9
AATCGAAGTTGAGGGT	202	200	2
CGTTGCCTTCCTTATT	140	139	1
CAACGCAGTGTGGCTA	113	111	2
GTCCACTATTTAACAG	208	207	1
AAACACGGACTAGCCA	397	395	2
AACGGTAGGCCAAGAT	253	248	5
CGTGGGATTACAAACT	348	347	1
AGTAGTTATAGCCTCG	1	0	1
CGTGTGTTTGGCCTGT	241	240	1
GTACGGACCTTACGGG	220	218	2
TCGTTCCCCGTGCTAG	253	248	5
GTCAGACCTAACCATC	4122	4064	58
AGCTCCACAGGATTCA	250	249	1
ACTACCCGAAACTCGA	255	247	8
CCATGCATGACAGATA	172	166	6
CGATCCAAGCCGGATT	365	360	5
GTGTCACCACTGCCGT	604	601	3
ACTCATACAGGAAGAC	172	166	6
CACAACCTACCTTCTT	329	324	5
GGACTGGACTTCTGGA	1	1	0
AACAGAACGTAACGTT	343	340	3
AAATTCCGCATTTGTT	204	199	5
GTATACGTGCTTTCCA	384	382	2
ACAGATAAGACAACTT	260	256	4
GTCAGGTTGTTAACCA	1	1	0
ACATGGACTTGCATAT	287	286	1
GGGATTACGTTCTGTT	502	496	6
AACAGCGGATGGATTA	164	162	2
AACGATTTGCTTTCCA	301	297	4
AAGGCGCTTCCCTGAT	254	250	4
CAGTTTAATGAGGTCT	327	326	1
AGTAATGGTTCCAGAC	18	18	0
TACCGCTCACGGTAGC	1	0	1
ATAGATGTAGCTACGG	206	203	3
CTAACGCCAGATGGCT	362	358	4
GGGAGATGATGGATTA	396	388	8
GATTACTTAGACACCA	313	308	5
CACTAACCACCCATAT	239	235	4
CCGGAAATAGAAGTCC	508	497	11
AGCCATCTCCCATAGC	28	28	0
CTCGGTGATTAAACTG	158	155	3
CCGACTTTGGTCACAG	477	471	6
TACCCTGCCTCCGCAT	99	99	0
ACAAAGATTGTACACG	105	105	0
CATTCGGGAAACTCGA	144	142	2
CGATGGCAGGTCTGAC	33	33	0
ACGAATTCAGGTTGTG	2	2	0
GTGAGGCAGTTACGAT	167	166	1
ATATGGGTAAACGCCT	119	117	2
AGGCAATAATACCCAG	467	465	2
CATTCATTTTGAGGGT	238	235	3
AGTTTGTATAGAAATG	163	163	0
AGTCACAAAAAGCCTA	181	177	4
ACGCTTAACTTCGATT	449	441	8
AAGTCCAAGTTGTCAT	1152	1144	8
ATAGATGTTGCCTCAC	66	66	0
GTAATCTGTCGACACC	204	197	7
AGCATGCCGGCGGTTT	2	2	0
TATCTGTCGAGTTTCG	205	203	2
CATGCTGCACCACGCT	125	124	1
ATACACCCATTCAGTA	41	39	2
CCCGTTCTACTCACCG	52	51	1
AGAGGTGCTTAGTCCG	170	170	0
AAAGAAAGACCTTGCC	660	651	9
AATCGAAGATTCCTTG	242	235	7
CAATTCTCTAAATAGG	355	350	5
ACCACAGACTTTAATC	444	440	4
ACCTGAAGATACTCTT	1	1	0
GGCTATAATAGTGGAC	51	49	2
CGTTGCCTAGGTTGTG	1	1	0
GACACAAATGAGGTCT	220	216	4
TATCCACGGAACGATT	26	26	0
CAGGTTGCTCTCACTT	4	3	1
AACAAATGAGCGAAGT	447	440	7
GACACCTGAGGCAGTT	390	382	8
GAAGATATCGTACCTA	238	237	1
CACTAACCACTAGGAT	211	209	2
GGCACTTCACCACGCT	320	315	5
CATTCATTAGGTTGTG	1	1	0
ACTCATACTGCAAGGG	739	730	9
CACAAGTATTGATCTA	242	240	2
GGCTTTGCATGAAGCA	95	87	8
GGGATTACTGTTCCAG	505	501	4
CTCCCAAATTATCTGT	765	747	18
CGGCTGTAAATGACCC	202	201	1
AGCCATCTTAACCCGT	232	231	1
ATTATTCGTCTCACTT	263	260	3
CATTCATTCGAATAAT	3071	3034	37
GTCCGTCATGCAAGGG	269	269	0
GCGTATTCGCACCTCT	266	261	5
AGTCCGTGCTAGATTG	276	272	4
AAACGTGAGCATGGGT	461	459	2
CACAACCTAGTGATGC	449	445	4
GAGAAACCGATTTACC	160	159	1
TGGCTAGTTTCCAGAC	72	72	0
AATCGAAGTTCCAGAC	223	221	2
GCGTGCAAGTCCAAAG	232	231	1
CACAAGTAGGCCTAAG	473	468	5
GTAATCTGCCCATCTG	245	243	2
AACAGAACCTTAGGTA	245	235	10
ACGGCAGTACCTTCTT	498	492	6
GGCTATAAACGAAACG	520	515	5
CCCGTAAGTGCAAGGG	159	159	0
AGTCACAATTCGTTCC	207	202	5
CCTCATGACACTCCTC	183	177	6
CTGTCGCAACGCCATT	228	226	2
ACGAATTCCTTTAATC	286	284	2
TAGCCACATTATCTGT	58	56	2
GTGCGAAGGTCCATGT	292	285	7
CAAGGTACAAAGCCTA	56	55	1
TCTAAACTGCAAAGCC	0	0	0
GATTGGGACGTCAGCA	239	237	2
AAGGATGAAGGATTCA	437	427	10
TGAATAGGGGGTGTAT	2	2	0
TGGCTAGTTGGAGGAG	101	99	2
TAGCGGATTAACTACT	216	216	0
CTGCTAGACGCTCTCA	260	257	3
ACGGGTTAACTCACCG	249	243	6
AGGGTAAACTCCGCAT	382	382	0
GTCAGGTTGAGTTTCG	233	229	4
AGCCATCTCCTACTAG	997	990	7
ATGACTTGAGCGAAGT	232	229	3
AGCGTGGTGAGCCCAT	410	403	7
AAACACGGCCATTACT	759	747	12
AATGGCGTGTCCATGT	668	659	9
ATCCCACCAAATCAGA	325	323	2
TACCGCTCCGGGCTTT	77	76	1
GTGAGGCATAACCCGT	149	148	1
CAATCTAGGCAGCATG	105	104	1
CGACATTTGTACCTTG	1	1	0
CAAGGTACCCCTTGGT	422	412	10
AAGAACAGCCGCTGTT	176	175	1
ATTTCCATTCGAAGCT	285	283	2
GGTTAGGGGTCCATGT	480	473	7
GCGCTGATCGTGGATA	355	350	5
AACTGCCTCAGTCCCT	698	693	5
TCTATTCCATGAAGCA	28	26	2
AATATGACCGGCACAT	91	88	3
AAACTGTGGCAACCTG	223	222	1
ACTCGGAAAGCGAAGT	252	249	3
ACGTAAACCAGATTAC	211	210	1
GTCAGGTTACCCATAT	476	472	4
GACTAGCGTTGATCTA	367	363	4
CGAGGCTAGAATTCGT	904	890	14
AAACACTACTGAGTGC	699	684	15
ATCCTAGTAGAACGGG	333	331	2
CTGTGACCGGTGACAC	126	125	1
TACCCTGCGAAGTGCC	242	240	2
CCATATGACTTACGGG	272	269	3
GGCCCAATTGAGGTCT	186	184	2
TAATGTGGCAAGTCAT	894	877	17
GAAAGACATTTGGGAG	665	657	8
AACAAATGACTCACCG	290	285	5
CCCGTTCTCTGCGTTG	413	407	6
GTTCTGCTCTTAGGTA	197	194	3
AAGAACAGTTATAGCC	481	475	6
AGGCCGAAGTAATCCC	232	231	1
GTATTGACAGAACGGG	213	211	2
CTGCGATGTGTAGTTT	14	14	0
ACGGTTGGATATCTTC	169	164	5
GGTAGCCAGGCCCTTA	144	142	2
AAGTATTGATCCCACG	186	185	1
ACGACGACTTGTGACT	349	343	6
GGTTAGGGACTGCCGT	496	487	9
AGTAATGGCAACAAAT	546	537	9
TGCTTGGGACTTCAAT	278	278	0
GCATCGAGTAACTACT	236	233	3
TCGAGTTTTGCAAGGG	208	205	3
CGTTTCGTGATCTCGG	1	0	1
AAATAGCACTTACGGG	439	434	5
ACCTTCCCAGAGACTA	398	390	8
AACTCAGTCATCGCAG	1	1	0
GTGGTGCTCCGCTGTT	132	131	1
AACGGTAGGTTACCGC	233	231	2
AGCGTGGTCAACAAAT	196	195	1
TCGGTCATCTGGTGCA	152	149	3
GCCAAAGCGGACTTCC	71	71	0
GCGCTGATCTTACGGG	685	679	6
AGCATGCCGGCGTTAG	276	272	4
CACTAACCATCAGCGC	104	98	6
CTAACGCCTGCTCCGT	391	383	8
AGTCACAACGCTAATA	286	282	4
GTCCACTATGCGACAG	252	248	4
CGAGGCTACGTGCTAG	385	379	6
ATCGTAACGGGAGGTA	362	357	5
CACAAGTAGAATTCGT	341	338	3
GATTGGGACTGAGTGC	110	109	1
AAGGGACCGGATAAAG	362	360	2
ACAGGCCACGTGGATA	171	166	5
CGGTGAGTACCACGCT	304	303	1
GGGATTACAGCGCCTT	1	0	1
AAAGTCATTTGGATCG	360	357	3
CCATGCATAAGCGTAC	451	446	5
GAATGCGCGAGCGGTA	300	296	4
GGTCCTAATTTGGGAG	237	236	1
CCATGCATAACTTAGC	223	221	2
GCACTCAGAATGAATG	563	556	7
ACCCTCAACTCCGCAT	325	319	6
TGCACCAGGAAAGACC	1	1	0
GCTAAGTTCGAGTCTG	217	213	4
GATGGTTAAATGAATG	216	214	2
AAGTCGGGCCAGCAGT	1088	1081	7
AAGTCCAAATGGAAAT	496	0	496
CATGACGACCCTTGGT	195	193	2
ACTTCGCTTAAATAGG	786	777	9
GTGATAAATTGCATAT	101	101	0
TCGACTGCTTGTCGCC	354	345	9
GGCGACAAAGCGAAGT	3	2	1
ATACTCTCCTGCGTTG	450	446	4
CTGGGTATAAACAGGG	191	191	0
AGCCATCTCGAATAAT	229	226	3
ATAACAGGCCTGACAC	152	150	2
TGTTATCAGAGAGTAT	374	372	2
CGAAGAAGCAATACTT	202	192	10
ACCGTCGAAAGCGTAC	549	538	11
AAGGGACCATATGCAT	303	300	3
AAGTGAGAGTCCATGT	31	30	1
CCGAGATCCCAGCAGT	368	362	6
ACCAACCCTTGAGGGT	352	346	6
GATTTCCCAGGAGCTT	1	1	0
TAGCGGATGGGAAATC	482	475	7
GCGCTGATGCATGGGT	1008	991	17
GCCAACATTCACGTTT	291	283	8
CCATCCACCACAAGGC	225	219	6
GCTAAGTTGAGTTCAC	210	209	1
AATGTATGAGAGGTGG	553	542	11
AGAAAGTGCTTCTTCG	624	617	7
GGTTGAGATTGATTCT	720	710	10
CCACCTCTGTTCAACT	142	139	3
CAGGTTGCTAACTACT	4	4	0
TCATACCATCTGTGGT	310	304	6
CGATCCAATGTGGCTA	494	489	5
CCGATACGGAAGTGCC	286	261	25
CGGTGAGTCTTTAATC	104	104	0
CCCTGTTTCACAAGGC	179	177	2
CCGTCTTAGATGTGAG	409	399	10
CAGATGGGAGCGCGAT	288	279	9
TGGGAATTGGGTGTAT	3	3	0
GTCTGGAATTATCTGT	251	249	2
AAATAGCATTTAACAG	150	148	2
AGAAAGTGAGCTATGA	464	459	5
GCGTGCAAACGCTCAG	301	300	1
ACGACGACCATACATT	648	643	5
CTTTCACTCGGCTTAC	224	217	7
TATCTGTCCTTCGATT	475	469	6
GACTAGCGTTGTGACT	394	387	7
AATGGCGTTCACGTTT	615	607	8
AAATAGCACGGACAAC	427	420	7
GTCTGGAACCGTGTTT	489	478	11
GGATTGTTAGCGCGAT	295	291	4
AATAAGGAGAGTTTCG	720	709	11
TCATTTCAGCAGCATG	219	216	3
TAATCCATGTAACGTT	175	169	6
GCGTATTCAAATGTCG	240	237	3
GATTACTTATCAAGTG	1	1	0
CAATCTAGGCAACCTG	1	1	0
ATAGATGTTTGAGGGT	237	236	1
GTCCACTATCATGAGG	336	333	3
CAACGCAGCTACTTGT	103	102	1
TACCTCCCGGGAGGTA	542	533	9
GTGGTGCTTAGTGTTT	194	192	2
AAGTCCAAAGCGTAGG	202	199	3
AGCATGCCGCCACATC	146	145	1
CCTTTGTCTACCGGCA	454	447	7
ATACTCTCTTGGATCG	371	368	3
CCGACTTTTCTAGCAG	1	1	0
TCATACCACTGCGTTG	366	358	8
TGTTATCAGGGAACCT	1	1	0
AAGAACAGGGGTGTAT	1	1	0
GGTAAATCCGTCAGCA	81	81	0
GATGTGGCAATCGGGT	258	253	5
CTGCGATGCTGAGTGC	166	164	2
AAACACTATACAAACT	223	220	3
CTGTTGTGGCGCATTC	588	582	6
CATTCGGGGTTAACCA	521	513	8
CGTTTCGTGCCACATC	190	188	2
ACTGCTGGTACCGGCA	410	403	7
AAACACTACTAGATTG	441	434	7
AAACTGTGTGACGGAC	237	234	3
GGTAGCCACCCTTCAG	237	228	9
AGGACACAGGCGGTTT	1	1	0
GCACTCAGAGATGGCT	315	312	3
GGTAAATCCCTGTTAT	292	285	7
TGGTTAACGAGTTTCG	1	1	0
ATGACAACTCACGTTT	317	312	5
CGACATTTGCAAGGAC	292	290	2
ACGTAAACCTCAGAAT	474	467	7
TATCTGTCGCTTTGGC	173	170	3
TCCGACACAGCGTAGG	9	9	0
AATAAGGATGACCCTC	244	242	2
TAATCCATCGGCTTAC	181	181	0
TCGTTCCCGGTCTGAC	98	98	0
ATCCTAGTTGAGGTCT	382	376	6
TCATACCACATTTGTT	181	179	2
GTCTGGAAATGGGCAC	170	168	2
CCCTCTTGCTTAGGTA	323	319	4
AAGTGAGAATGCGGAT	135	134	1
ATGACTTGTCCTTATT	109	108	1
TGGTGTCTAGCGCGAT	587	581	6
AGCTCCACACGGTAGC	175	172	3
CTGCTAGAGTACCTTG	455	452	3
GAGGAGTGCCCGAATG	1195	1184	11
ATGACTTGTGTTCCAG	170	167	3
AATACATCTTCGCTGG	447	437	10
ACCCTCAATTCGTTCC	10	10	0
CTTTATCCTCCGTCCA	169	169	0
GGAACGAACCACATTA	389	388	1
CTCACATCTAACTACT	213	212	1
CTCCTCCATGGGATTC	65	65	0
TGCTGACGGTTACGAT	59	56	3
CAGGTTGCCAATTAGT	245	241	4
AACGGTAGAGAGACTA	185	183	2
AGAATCAAGCAGTCGA	183	181	2
GTACGCTTCGAATAAT	691	689	2
CTGTTGTGGGGAGGTA	1	1	0
CCTATTTATGTGCTCA	595	584	11
CAGGTTGCATACTCTT	278	273	5
ACGGCAGTTTGAGGGT	340	337	3
CCTTTGTCCCACATTA	182	178	4
GGCAAGGTAAGCTTCT	469	462	7
TAACTTCTCGCTCTCA	246	243	3
GAGGGTCAAGATGGCT	178	174	4
GGGTCTAGACGAAACG	200	197	3
GGAGGTTTCGGAATTT	287	284	3
ACTAGAGCTGGTTTCT	193	192	1
ATATGGGTTGTAAAGG	80	80	0
ACCCTCAATGACGGAC	198	196	2
GTCTTCCTCTTGGTGT	102	100	2
CGATGGCACACTTTCT	177	170	7
AGTTGAACCGGGTAGT	130	129	1
ACGACGACGCTCTAGT	875	864	11
ACCAGTTTAACCTGAC	379	374	5
CAGTTTAATAGTGGAC	527	516	11
GGCAAGGTGACAACTT	225	220	5
GTGAACTCCGGAATTT	1	1	0
CGATCCAATTGATTCT	23	23	0
GTCTGGAAGTAATCCC	165	164	1
AGGGTAAATCGAAGCT	448	442	6
CCCGTAAGAAACAGGG	297	293	4
GATTTCCCCGTCAGCA	512	507	5
TGGCTAGTGAGTTTCG	336	333	3
GTCTGGAACCCTAACC	157	154	3
AAACTACAGAAGTGCC	466	455	11
ATCGCGCTCCTGACAC	232	229	3
TACCGCTCGTTTACGT	145	140	5
CTGAGCGTGCCTCTTT	8	8	0
ACTGCTGGCACAACAG	502	498	4
AGGCGTTTTCCCGTAG	876	865	11
CTTTCACTCGTGCTAG	8	8	0
TAATGTGGGATCGTTT	176	171	5
TCCCTGGAACCTTCTT	270	267	3
CAATCTAGTGTAGTTT	182	181	1
CCAGCGAATTGTCGCC	1	1	0
GGGTCTAGTGATAACA	1	1	0
TGCGACTATGTGTCCT	585	575	10
TGAGCACAAAACTGGT	224	223	1
ACCAACCCCGGGCTTT	327	327	0
ACTGGTCAGGACTTCC	1	1	0
AGAGGTGCAGCTATGA	221	220	1
GGTCTTTCACGCAGAG	231	229	2
AAGAAGGTGAAGTGCC	238	231	7
ACGGGTTAGAAAGACC	217	213	4
CTGCGATGCCTACTAG	23	23	0
CCGAGATCACGAAACG	532	526	6
GACACCTGTGTCTTTC	400	393	7
TATCTGTCATATAGGA	386	384	2
GACACAAACTTGGTGT	388	377	11
AGGACACAATATACCT	291	286	5
AAACAAACGGCTACTA	262	259	3
ACGTAAACGCAAGGAC	224	217	7
ACGACGACTAACCATC	241	239	2
AAGAACAGCAGTCCCT	320	316	4
TGCCGGTAGAAAGACC	217	215	2
GTGTCACCGGGCCAAT	4	3	1
GGCGACAAGTTTACGT	838	828	10
CTGGAACACTGCGTTG	218	215	3
ACGAATTCCGTAGAAG	221	216	5
GTAAGCCGGTAACGTT	178	175	3
CAGGTTGCCCCGACTT	8	7	1
GCTATGGGATTCAGTA	890	880	10
ATGACAACCGTCAGCA	1887	1859	28
CCTATTTAGGCGTTAG	54	53	1
CGTGGGATGCCACATC	92	91	1
GGTTACACGCTCTAGT	196	194	2
GAGCGGAATTAGTCCG	7	6	1
GTTCTGCTCTTACGGG	408	399	9
TCATACCATCCGTCCA	1	1	0
AAACTACAGGGAAGGT	7	6	1
ACGGTTGGTTATCTGT	833	829	4
CTTTATCCCTTAGGTA	194	190	4
AGCTCCACAGCGTAGG	540	527	13
ACGCTTAACTGTCTGG	119	118	1
CGTTTCGTGTATGAGT	775	758	17
CCTATTTAAAACTCGA	236	232	4
AGACGAGGTGCTCCGT	2671	2643	28
ACTGCTGGATATGCAT	465	464	1
GTGTCACCTAAATAGG	4	4	0
ACTCGGAAACTGCCGT	228	225	3
AGAGGTGCTGCGTATC	81	81	0
AGTAATGGTAACCATC	297	293	4
AAAGTCATAGAACGGG	209	208	1
TGAGAGCGTCGGTTCG	59	56	3
CTTTCACTGCTTACCT	224	218	6
AAAGAAAGAGCGCGAT	1	1	0
ATCCGCATGGTGGGAT	219	210	9
CAGATGGGTAACTACT	306	296	10
AGTCCGTGGGATAAAG	1	1	0
AGCACGTACCCGAATG	576	567	9
ATGTGCCGTACCAGGC	191	187	4
ATCGTAACCGGGCTTT	5	4	1
AGTCCGTGTCGGTTTA	154	154	0
ACTACCCGTACGTGCT	41	37	4
ACCTGAAGTGCGACAG	311	307	4
TGACGTCGAGCGTAGG	1	1	0
CCGACTTTGAATTCGT	581	575	6
GATACGCATAGAAATG	161	157	4
ATGCATATAGAACGGG	657	642	15
AACTGCCTGGGAAGGT	324	319	5
GTCAGGTTTCCTTATT	2	2	0
AAAGAGGCGAGAATTG	175	171	4
GGCGACAACTTACGGG	233	229	4
TCTATTCCTACAAACT	186	184	2
CACTTGATTACAAACT	173	170	3
CTCCTCCAGTGTCGGA	121	121	0
GGGAGATGTGCGACAG	579	564	15
AGCAACGCATTGGGCC	467	465	2
TCGAGTTTATGCGGAT	1	1	0
GTGTCAGGTTGATCTA	409	404	5
CGATGGCACTTACGGG	233	231	2
CAAGGGTTTGTGCTCA	266	259	7
GTGAGGCAGGTCTGAC	42	42	0
TGCGACTAACTGAGTT	187	187	0
GATTACTTTATTGCCT	565	557	8
CGATCCAAAAGGTAAT	266	263	3
ACGGGTTACAGACCAT	178	175	3
CGTGTGTTAAGCTTCT	1	1	0
GATTAAAGGTTGTCAT	76	76	0
CAATTCTCGAAGCACT	432	428	4
GGGCATCAGACAAAGG	529	521	8
AGAATCAATAGTCGCA	1245	1211	34
AACTGCCTTTGCACGC	247	243	4
CTTTCACTATACCCAG	237	234	3
TGAATCCTGGGTTGGT	397	390	7
AGCCATCTATATACCT	390	387	3
CGATCCAAAATGTTTG	114	111	3
ACGGAGCACCCTTGGT	186	184	2
CCGTAGCTGCAGGGTA	248	246	2
GGGTCTAGCCCATCTG	187	186	1
GTGTCACCGACAACTT	66	65	1
ACGACGACACTTCAAT	74	72	2
GTGTCACCCTGCGTTG	204	202	2
GAGCGGAAGGGTTGGT	1	1	0
CATTCATTAAACGCCT	452	446	6
ACGCTTAAAACCTGAC	174	172	2
CGACATTTCTTAGGTA	234	233	1
CAAACATTGAGCCCAT	213	208	5
CCCTGTTTGTGGAGCT	1	0	1
CGAGGCTAGGTGACAC	183	182	1
CGGCTGTAGCCGGATT	543	533	10
GTCTTCCTTTATCTGT	158	155	3
CAGGTTGCCTTAGGTA	256	254	2
CATTTCTATGGAGGAG	1	0	1
ATGCATATATCAGCGC	204	201	3
GGGCATCAGGGTGTAT	548	543	5
ACGAATTCTAGTGGAC	647	638	9
TAATGTGGGAGTTTCG	60	57	3
AATATGACGCAGGGTA	227	224	3
CGAAGAAGTAGCCTCG	280	279	1
AAAGCCCGGGAAACAG	75	74	1
CCAGACAGCAACGTGG	168	165	3
GTCAGGTTGTTTGTTT	7	7	0
AAGAGTATTTTGGGAG	210	206	4
TGGGAATTTGTGTCCT	233	229	4
CCATGCATCTCCGCAT	717	706	11
CGAACCGACAGACCAT	1	1	0
ACGCTTAAACATCTAT	127	126	1
TAGTAGCCCGACTCCT	226	222	4
GGTAAATCTGATGCCC	468	463	5
CCGAGATCAGAAGTTA	250	250	0
TCGTTCCCTCCTTATT	93	93	0
CATGACGAGTCGTCGT	542	534	8
CAAGGTACATATGCAT	196	194	2
TCGCAATCTACGTGCT	386	376	10
TGCGACTATACGTGCT	411	406	5
CATTCATTTTTAACAG	135	133	2
GTGCGAAGGCACCTCT	208	206	2
ACTCATACGAGCCCAT	212	211	1
AAGGCGCTTGAGGTCT	193	190	3
GGACTGGACCTCGTCT	387	380	7
AAATAGCACTTACTCC	77	76	1
GGTCTTTCCCACATTA	327	321	6
AGGAGTCGCTCGCGTA	249	249	0
AGGTATATCTACTTGT	1	1	0
TCTTTGACGATTGCGA	280	274	6
GTCCGTCACACAAGGC	69	67	2
ACATGGACGTTAACCA	510	507	3
AATATGACGTGGATGG	1	1	0
ATATGGGTATGAAGCA	1230	1159	71
GTCCTTGCATGGATTA	84	83	1
AATGGCGTAGAACGGG	1	1	0
GGTTGAGATTTACCCT	12	12	0
CACTAACCGATTTACC	416	408	8
AAGGATGAAAGATTGT	527	522	5
AACAAATGTTGCATAT	227	222	5
AAAGCCCGAAAGTCGG	63	62	1
ACCGTCGATTGATCTA	488	485	3
ATTTCCATGGATAAAG	6	5	1
CGATGGCAACGAAACG	403	397	6
GGGAGATGGGGTGTAT	4	4	0
TCCTATATACTAGCCA	17	17	0
ATGCATATCTGCGTTG	486	478	8
AACTCAGTCTTGGTGT	205	199	6
GCTAAGTTGTGTAACC	708	695	13
GTATACGTAAGCTTCT	58	58	0
CAATTCTCTATTGCCT	275	270	5
CAGATGGGTGGAGGAG	3	3	0
GCTATGGGTGTGCTCA	218	214	4
CGTTTCGTTTATCTGT	2	1	1
CTCGGTGACTTCGATT	310	305	5
AGTGCTTCGATTAGAC	326	323	3
AATCCGGCGGGTGTAT	1	0	1
GGCTTTGCGCGCATTC	275	271	4
ATGTGCCGGACGATGG	473	460	13
CAGTTTAACCCAAGCA	285	280	5
AACGCCAAGAAGCACT	212	212	0
AGCTTCGAATGCATGG	286	283	3
AACTCAGTCGAGATGT	248	244	4
AAGTATTGAACACACG	255	253	2
ATGACAACTGCGACAG	435	432	3
TATCTGTCGCGTTGCT	206	204	2
CACTTGATAGCACCAC	220	218	2
ATTACCTTGGTCACAG	341	340	1
AGACGAGGTGTTCCAG	323	319	4
TCGTTCCCTTGAGGGT	153	151	2
GATTAAAGTGTGTCCT	197	194	3
CATTCATTACCCATAT	1	1	0
CTGTTGTGTCGGTACG	170	168	2
TAGGTACGAGCACCAC	130	128	2
CGAGGCTAGAGGCTGA	1	0	1
CTTTGGACAGGATTCA	221	220	1
ACGTAAACGTCCGTAC	384	378	6
AGTAATGGGTCAATAC	244	242	2
AAACAAACTTGTGACT	215	213	2
ACGGGTTAGCAACCTG	431	427	4
CCGGAAATAAACCTCC	290	288	2
GTACGCTTGCAGCATG	399	393	6
CCGACTTTCGTGGATA	487	474	13
ATATGGGTGGAGAAGC	11	11	0
ACGCTTAATGAGGTCT	189	186	3
TGCTGACGGAGAATTG	19	19	0
CACTAACCACATCTAT	95	95	0
AATCGTTCTTTGTGTC	807	803	4
ACCCTCAATCCAGTCC	233	230	3
CTTCTACGGGATAAAG	1	1	0
ATACACCCATACTCTT	374	371	3
GGTAAATCCCGTGTTT	213	211	2
AGGCCGAAGTTGTCAT	120	120	0
AGTAATGGCTACTTGT	7	7	0
TCTGATTTTAACTACT	131	125	6
AATCGTTCTAAGACGG	237	234	3
TATCTGTCTGGAGGAG	2	2	0
GAGTGTACTTGCACGC	54	54	0
GCATCACTTAGCTTAT	225	223	2
TAGTAGCCGGTGGGAT	142	141	1
ACCTTCCCGCAAAGCC	1	1	0
GAGTGTACCAGTCCCT	169	168	1
GCCTGGTAATATACCT	1	1	0
TGGTGTCTATCAAGTG	223	222	1
CCGATACGTCATCCTT	167	165	2
ACGGGTTACATCGCAG	207	204	3
AAATTCCGATCAGCGC	236	234	2
GCATCGAGTAGTGGAC	146	146	0
TAGCCACAGGTGGGAT	189	186	3
AAACAAACGAGTTTCG	261	258	3
TGCGACTATTGCACGC	203	202	1
CACTAACCGATGTGAG	1	1	0
GGACTTCTTCGACACC	1	1	0
CCTCATGAGGCATGCT	134	134	0
TACTGAATGGTCCCTT	430	422	8
TGGACGGATGACCCTC	495	490	5
GACACAAATGTTTGAG	184	179	5
ACAGGCCAAAACCTCC	205	205	0
CGATGGCACCGCAACT	336	331	5
GGTTGAGATCATCCTT	183	183	0
GGCAAGGTGCTTTGGC	206	203	3
CTCCTCCATACAAACT	2	2	0
GGCGACAAAGGTTGTG	165	164	1
GATGGTTAGCCTCTTT	1	1	0
CCATATGAAGAACGGG	335	328	7
CTGTGACCAAACGCCT	133	132	1
ATGCATATAACTTAGC	466	466	0
ACTTCGCTAGCTATGA	250	248	2
TGCTTCATTGGAGGAG	234	229	5
ACGGTTGGATATACCT	169	169	0
AGGAGTCGCGACTCCT	139	137	2
CTCCTCCAGTGGATGG	322	316	6
AACTGCCTCCGCAACT	163	159	4
ATAGATGTTGTTTGAG	172	171	1
GGCTATAATCCTTATT	253	245	8
TCGACTGCCAGGTGTC	157	153	4
CTAGTAGGTAAATAGG	150	150	0
TAGGTACGTGAGGTCT	152	148	4
GTCAGGTTGAATTCGT	464	458	6
CTGGGTATTTCGCTGG	492	483	9
TACCTAAGGAGCGGTA	116	111	5
ACTCGGAACCGTGTTT	192	190	2
GTACGCTTTTGTCGCC	12	12	0
TAGGCTTTGCCGGATT	240	240	0
GGAAGTCCCAATTAGT	141	141	0
ATGACTTGCTTACGGG	220	218	2
GGTAAATCAGTTTAGA	1	1	0
CCATGCATCTCGCGTA	241	237	4
ATTTCCATGTTTACGT	40	40	0
AGAAGCTTGTCATATT	9	9	0
GCTAAGTTTCATCCTT	223	221	2
AGGACACAGGCGTTAG	148	147	1
ATCCGCATAAACTGGT	196	193	3
GTCCTTGCGAGAGTAT	233	230	3
TGACGTCGAGAGGTGG	169	167	2
CGACATTTCTCAGAAT	378	369	9
CTTAGTGTCACTCCTC	200	197	3
CTTAGTGTAAGCTTCT	657	657	0
GGCGACAAATGTTGGC	267	265	2
CTTTCACTCTAGTAAC	371	368	3
TCCAGAAGATGGGCAC	70	66	4
GCTCGTAGCAATACTT	195	187	8
GAGGGTCACTCAGAAT	813	805	8
AGCCATCTTGACCAGT	160	159	1
TGAGCACACGTCAGCA	82	82	0
TGACGTCGTGCCTCAC	160	160	0
GATTGGGAAATCGGGT	395	385	10
AGTTTGTAAAATGTCG	267	262	5
AACAGAACTCCTTATT	7	7	0
CGTTTCGTCCACATTA	421	419	2
AGCTTCGAAGGCAACG	511	502	9
AAACGATCGTTACCGC	263	259	4
CTAACGCCACTGAGTT	189	184	5
CCAGACAGCCCATCTG	207	204	3
AATCCGGCTACAGCCG	411	404	7
CACTTGATGGCGGTTT	1	1	0
GTAAACAAGGTTTCTC	228	227	1
ATGACAACCTATAGAG	0	0	0
CACAACCTCAGATTAC	296	294	2
CAGATGGGGTTACCGC	314	310	4
CCGATACGAAACAGGG	235	231	4
ACTGGTCAGGCCTAAG	368	363	5
GGAGTAAGTGAGGTCT	437	430	7
CCGATACGTGGCTACC	135	133	2
AATAAGGATCCTTATT	242	241	1
GGGTCATTAGCGCGAT	85	83	2
ATGCATATGCTTTGGC	197	195	2
GGTCTTTCTTGGATCG	175	174	1
TATCCACGTTTGGGAG	69	65	4
ACTCGGAACAAGAGGG	2	2	0
GGCTTTGCGTCCGTAC	288	283	5
GCATCGAGCGGCTTAC	261	257	4
GCAAACTGCTTCGCAC	164	162	2
CGAAGAAGTGGTATGA	281	280	1
CATGCTGCGAGTTCAC	30	30	0
GAAGATATCAGTCCCT	166	163	3
AGCTCCACCGGACAAC	157	156	1
AATCCGGCTGGCCTGT	283	281	2
ATGACTTGATACTCTT	192	189	3
AAACAAACCCATTACT	233	232	1
TCGTTCCCACCACGCT	376	372	4
GGCGACAACCATTACT	220	218	2
CTGCTAGATCATCCTT	182	180	2
CGTGCAACAGCACCAC	224	220	4
ACTCATACGCTTTGGC	33	32	1
GGGCATCACAATACTT	445	442	3
GAGCGGAAGGGAAGGT	199	198	1
ATACACCCTGGAGGAG	154	151	3
TGAGAGCGGAGGCTGA	19	18	1
ACGGGTTAACTAGGAT	186	184	2
GATTGGGATACCGGCA	95	94	1
TGGCTAGTCTTGGTGT	402	393	9
TGCGACTACCAGCAGT	1	1	0
TCAGCCTCTCCTTATT	1	1	0
TCGACTGCCTTCGATT	126	115	11
ACCTTCCCAGCGCCTT	10	10	0
AACGGTAGTGACGGAC	343	337	6
TCAAGGCGTGCGACAG	20	20	0
GGCAAGGTCACTCCTC	264	262	2
GTTCTGCTCCCTAACC	1	1	0
CATTCGGGCGACTCCT	140	139	1
CCGACTTTTGCCTCAC	219	216	3
CGTTTCGTGCACCTCT	394	389	5
AAAGTCATATATACCT	495	490	5
GCCAACATCTCGATGC	272	267	5
TCTGATTTCAGGTGTC	243	235	8
CGAGGCTAGCCAAGAT	202	201	1
GTCAAGAGGCAAGGAC	467	462	5
TGGACGGACCCATCTG	4	4	0
GAAGATATGTGGATGG	2	2	0
CCATCGTCCGGACAAC	355	353	2
ACAATCTTCACAACAG	238	237	1
GTATTGACCGTGCTAG	490	480	10
CGAACCGAGAACGATT	199	197	2
CTTAGGCCTGACCCTC	41	41	0
CTTAGTGTGAGAGTAT	49	47	2
ACCAACCCGAGAATTG	1	1	0
ACCAGTTTCGAACGTA	141	138	3
TCTGATTTTAGTCTAG	229	227	2
TACTGAATGTCTCTCT	124	124	0
CATTTCTAAGCAGAAC	34	33	1
GTGAGGCACGCTAGTC	0	0	0
GCATCACTCCGCAACT	206	205	1
CCACGTTGACTGCCGT	205	202	3
ACGGCAGTCTGGTGCA	131	130	1
GTCTTCCTTCATGAGG	129	129	0
GCCTTGTGATATAGGA	419	417	2
ACCCGATTTTGTTTAC	373	368	5
GGAACGAAGTTTGTTT	235	231	4
GTGCCCATCTAGATTG	187	185	2
AACTGCCTGAAGCACT	155	152	3
GGACTTCTAGAGGTGG	375	372	3
CCAGCGAACGTATCGG	122	122	0
ACTCATACGCAAAGCC	552	543	9
GTCAGGTTTGCTATTT	511	505	6
CTGTGACCATTCAGTA	146	145	1
AGCAACGCGGGTTGGT	0	0	0
GGCACTTCACTGCCGT	307	304	3
CTCTGCGTACCACGCT	57	57	0
TGCGACTAGCAAGGAC	185	182	3
TCGACTGCGTTCAACT	305	302	3
TCAGCCTCATTCGACG	1	1	0
ATCCGCATCTTCTTCG	323	320	3
CGAAGAAGAGCGCGAT	477	469	8
CCCGTTCTCACGGACT	174	173	1
AACTGCCTACCACGCT	410	403	7
GAGGAGTGGTCTCTCT	175	171	4
ACTAGAGCGGTCTGAC	585	573	12
CCACGTTGCCGCTGTT	1	1	0
TGAATCCTGCTTTGGC	222	219	3
GATGCAGACCTGACAC	558	557	1
AGAAGCTTGCTTACCT	519	511	8
TCTGATTTCTTACGGG	306	304	2
TCTAAACTGCGTTGCT	114	114	0
TGGAAAGCCGCTAGTC	482	477	5
CCGGAAATCGGGTAGT	158	154	4
ATACTCTCAGGCAGTT	126	124	2
TCGACTGCACGCTCAG	157	156	1
ACTACCCGGATTAGAC	423	413	10
GCGTATTCGGTTTCTC	285	283	2
ACAAAGATTCGAAGCT	165	165	0
GGTCCTAACTAGATTG	151	151	0
TGCCGGTAGAGTTTCG	1	1	0
ACTTCGCTGTACCTTG	40	40	0
CCTACGCTAAACTGGT	178	175	3
AGAAACCAGGTTTCTC	12	12	0
GGACTTCTAGCACCAC	3	3	0
ACATGGACTCCTTATT	426	426	0
ACCGTCGAGTCCATGT	237	234	3
ACCACAGATGCGTATC	375	374	1
CTGAAGGGCAGTTTGC	81	81	0
CTTTGGACGATTTACC	305	303	2
CTACGGGACTGGTGCA	258	256	2
ATAAGCTAGTACACTC	258	252	6
ACATGGACACTGAGTT	297	295	2
CCCTCTTGTGTTTGAG	154	150	4
TAGATCAATATTGCCT	240	238	2
CCTTTGTCTCATCCTT	385	378	7
AAGAACAGCCTCGTCT	178	178	0
AGTGCTTCTTATAGCC	211	209	2
GAAAGACATAGTGTTT	10	10	0
GATTGGGAGTCAAAGA	1	1	0
GCCAACATTATTGCCT	1	1	0
CCTTTGTCATGGATTA	307	302	5
CCATCCACCTCTTGAC	392	389	3
AGTTGAACATATACCT	179	179	0
CTTTCACTTGTGTCCT	678	664	14
TGAATCCTCGAGATGT	148	147	1
AGTTGAACGTCTCTCT	250	247	3
ATCAGGGAAATCGGGT	447	442	5
GATTGGGACCATTACT	235	234	1
CAAACATTATCAGCGC	420	413	7
GTCCTTGCGTTGTCAT	401	400	1
CGATCCAAGTTAACCA	183	181	2
AACAGAACGGGTGTAT	255	250	5
ACTACCCGATGGGCAC	271	262	9
AGTCCGTGATTGGGCC	34	34	0
ACAGGCCACTTACGGG	1	1	0
TGGACGGATTGCACGC	255	249	6
AAAGCCCGGAGGCTGA	181	178	3
CGTCGAATTCGACACC	292	289	3
CGATCCAACTTACGGG	364	357	7
CTGCTAGATTTACCCT	136	134	2
GGAACGAAGGGAGGTA	269	264	5
GCTAAGTTGGGAAATC	223	216	7
ACAGATAAACACTAAG	135	134	1
GTCCACTAATACCCAG	286	280	6
GCCTTGTGGGTGGGAT	129	126	3
AAGCCTTCATTGGGCC	79	79	0
GTCAGGTTTAAGACGG	235	233	2
CCTTTGTCCTGTTCTT	125	121	4
AAGCCTTCTAGCCTCG	174	171	3
TGAATAGGCCACATTA	88	85	3
GGAGGTTTTTAGTCCG	553	549	4
AACAGCGGGTCCAAAG	235	233	2
TCCGCTGTGTGTCGGA	15	14	1
CCGTAGCTGGGAGGTA	1	0	1
CAGGTTGCTTGGACTT	330	328	2
ACCAGTTTGAGAATTG	417	413	4
TGCGACTACCTGACAC	215	211	4
GAGGGTCACGAACGTA	186	184	2
TATGTGAACGTAGAAG	184	182	2
AGCATGCCGGGCCAAT	405	401	4
TAGTAGCCCTTGGTGT	207	203	4
GCACTCAGAAACTCGA	257	253	4
TCATACCATAGTGGAC	179	176	3
AATCGTTCCCTATTCA	274	272	2
GGGAGATGGTTGTCAT	191	187	4
ATTTGTTGAACCTGAC	236	236	0
GGCTTTGCAATCGGGT	163	161	2
GTCCGTCAATGACTTT	306	301	5
TCCGACACATGGAAAT	206	202	4
ATCTTGGCCGCTCTCA	144	140	4
AAAGAAAGCGGACAAC	269	266	3
ATTCTGAGATCAAGTG	179	176	3
ACGGCAGTTTCGCTGG	378	375	3
AGACGAGGTACAAACT	411	406	5
AGTTGCGGGATCGTTT	321	319	2
CTGTCGCAAAACTCGA	229	229	0
ATCCGCATAGAGGTGG	179	176	3
AAACACTAGGTGGGAT	419	417	2
ACCTTCCCAACCTGAC	142	139	3
TGAGAGCGGGGAGGTA	1	1	0
CCAGCGAAGGGTGTAT	456	447	9
GGATTGTTGAGAATTG	1	1	0
AAGGATGAGACAAAGG	0	0	0
ATACTCTCTTATCTGT	674	665	9
ACTGGTCAGAACGATT	141	140	1
AATAAGGAGTATGAGT	44	44	0
ACGTAAACCCATTACT	123	121	2
ACGAATTCTGTTTGAG	214	210	4
AGGGTAAAAGCTACGG	84	83	1
GGAGTAAGCGAACGTA	39	39	0
CTAGTAGGATATCTTC	136	135	1
GTCCACTAAGTGAAAG	201	195	6
GAAGATATGGGAAGGT	203	201	2
GGCGACAAAGGAAGAC	385	382	3
AGAGAGACGGGAGGTA	141	140	1
CAATCTAGATATAGGA	99	98	1
TCTATTCCTTGTGACT	0	0	0
GTATTGACGATTGCGA	380	372	8
ACTAATTGTTAAACTG	107	104	3
TAGGCTTTCAAGTCAT	53	53	0
TGAATAGGTCATGAGG	226	225	1
CGGACTAATGGTTTCT	274	268	6
TGCGACTAACACTAAG	259	255	4
AACGCCAATCCTTATT	281	274	7
CGAAACTCATTCCTTG	243	235	8
TAGGCTTTGTATGAGT	1	1	0
AGTCCGTGTTGCATAT	82	81	1
TGGTTAACTCCAGTCC	260	256	4
TACCCTGCTGGAGGAG	1	1	0
AGAGGTGCCTACCGTT	223	221	2
CCAGCGAACTTTCTTT	253	251	2
TGAATCCTTGGTTTCT	228	216	12
CCATGCATCGCTAATA	320	314	6
TGACGTCGAGGCAGTT	57	57	0
GTCTGGAACTTTCTTT	298	296	2
ACAAGTAGAAATGTCG	54	53	1
AACGTTACAGAGACTA	35	35	0
CGAACCGAGGGAACGA	188	187	1
TCATAGCTGGGAAGGT	418	410	8
AAGAACAGCACAAGGC	0	0	0
CACAACCTGTTTACGT	158	156	2
GAATCCCACTTCAGGT	279	274	5
ACGACGACCCCTTCAG	225	219	6
AAGGGACCACACTAAG	380	375	5
ACGGTTGGGACGATGG	364	359	5
CTGAAGGGGGCGTTAG	1	1	0
CACTTGATCCCTAACC	146	142	4
GTCAAGAGAGAGGTGG	2	2	0
ACCAACCCGAGTTTCG	216	213	3
GTAAACAAAAGCTTCT	352	341	11
CCACGTTGGCCAAGAT	238	237	1
TGGACGGAAACCTGAC	199	197	2
AAGTCCAACGAATAAT	253	249	4
CCTTTACAGAGAGTAT	1	1	0
TAGCCACAAAAGTCGG	261	260	1
AAAGTCATGCCGGATT	371	366	5
AACTGCCTAGGAGCTT	158	158	0
AATATGACTGCAAGGG	250	248	2
CGAAGAAGGTTGTCAT	196	192	4
GAAAGACAGGGAGGTA	2	2	0
GCATCACTATTCAGTA	3	3	0
GATGCAGATGGAGGAG	332	324	8
GTCCACTAGGTTAGTG	7	6	1
TCTTTGACGGAGAAGC	125	122	3
GATTAAAGTGGCTACC	277	274	3
ACAGATAAAGAGGTGG	1	0	1
GTATTGACAACCTGAC	464	461	3
GATTAAAGGAGTTTCG	81	80	1
TAGATCAAGGCGGTTT	232	224	8
AAGGCGCTCAGACCAT	2	2	0
GAAGATATGAGCCCAT	386	384	2
ACCCATGCGCAGCATG	236	233	3
ATCCTAGTTTTAACAG	267	264	3
GATGTGGCGGGTGTAT	2	2	0
AACGCCAAGCAGGGTA	403	399	4
TGACGTCGCTGTCTGG	184	176	8
ATTTCCATCTCGCGTA	299	294	5
CTCCCAAATGCGACAG	330	323	7
GTGAGGCATGCGACAG	442	436	6
ACTGGTCATGAGGTCT	335	333	2
GGTAGCCACTTACGGG	272	272	0
CGAAGAAGGGGAACCT	907	887	20
CGAAGAAGTTTGTGTC	467	465	2
ACAGATAATCACGTTT	597	590	7
CTACGGGAATACCCAG	349	347	2
GGTGTCGAACGCTCAG	251	249	2
CTCACATCGCGTTGCT	472	463	9
CACTAACCAGAACGGG	9	8	1
CTGAGCGTTGGCCTGT	332	328	4
ACGGCAGTTTAGGACC	263	259	4
GTGTCACCAACAATCC	229	227	2
AAACGTGAGAAGCACT	182	181	1
TAATGTGGGTACCTTG	273	269	4
ATGGGCTCAGAGACTA	1362	1342	20
ACAGATAAATGACTTT	123	118	5
ATATGGGTTGCGACAG	72	71	1
ACTTCGCTCTCGATGC	238	234	4
GTATTGACTTGGCGTT	262	258	4
GTAAACAATAGTGGAC	2	2	0
GCGTGCAATGGCCTGT	293	289	4
CTCACATCGGGAAGGT	1	0	1
CTACGGGATAACCCGT	215	210	5
GTCTGGAACTCGCGTA	409	404	5
AGCTTCGAGGCTACTA	508	504	4
ATCCGCATAACTTAGC	280	276	4
TGTTATCAATGACTTT	150	146	4
AGGTATATATCCGCTA	285	281	4
AGTTGAACCTCCGCAT	485	480	5
GTCAGGTTGAAAGACC	5	5	0
TAGATCAAGGGTGTAT	156	153	3
AAATTCCGTTGATTCT	119	115	4
AAAGCCCGCTACCGTT	164	161	3
GGCTATAATCTCACTT	183	181	2
AATATGACTTGCATAT	51	51	0
GCCAACATAGGAAGAC	293	289	4
ATGTGCCGCCATTACT	242	238	4
CCGAGATCTACAGCCG	166	163	3
ACGAATTCCTTCGATT	1	1	0
GGAGGTTTTTGATCTA	3	3	0
ATTATTCGTTATAGCC	405	400	5
GCTAAGTTAATGAATG	261	257	4
CGATCCAACATCGCAG	329	324	5
AGAATCAAGCTTACCT	452	450	2
TGCTTCATGTGTCGGA	134	133	1
ACGCTTAATTCGCTGG	246	242	4
AAAGTCATCTTTCTTT	76	76	0
AGAGGTGCGAGCCCAT	279	277	2
ATCGCGCTGTTACGAT	236	234	2
CTGAAGGGTACAAACT	1	1	0
CTGTGACCAAGTAATC	60	58	2
TGCGACTATCCGTCCA	229	228	1
AACTGCCTACGCCATT	173	172	1
CGAACCGACCATTTGA	125	124	1
ACGAATTCTCCAGTCC	262	259	3
ATATGGGTCGGCTTAC	557	554	3
GTCCTTGCCGATTGAT	212	209	3
CTGTTTCCCACTCCTC	191	187	4
GCTATGGGTCCCTGAT	170	169	1
TGCCGGTACACAACAG	66	65	1
CAGTTTAACCGTGTTT	186	185	1
TGGTTAACACTAGGAT	183	181	2
ACCACAGAGGTCTGAC	576	568	8
GCACTCAGCCTGACAC	53	53	0
CTGTTTCCTCCTTATT	197	196	1
AAGGATGAGGGAAGGT	238	232	6
GCTAAGTTTGGCCTGT	201	200	1
AAACTACAATGACTTT	68	68	0
CCTTTGTCTGACCAGT	142	141	1
AACTCAGTGCAACCTG	278	272	6
GTGCCCATCGCCTTGA	186	183	3
CCGTCTTATCCCTGAT	601	592	9
TCGGTCATCTGCGTTG	154	149	5
GGTTGAGATGGAGGAG	146	145	1
ACAGGCCAGTGTCGGA	360	354	6
GTATTGACCGTATCGG	228	223	5
AAGTCCAACTGTCTGG	100	100	0
AGACCTCATCTCAACC	463	456	7
CAAACATTGTGGAGCT	117	117	0
ATCCCACCCTTACGGG	243	240	3
TCGTTCCCCCGCTGTT	304	298	6
GGAGTAAGCTGAGTGC	240	239	1
ATAGATGTGGGTGTAT	2	2	0
AATATGACGTAATCCC	160	159	1
CTCCTCCACGAATAAT	194	192	2
GTGTCACCTGAGGTCT	266	260	6
TGCTGACGTCATGAGG	41	36	5
TCGTTCCCCCAGCAGT	110	110	0
GTCCTTGCTTGGACTT	1	1	0
CCATATGACCCGAATG	138	136	2
AACGGTAGCTACGAGC	3	3	0
CACAAGTAACTAGCCA	230	226	4
TACCTCCCGCTTTGGC	229	226	3
TGGGAATTGAGAATTG	1	1	0
ACCCATGCCGCTCTCA	277	275	2
ACGGAGCATCCGTCCA	204	197	7
CCATCCACTGGCCTGT	321	316	5
ACCCGATTGAATTCGT	322	318	4
GGTTGAGAGCAACCTG	326	324	2
ATCGCGCTAGCGCGAT	80	80	0
CACAACCTTTGCATAT	237	236	1
GACTAGCGGTTTGTTT	0	0	0
ATACACCCGCCTCTTT	234	232	2
GATTAAAGCGGCACAT	122	120	2
CCTTTGTCGGCATGCT	480	470	10
GACACAAAAAAGTCGG	463	452	11
TAGATCAAGTGTCGGA	410	406	4
ACTAGAGCGAGTTCAC	1	1	0
GTATACGTAACAATCC	369	366	3
ATAACAGGAAATCAGA	214	214	0
AAGTCGGGACAGCGGA	169	166	3
ACGCTTAATTGCACGC	326	321	5
TGGAAAGCGTTTGTTT	193	191	2
CCATCCACTAGTGGAC	219	215	4
TCAAATGGCTTCAGGT	62	62	0
CGTCGAATCCTGACAC	313	310	3
GAAATACGAAAGTCGG	121	119	2
ACCAAGGGGGTGACAC	180	178	2
ACGGCAGTACATCTAT	247	246	1
ACGGTTGGATACCCAG	407	400	7
CACTAACCATTCGACG	189	188	1
GACACCTGTAGTGGAC	79	79	0
AATCGAAGCCATTACT	452	445	7
GTTCTGCTGTACACTC	309	305	4
CTTCTACGCTTTAATC	128	127	1
GTCAAGAGCATACATT	135	134	1
CTAGTAGGATACCCAG	230	228	2
CTAGACTACTAGATTG	926	918	8
GAAGATATAAAGTCGG	5	5	0
ATTCTGAGCGAACGTA	276	273	3
AGTAGTTAGGCTACTA	248	247	1
TACCCTGCATGACTTT	1	1	0
ATATGCAAGAGAGTAT	267	266	1
ATTGGCCCGAAAGACC	3	3	0
AAACACTACTTACGGG	232	230	2
AGACCTCAGGAAACAG	186	182	4
ACAAAGATAAACAGGG	228	222	6
TAATCCATCCTACTAG	1	1	0
TACCTCCCTGCCTCAC	40	39	1
GCCAAAGCTTGGACTT	846	834	12
ACCAGTTTTTGAGGGT	236	233	3
ACCAACCCGGTTTCTC	375	369	6
CGTGTGTTAAAGTCGG	14	14	0
CCACCTCTCTCGATGC	76	74	2
ATGGGCTCATGACCGA	532	524	8
GCTATGGGATATACCT	64	64	0
TCGTTCCCTGGCCTGT	67	64	3
TAACTTCTGGTGGGAT	429	423	6
TAGATCAAGGTGGGAT	289	287	2
GAAGATATGAAAGACC	5	5	0
TACCCTGCATACCCAG	299	297	2
GACACCTGCTAGATTG	227	223	4
ATGGGCTCCGGACAAC	1	1	0
AGTGCTTCTTGAGGGT	470	466	4
ACCAGTTTCGCTCTCA	943	937	6
AACAGCGGGGACTTCC	240	238	2
AAGTATTGGCTCTAGT	73	72	1
CCAGCGAACACAAGGC	189	189	0
GTGTCAGGTCTGCATC	262	256	6
AACGGTAGGCAAGGAC	136	134	2
CACTTGATACGTATAC	186	181	5
GCGCTGATTCCCGTAG	688	674	14
TCTAAACTACTAGCCA	195	189	6
ACCTTCCCAAGATTGT	323	277	46
ACCAAGGGAGGCAGTT	171	170	1
TCTGATTTCTTAGGTA	462	456	6
GTCAAGAGAATGAATG	314	310	4
AAACCGCCTGAGGTCT	1	1	0
AGACCTCACTTCTTCG	153	153	0
ATTTCCATAGCTATGA	549	541	8
CCATGCATGCCTCTTT	145	144	1
TCAGCCTCTAAATAGG	122	122	0
ACCTTCCCGCCTCTTT	69	69	0
CAAACATTGGGTGTAT	2	2	0
TCCGACACGAACGATT	160	151	9
TAATGTGGACACTAAG	1	1	0
CCATCCACAAGGTAAT	268	263	5
CCTTTACAGGTCTGAC	175	174	1
ACAGGCCAACCCATAT	50	48	2
CCGACTTTTCATATGG	135	134	1
ATCAGGGACAGATTAC	309	301	8
AGTGCTTCCTTTCTTT	167	161	6
CCAGCGAATGGTATGA	104	104	0
CGATGGCAATGGGCAC	0	0	0
TCCAGAAGGGTCACAG	373	369	4
CCGTAGCTCCATTTGA	1	1	0
ACCAACCCGTTGCACG	107	105	2
AATAAGGAGTTCAACT	298	290	8
TGAGAGCGTGAAATGA	194	191	3
GCCTTGTGCAAGTCAT	229	223	6
GATGCAGACTTCTGGA	254	251	3
CCAGACAGAAGATTGT	117	115	2
CGATCCAATCCTTATT	212	208	4
ATCCTAGTTTCGCTGG	130	128	2
CGTGCAACCGCTCTCA	200	197	3
CCGACTTTTTTGGGAG	1	1	0
GTATACGTCCCAAGCA	85	85	0
AAAGAAAGTGGTATGA	185	184	1
CCGACTTTTGAAATGA	17	17	0
ATCCGCATAAAGTCGG	185	184	1
CGACATTTGAATTCGT	185	184	1
ACAGATAATCGACGGT	86	86	0
TGAGCACACGAACGTA	1	1	0
GGCTATAATTTATCAC	207	203	4
CCTACGCTTGGGATTC	248	242	6
AGTAGTTAGGGTGTAT	1	1	0
CGAAACTCTGGAGGAG	385	381	4
AGCACGTAGGCATGCT	249	247	2
GCTTCTCCACGGTAGC	197	194	3
AGACGAGGGGGTGTAT	2	2	0
AAACCGCCTCACGTTT	261	256	5
ATAACAGGTCGGTACG	280	278	2
AAGGCGCTCACAAGGC	1	1	0
GGGAGATGTGGAGGAG	1	1	0
CTGTTTCCCTTGGTGT	245	240	5
ACCAACCCCCTGACAC	208	207	1
ATCTTGGCTCGGTACG	229	225	4
GGCTTTGCATGCATGG	208	207	1
ATCGTAACTTAAGCGT	534	528	6
GCCTTGTGTTGAGGGT	157	153	4
AAACTACAAATGAATG	576	567	9
AAGCCTTCAAATCAGA	233	227	6
GTGTCAGGTTGTCGCC	246	243	3
ATGCGGAGAGCACCAC	268	265	3
CAATCTAGGAAGGCTT	22	19	3
ATCCGCATATGACCGA	128	125	3
TCGACTGCCGTATTTC	261	258	3
CTCGGTGAGTACCTTG	775	763	12
ACTGGTCAGAGAATTG	409	401	8
CTGAAGGGGCAACCTG	172	167	5
AAGGGACCGTTGCACG	217	214	3
CGAAACTCGCTTTGGC	209	206	3
CCATATGAATGGAAAT	234	230	4
ATCGCGCTTACAGCCG	273	269	4
CGTTGCCTCTCCGCAT	18	18	0
AGCATGCCAAGATTGT	265	263	2
AATATGACAGATGGCT	175	174	1
ACAATCTTGATCGTTT	244	242	2
ATTACCTTGAGTTCAC	187	180	7
GAATCCCAACAGCGGA	170	167	3
ATACTCTCGCTTACCT	2	2	0
CATTCATTGGGTTGGT	2	2	0
ACAGGCCATGACCCTC	98	98	0
CAACGCAGTAGCCTCG	506	295	211
ATTATTCGCGATTGAT	448	443	5
TGGACGGACTTACTCC	599	592	7
TGCGACTACAGATTAC	142	142	0
CTCTATAGTGCCTCAC	169	167	2
GTGCGAAGCCTCGTCT	173	171	2
TAATGTGGGAACGATT	2	2	0
CTGCGATGGGGTGTAT	179	176	3
TAGTAGCCGTTACGAT	92	92	0
AATATGACCGCTCTCA	125	123	2
GGTAAATCGATTAGAC	1	1	0
GTCAAGAGAGCGTAGG	107	106	1
TGGGAATTAAATCAGA	298	293	5
AGAGAGACATCAGCGC	466	461	5
ACGGCAGTCCACATTA	223	221	2
CATTCGGGTCACGTTT	486	483	3
TAGTCTCTCACTCCTC	193	192	1
AAATAGCAGGCCCTTA	28	26	2
AATCCGGCCTTCAGGT	1	1	0
GGGAGATGTGTAAAGG	302	299	3
TCTAAACTAGCAGAAC	184	180	4
AGCATGCCCTTCGATT	192	190	2
CGATCCAAAACCCTTG	280	279	1
GAAGATATGGGTGTAT	8	8	0
CCGTCTTACCTATTCA	111	111	0
ACAGATAACGAATAAT	576	570	6
AAACCGCCCGGAATTT	143	139	4
AGTAATGGCCATTACT	4	4	0
GGGATTACGGGTGTAT	1	0	1
AAACACGGCCCTTCAG	102	101	1
TGCGACTAACCTTCTT	470	464	6
AAAGAGGCGTGGATGG	86	85	1
CGAAACTCAAACCTCC	310	307	3
AATATGACGTATGAGT	222	221	1
AGTAGTTACTGAGTGC	238	235	3
ACCCGATTCTTACGGG	5	5	0
ACGGAGCATTGAGGGT	278	277	1
CTGTTAAATAGAAATG	186	185	1
AAGCCTTCAACTTAGC	264	260	4
CAAACATTCGGGCTTT	66	64	2
CCGTCTTACCCGACTT	167	164	3
TGAATCCTACCCATAT	137	137	0
AGAGAGACCGCCTTGA	1120	1103	17
AGAAAGTGCTTACGGG	0	0	0
CTCAAACACGGACAAC	171	169	2
CCGGAAATGCTCTAGT	233	228	5
CCAGCGAAGGGAACGA	173	166	7
GGCACTTCCTCTTGAC	993	986	7
TATCCACGCAGTCCCT	172	169	3
CAACGCAGCTAGTAAC	561	556	5
GCCAAAGCATTCAGTA	536	530	6
CCTCATGAGGTCTGAC	283	281	2
ACCAAGGGTAGTGGAC	246	241	5
TCCGACACGTGGAGCT	105	102	3
GTGATAAACGGCTTAC	360	355	5
AGTCACAACTATAGAG	211	209	2
AACTGCCTTCCTTATT	45	45	0
AGGGACTGTACGTGCT	196	191	5
ACCACAGAATGACTTT	418	412	6
CAATCTAGCTTTCTTT	147	147	0
AGTCCGTGAGGCAGTT	293	287	6
CGGCTGTAATGCATGG	422	414	8
CGTGGGATTGCTATTT	177	174	3
TCTTTGACTCCCAATC	187	183	4
ACCAACCCTTATCTGT	124	124	0
CTTAGGCCTAAGACGG	107	105	2
GACTAGCGGCACCTCT	270	259	11
ATTTGTTGGGATAAAG	255	254	1
CCAGCGAATAACTACT	661	652	9
TAGGTACGCCGCAACT	134	128	6
AGTTTGTAAGCACCAC	17	17	0
TCTAAACTCTTACGGG	1	1	0
AGGTAAGCCGACTCCT	162	160	2
GTCAGGTTGGCGGTTT	2	2	0
AATGTATGGCAGTCGA	383	376	7
TGAATAGGCTTCAGGT	182	181	1
AAACACTACTTCAGGT	97	97	0
ATGCGGAGCTTTCTTT	57	57	0
GGATTGTTCACAACAG	0	0	0
CCAGACAGGTCTCTCT	731	716	15
AATAAGGAGGGTGTAT	1	1	0
GTAATCTGAGTGAAAG	141	135	6
CCAGACAGTGCCTCAC	34	33	1
GATACGCAGTTTACGT	273	268	5
ACGGAGCACGGACAAC	11	11	0
TGGTTAACTATTGCCT	50	50	0
GCCTGGTAGCGTTGCT	177	175	2
AAACGATCTGATAACA	287	286	1
AAGAGTATAGCTACGG	197	196	1
GGTCTTTCAACCTGAC	251	249	2
AAAGCCCGCGAGATGT	165	164	1
TGCTTGGGACGAAACG	166	164	2
CATGACGAAAACCTCC	222	220	2
AGTTGAACGGAATAGA	355	354	1
ATGGTCTGGCACCTCT	127	125	2
AGCGTGGTCAATTAGT	166	166	0
GCTATGGGTAACCCGT	218	215	3
GATACGCAACGAAACG	204	198	6
ACGGGTTATGGAGGAG	207	202	5
GGCGACAAGTCGTCGT	231	227	4
AACAGCGGCTTACTCC	4	4	0
ATGTGCCGACTAGGAT	19	19	0
TGGGAATTGCGCATTC	201	199	2
CACTTGATTGCAAGGG	159	156	3
ACCTGAAGAATTCCCA	256	253	3
TCATACCATTAAACTG	144	143	1
AGCATGCCGTATGAGT	216	212	4
CCATCCACTGCCTCAC	133	131	2
GTCAGGTTGGGAACCT	1	1	0
AGTCCGTGCGGCACAT	260	257	3
ACATGGACCTAGTAAC	110	109	1
AACGGTAGAACACACG	168	165	3
CCATCCACGGAGAAGC	278	271	7
GCGTGCAAATGCGGAT	409	402	7
ATCTTGGCTCCAGGGA	163	162	1
AAGGCGCTTAGCCTCG	233	231	2
ACCAACCCAGCTACGG	0	0	0
CCATCCACGCGTTGCT	1	1	0
ATAAGCTATAACCCGT	179	175	4
ATAAGCTACAGGTGTC	152	150	2
CACTAACCGGCGTTAG	1	1	0
AAGGGACCGAGCCCAT	1	1	0
AAAGTCATTGCGACAG	1	1	0
AACAGCGGCTCTTGAC	380	375	5
GTGATAAAAACTTAGC	179	178	1
ACCGTCGATCCCTGAT	252	249	3
GAGGAGTGTCCAGGGA	46	45	1
TGCGACTATGGAGGAG	204	196	8
GCATCGAGTAGAAATG	238	236	2
ACGGTTGGGGGTGTAT	1	1	0
GGGTCATTGCTTTCCA	526	512	14
AATCGAAGTTTATCAC	77	72	5
CGAACCGAAAGATTGT	84	83	1
GACACAAATTGAGGGT	586	582	4
AGTCCGTGCTACGAGC	260	256	4
CTAACGCCTGGAGGAG	246	239	7
ACCACAGATCGGTACG	265	262	3
ATAGATGTCCCTAACC	253	250	3
ACTCGGAAAGGTTGTG	446	438	8
GTTACTAGAAAGTCGG	122	118	4
ACAGGCCAGATCTCGG	155	154	1
CCATATGACGGGTAGT	291	287	4
GTAAACAATCCGTCCA	13	12	1
ACTCGGAATTAGTCCG	178	176	2
TCTTTGACAAACGCCT	93	92	1
CCACCTCTGGGAGGTA	0	0	0
CGGACTAAATATAGGA	250	248	2
GGTGTCGATGCCTCAC	137	136	1
GTCAGACCTGCCTCAC	135	134	1
TGAGAGCGGCAACCTG	161	159	2
CTTTATCCAGAGGTGG	1	1	0
GAAAGACATTCCGCTC	183	179	4
CAATTCTCTCGGTTCG	99	98	1
ACTGGTCAGCTTTCCA	215	214	1
AAATTCCGAAGATTGT	144	141	3
CTGTTAAAATACCCAG	328	326	2
GTTGTCCGGATTTACC	191	187	4
GTGTCAGGCCTATTCA	383	379	4
ACTCATACTTTGTGTC	309	307	2
AAACGATCATGGATTA	1	1	0
GTACGGACTGTGCTCA	223	222	1
ACCTGAAGAAAGCCTA	6	6	0
TCTTTGACTAAGACGG	196	193	3
AAACGTGACTTACGGG	521	515	6
CGGCTGTATAGTCGCA	161	159	2
GCCAAAGCAGGTTGTG	270	267	3
TACGTTCGGAGTTTCG	1	1	0
TGCGACTAACGCCATT	108	108	0
ATAGATGTTTCCAGAC	211	210	1
AATAAGGATCTCAACC	1	1	0
GTATTGACTGCAAGGG	227	223	4
CCGATACGTTGATTCT	63	62	1
AGGTATATAGGTTGTG	1	1	0
AAACGATCAGGTTGTG	382	370	12
GTGTCAGGGGTTAGTG	412	406	6
GTGATAAAAGCACCAC	76	76	0
AGGTTCCCGTTACCGC	65	62	3
TACTGAATGACGATGG	28	27	1
ACTTCGCTCCATTACT	1	1	0
CGAGGCTACAGTCCCT	252	247	5
CCAGACAGGGAAACAG	76	76	0
CCGAGATCAAGGTAAT	140	139	1
AGGTTCCCGTTTGTTT	303	300	3
AAGGGACCGGAGAAGC	378	372	6
CTCTATAGCTAGATTG	49	49	0
ACAAGTAGAATGAATG	154	151	3
CACAACCTAAAGTCGG	212	210	2
ATACACCCCTTACGGG	257	255	2
GAAGATATCTACTTGT	302	301	1
ACGAATTCACCACGCT	286	283	3
CCCTCTTGAGGTTGTG	100	97	3
CCATCGTCTAAGACGG	10	10	0
CAAACATTTGTAGTTT	149	146	3
TCGCAATCTGGAGGAG	1	1	0
GTACGGACTTTAACAG	250	247	3
CAGGTTGCCCCTTCAG	259	257	2
GCTAAGTTAAGATTGT	82	82	0
ATATGCAAGGTGGGAT	323	320	3
GGTAGCCACGTATTTC	198	195	3
CAGTTTAACTTCTGGA	499	489	10
GCTCGTAGGAAAGACC	3	3	0
AGAAGCTTGATCTCGG	0	0	0
CGTTGCCTAAACCTCC	5	5	0
GTAATCTGCGACGTCA	1	1	0
ATCAGGGAAGGAGCTT	1	1	0
TACCTCCCAATTCCCA	11	7	4
ACCGTCGATACTTGTG	274	270	4
ACCAGTTTTACCGGCA	11	11	0
GGGATTACTAGTGGAC	1	0	1
AGAAAGTGAGCAGAAC	237	233	4
AAACGATCTGCCATCG	724	715	9
CCCGTAAGTACCGGCA	128	123	5
GAAGATATGAGAGTAT	4	4	0
AGAGAGACAAAGTCGG	247	247	0
CTTTCACTGGCATGCT	168	165	3
ACTAATTGGCCAAGAT	98	97	1
GGTCCTAATCTCAACC	188	184	4
CCTATTTAGTTGTCAT	300	296	4
CAATTCTCTAGTGGAC	216	212	4
ACCGTCGACTAGTAAC	255	253	2
TCTTTGACTTTACCCT	13	13	0
TATGTGAAGGCTACTA	442	437	5
ATTACCTTAAGGTAAT	438	433	5
CCACCTCTTGGCCTGT	187	186	1
AACAAATGGGTGGGAT	1	1	0
AGCACGTACAAGTCAT	167	165	2
AGTAATGGCCTCGTCT	203	201	2
AAACTGTGCTAGATTG	155	154	1
ACTACCCGGTCCATGT	151	150	1
CCGACTTTCTACCGTT	100	99	1
TAGGTACGTGGAGGAG	0	0	0
TGACGTCGTTGTGACT	1	1	0
GCCAACATGTCTCTCT	317	315	2
CTTTCACTTCTAGCAG	4	4	0
AGTTTGTATAGTCTAG	437	433	4
GCCTTGTGAGAACGGG	200	199	1
ATGACAACGCAAAGCC	109	105	4
ACCCATGCGTTGCACG	216	214	2
CGTGGGATCTGAGTGC	315	314	1
AAACACTACAGATTAC	147	146	1
ACTCATACAGAGGTGG	86	86	0
CCAGACAGTCTGTGGT	379	372	7
CTGGGTATCAAGTCAT	1	1	0
AGGTTCCCAACCTGAC	273	267	6
ACCCATGCGTGGAGCT	252	248	4
CAAACATTGCCGGATT	139	136	3
CTGGAACAGGTCCCTT	228	225	3
CGAGGCTACTTAGGTA	288	284	4
CTGTCGCAAATGAATG	94	93	1
GAGGGTCAGCCGGATT	56	55	1
CGTTTCGTTGTGCTCA	259	258	1
CCGAGATCGGAGAAGC	249	244	5
ACTACCCGAGCTACGG	83	81	2
AGGAGTCGAAACTGGT	338	332	6
ACTGGTCAACCCACGA	331	324	7
CGAACCGATTGCACGC	230	226	4
AGACCTCAGTTAACCA	156	154	2
TAGCCACAGGTTAGTG	172	170	2
AACAGCGGAAGGTAAT	209	207	2
TCCGCTGTAAACCTCC	204	201	3
AGGTAAGCCAGTCCCT	184	183	1
ATTGAAGTAAGGTAAT	500	489	11
TAATGTGGTGCTCCGT	248	241	7
CGGACTAAAGAAGTTA	205	204	1
GGTAAATCAAACGCCT	14	14	0
AGAAACCAGCAGCATG	559	552	7
TCGGTCATAAATGTCG	222	217	5
AAGTGAGATCTGTGGT	195	192	3
ATTTGTTGTTGTCGCC	231	228	3
AGTGCTTCCCCTAACC	179	175	4
GTCAGACCATTCGACG	44	44	0
CTGGAACATGCAAGGG	2	1	1
AGGACACACTTCTGGA	205	204	1
AAGAGTATTTTATCAC	217	217	0
AGACCTCAATGCGGAT	172	169	3
CGGACTAATTGATTCT	1	0	1
AGGCCGAATTAAGCGT	303	302	1
AAACCGCCGAAGCACT	1	1	0
TAAGGGCCCTGCGTTG	197	197	0
GGCCCAATCTTACGGG	256	255	1
GCCAACATTGTGTCCT	7	7	0
AGTAATGGTACAGCCG	259	256	3
ATTTCCATAAACTGGT	72	68	4
TGGCTAGTATTCCTTG	18	15	3
CCATATGACTTCTGGA	623	618	5
ATAAGCTAGGGAAATC	320	315	5
ATATGCAAGCGTTGCT	207	206	1
CCAGCGAAGTTACCGC	189	188	1
ACCTTCCCGGATAAAG	4	4	0
ACCTGAAGGAAGCACT	201	198	3
CCACGTTGCTCCGCAT	94	93	1
CCGTCTTAGCAGGGTA	241	237	4
GTCCACTAGGGTGTAT	2	2	0
CGTCGAATGTATGAGT	189	187	2
AACAGCGGGACAGATA	98	97	1
GAGGGTCAGAGAGTAT	148	143	5
CCGATACGCGGGCTTT	43	41	2
GATGTGGCTTATCTGT	255	254	1
AGTAGTTAAGCTACGG	239	233	6
ATCCCACCCCGTGTTT	146	146	0
AGTCACAATAGCTTAT	2	2	0
CGAACCGATTGGATCG	244	240	4
GTGTCACCCTTTCTTT	146	142	4
TAAACCGAGTTAACCA	245	240	5
GGCAAGGTATGGATTA	10	10	0
TACCGCTCGGGTGTAT	173	169	4
CCACCTCTCGTGGATA	6	5	1
CTCCCAAAGGATAAAG	1	1	0
ACATCTCGCAAGAGGG	163	160	3
CGTGTGTTTTGTGACT	174	171	3
AACAGCGGAACCCTTG	482	475	7
TCGTTCCCTTAGTCCG	180	177	3
AGCAACGCGAACGATT	2	2	0
ATAGATGTGCAAAGCC	206	10	196
GCGCTGATTGTCTTTC	333	329	4
CGATGGCAGGGAACGA	183	175	8
ATAGATGTCTAGATTG	241	238	3
ATATGGGTGAGAATTG	1	1	0
AAACACTACGTGGATA	246	241	5
CGATCCAATGTCTTTC	574	565	9
AAGAACAGTCCGTCCA	419	415	4
CCATGCATTTGTGACT	2	2	0
ACAAAGATTTTAACAG	11	11	0
GGTAGCCATGGAGGAG	59	59	0
GTGTCACCAAACGCCT	18	18	0
CCGACTTTCAGGTGTC	236	231	5
CCATCGTCTTCGCTGG	260	254	6
CCGACTTTTCGGTACG	1	0	1
AGGCCGAAAGTTTAGA	229	227	2
GCACTCAGTTGATTCT	209	207	2
CATGACGACATACATT	33	32	1
CGTTGCCTACCCATAT	197	192	5
CAGATGGGTTATAGCC	181	178	3
TGGGAATTGGGTTGGT	2	2	0
ACGGGTTACAGGTGTC	98	97	1
CCCTCTTGGATTGCGA	19	18	1
TCTATTCCTACTTGTG	140	137	3
TCCGACACAAGGTAAT	238	230	8
ACTTCGCTACCCATAT	259	254	5
GGAGTAAGACTCACCG	277	270	7
GCGTATTCACGCTCAG	304	304	0
GCATCACTTCGGTACG	23	22	1
GTTACTAGTACCAGGC	145	144	1
GTCAGGTTAAATGTCG	20	20	0
CTGTTAAAGACAGATA	232	231	1
CGTTGCCTGAAGTGCC	192	192	0
ATTTGTTGGCTTACCT	112	110	2
AAAGTCATCCGCTGTT	188	187	1
TCCAGAAGGAGGCTGA	339	316	23
CCTACGCTCGTCAGCA	13	13	0
AACTCAGTCGCTAATA	304	297	7
TAGTAGCCACCTTCTT	94	93	1
CCATCCACCCGCAACT	194	192	2
ACGTAAACAAACTGGT	166	166	0
AGGAGTCGATCCCACG	231	230	1
GGGAGATGTAACTACT	172	172	0
CCTCATGATGCGTATC	194	192	2
TCGTGGGTGTTCAACT	381	380	1
CGATCCAAATGCGGAT	143	137	6
CTTTCACTAATGAATG	184	178	6
CTGGAACAAGAGGTGG	0	0	0
CTCTGCGTCAGACCAT	505	499	6
AACTGCCTAGGCAGTT	155	155	0
CACTAACCGTCCATGT	453	449	4
CATGACGACCCATAGC	238	227	11
GGCTTTGCTGAAATGA	161	160	1
TAGATCAAGTCCAAAG	265	263	2
GCATCACTGTGTAACC	372	364	8
AGGGTAAAAGCGCGAT	308	303	5
TCAGCCTCCCATTACT	173	172	1
AGGTATATCCTACTAG	279	278	1
CCTTTACACTACCGTT	200	195	5
CGTTTCGTGTACACTC	64	63	1
CTTTCACTGGTTTCTC	320	315	5
TAGGTACGGGGTGTAT	1	1	0
CGATGGCAGCCACATC	154	153	1
CTAACGCCTAGTGGAC	154	151	3
AAGTCCAAAACAATCC	89	80	9
GTGAACTCAAGATTGT	192	190	2
CGAAGAAGACCTTGCC	257	255	2
TGCTTGGGCGGACAAC	235	232	3
GTTGTCCGCCAGCAGT	123	122	1
ACGGAGCAGGTCCCTT	92	90	2
CCGATACGCGGGTAGT	9	8	1
AGGTTCCCGTGGATGG	185	184	1
ATAACAGGGGGTTGGT	1	1	0
CATTCATTTTGGCGTT	253	251	2
AACGCCAACGTCAGCA	207	202	5
CACTTGATGACAGATA	1	0	1
GAGGGTCAATTCAGTA	148	145	3
GTCAAGAGGGGTGTAT	1	1	0
CACTAACCCCTCGTCT	212	206	6
GGGTCATTAGCGTAGG	248	246	2
CCGAGATCAAAGCCTA	155	153	2
AATATGACCCGCTGTT	2	2	0
ATGCATATTGTGTCCT	163	162	1
ATCGCGCTAAGCTTCT	1	1	0
ATCGTAACGGCTACTA	272	265	7
AAACGTGAGTGTCGGA	192	191	1
TCCGCTGTGGAATAGA	118	113	5
ATGCGGAGAATGTTTG	129	128	1
CCGGAAATTGCAAGGG	400	396	4
CTGCGATGACTTCAAT	121	120	1
AGAAACCAATTGGGCC	279	279	0
AACGCCAAAAATCGTT	2	2	0
AGCAACGCTAGTGGAC	3	3	0
CCATGCATTCCAGTCC	348	341	7
TATCCACGAAAGTCGG	315	304	11
CTCCCAAAGTTAACCA	222	211	11
AAAGTCATGATGTATT	220	216	4
GTCTAATCGTGGAGCT	180	177	3
GAGTGTACAACACACG	200	194	6
CCTTTGTCAGCTATGA	142	140	2
TCGGTCATTGTAGTTT	102	100	2
TCATACCAACGTATAC	136	133	3
AGAAGCTTTTTGTGTC	262	260	2
GGAGTAAGGTTCTGTT	1	1	0
ACCCGATTATTGGGCC	449	443	6
TCAAATGGGAAAGACC	1	1	0
AGGAGTCGGGTGGGAT	374	372	2
CCACCTCTACGTATAC	3	3	0
ACCTTCCCAAGTAATC	137	135	2
GGGCATCACTGCGTTG	305	303	2
CAAGGAATGCAGCATG	278	270	8
TCATACCATACAAACT	243	232	11
CACAAGTAGGGTTGGT	266	258	8
TGAATAGGACAGCGGA	114	110	4
GAGCGGAATCTGTGGT	265	258	7
ATACACCCGAGTTCAC	273	270	3
TCATACCACCAGCAGT	169	168	1
AAACACTAGATCGTTT	218	217	1
AGGTTCCCGGGAACGA	161	159	2
CAGTTTAACACGGACT	152	151	1
CTCCTCCATCATATGG	131	128	3
GGTTAGGGTGGAGGAG	1	1	0
GTGTCACCGAAAGACC	119	119	0
TACCCTGCGGGTGTAT	2	2	0
GGACTTCTTGTTTGAG	208	207	1
AAACAAACGCAGCATG	1	1	0
TACCCTGCTCGTCATG	149	149	0
AGCACGTATCGGTTCG	12	11	1
CTGTCGCAAAATCAGA	220	218	2
TACTGAATCTACTTGT	878	871	7
TCCGACACATGGGCAC	136	131	5
AAGGGACCAACACACG	307	304	3
CTGCTAGAGAGTTTCG	8	8	0
GGACTGGACGTACCTA	37	37	0
AAGCCTTCGGGAACCT	229	227	2
CTGGGTATCAGTTTGC	258	257	1
CATGCTGCTAACTACT	31	30	1
ATATGCAATAGTGGAC	202	196	6
ACCACAGATACTTGTG	252	249	3
TATTAGCGGGTCTGAC	205	202	3
GTCTGGAAAGAGGTGG	3	3	0
AGGACACACTACTTGT	309	303	6
AATCGTTCTGCGACAG	170	169	1
AGCACGTAGGGAAGGT	7	7	0
GTCAGACCTTTGTGTC	144	144	0
ACCTTCCCAGAAGTCC	7	7	0
AAGGCGCTATCAAGTG	437	431	6
TCATAGCTCCTGTTAT	233	227	6
TACCGCTCAGTGAAAG	487	484	3
CAAGGTACCCCTAACC	5	5	0
TGGTGTCTTTGATTCT	100	99	1
CTGTTTCCGGCCCTTA	123	122	1
AAGGATGACCCATCTG	52	49	3
AGCGTGGTTACCGGCA	204	202	2
CAGATGGGGGGTGTAT	1	1	0
TAGGTACGCTGAGTGC	43	42	1
ATCAATCGAATTCCCA	53	52	1
CATTCATTGGTTTCTC	303	301	2
ACTGCTGGCGAGATGT	179	177	2
ACCAAGGGTTGCATAT	29	28	1
CGAAGAAGCTTCTGGA	652	642	10
TAACTTCTGAGGCTGA	484	480	4
CTGGGTATGCCGGATT	116	115	1
AAACGTGAGGGAAGGT	441	435	6
CGACATTTGCGCATTC	284	280	4
GTACGCTTGGACTTCC	212	208	4
CAGACTCGTGCGTATC	163	160	3
CTGTCGCATTGGACTT	302	298	4
ACTACCCGGTGTCGGA	160	159	1
AGGGTAAATTGAGGGT	1	1	0
ACACCAAGTAGTCGCA	1	1	0
GCTTCTCCTTGGACTT	323	321	2
GAAATACGATGCATGG	30	28	2
ATACTCTCATCCGCTA	230	229	1
GTCAGACCGACGATGG	166	163	3
CTACGGGAGCTTTCCA	163	162	1
AACAGCGGGGAGAAGC	191	186	5
TAACTTCTAAACAGGG	213	211	2
TGAGCACATGTGGCTA	486	478	8
GTCTGGAAGGCTACTA	393	389	4
CCATCCACCTTTAATC	367	366	1
AGGTTCCCTCGGTTCG	179	178	1
ATCCCACCGGCATGCT	1	1	0
GCGTGCAAGAAGGCTT	171	167	4
GTCCACTAGTTTACGT	59	58	1
GAGGGTCATGCTATTT	191	188	3
GAGGAGTGGAAGCACT	230	228	2
GACACCTGGGGTGTAT	169	161	8
ACCTTCCCCATACATT	180	174	6
GCTCGTAGGGTCTGAC	1	1	0
CCGATACGAGCGTAGG	74	69	5
TCATACCATGTGTCCT	136	136	0
TGAGCACATTTAACAG	1	1	0
CTTTATCCAGCACCAC	1	1	0
GTCCTTGCCCTGACAC	329	329	0
GAGTGTACGCTCTAGT	349	343	6
ATGACAACCACTTTCT	10	10	0
TGCACCAGCACTCCTC	180	179	1
GAGAAACCACCTTCTT	542	534	8
AAGCCTTCCTTGGTGT	248	246	2
ATGACAACTATTGCCT	73	73	0
CGAAGAAGCCTATTCA	130	125	5
CTCACATCGTGTAACC	1	1	0
GATACGCATTAAACTG	272	269	3
ACCCTCAAATATACCT	317	313	4
CTGTCGCAACTAGGAT	55	54	1
TAAGGGCCCTGGTGCA	228	225	3
AACGATTTGTGGATGG	275	255	20
CCCTCTTGAAGTAATC	199	195	4
ATAACAGGCCCATCTG	520	512	8
AACAGCGGAGAAGTCC	198	195	3
CCCTGTTTTAGTCTAG	2	1	1
AAGAAGGTTTGGACTT	4	4	0
AGTCACAAATCCCACG	177	177	0
CCCTTGCATCTGTGGT	17	17	0
ACCTTCCCCAACAAAT	1	1	0
AACAAATGGTTTGTTT	3	2	1
CAGGTTGCGCGTTGCT	1	0	1
ACAATCTTTAGTCTAG	280	278	2
CCACGTTGTCCAGGGA	141	136	5
AGCAACGCTCCCGTAG	349	348	1
ATAACAGGTTTGGGAG	256	253	3
GGCTTTGCTGGGATTC	297	295	2
AGGACACATCATGAGG	479	472	7
ACATCTCGTGCGTATC	202	198	4
GTACGGACCAGATTAC	402	394	8
GGAACGAAACTGCCGT	4	4	0
AATACATCACCTTGCC	207	205	2
ACTACCCGTTGCACGC	186	182	4
AGCATGCCAACACACG	258	254	4
GCTTCTCCTTCCGAGT	194	190	4
GGTGTCGACCGCTGTT	165	165	0
CTGTTAAATCGGTTTA	203	201	2
AAACCGCCTTGTGACT	3	3	0
GAGGAGTGTCGGTTCG	223	221	2
CTCTATAGTAGTGTTT	176	174	2
CCCTTGCATGGCTACC	112	109	3
AGCTTCGACACAAGGC	283	282	1
AAATTCCGACCCATAT	160	160	0
TATGTGAAGCTTTCCA	123	121	2
GTTCTGCTCCCATCTG	250	250	0
TAACTTCTTGGCTACC	498	484	14
TCTGATTTGAACGATT	2	2	0
GGCACTTCTAGCTTAT	0	0	0
GCGGTAACGTCATATT	1	0	1
GGGTCATTTTGAGGGT	73	73	0
ACCCGATTTTGATCTA	256	254	2
ATGTGCCGTGTAGTTT	234	230	4
GGAGTAAGGGATAAAG	2	2	0
TATCCACGCACAGTTT	116	113	3
CTCCTCCAAATGAATG	210	205	5
TCGACTGCTGCTCCGT	275	272	3
AGACCTCATGGTTTCT	116	116	0
CTGTGACCGGGCCAAT	189	179	10
TAGTCTCTGGGTGTAT	1	1	0
ATCCCACCCAACAAAT	221	219	2
CCACCTCTTCCAGTCC	184	181	3
AAGCTCCTGTTGCACG	137	137	0
CGACATTTTTGGACTT	106	104	2
GGCAAGGTGTTAACCA	461	454	7
GTCAGGTTTGCGTATC	1	1	0
GATTACTTGAGTTTCG	1	1	0
CTCCTCCAGTCCATGT	2	2	0
CAAGGTACGGGTGTAT	1	1	0
CGAAACTCATACTCTT	116	113	3
GCGTATTCTCGTCATG	352	341	11
ATACTCTCAAATCAGA	820	813	7
CTGCTAGAAGATGGCT	2	2	0
ACATCTCGATTGGGCC	309	302	7
CGTTTCGTGACAACTT	2	2	0
AAACGTGACAACAAAT	1	1	0
AACAGAACGGGAGGTA	1	1	0
TGGGAATTGTTCAACT	288	284	4
AAACGATCCAATACTT	298	290	8
ACTCATACCGCTCTCA	107	106	1
CGTTGCCTAATTCCCA	279	268	11
GCGCTGATATATACCT	339	339	0
ACCCTCAACTTCGCAC	426	423	3
ATTATTCGACTGCCGT	158	154	4
CACAACCTCGGCACAT	287	283	4
CAAGGGTTTGAGGTCT	259	255	4
GTGAACTCTCCTTATT	233	232	1
GTAAGCCGCTCGCGTA	132	128	4
CACTTGATCCCATCTG	100	99	1
CGAAACTCGGATAAAG	184	182	2
GATTGGGAACCCATAT	72	72	0
GTGAGGCATCTGTGGT	204	201	3
TACCGCTCGGTTAGTG	1	1	0
CGTCGAATCTGCGTTG	127	126	1
AACAGAACTGTGTCCT	264	259	5
AGACCTCACTTACGGG	435	431	4
CCAGCGAAGCTTTCCA	163	161	2
TACTGAATTAACCCGT	192	188	4
ACTGCTGGGGGTGTAT	2	2	0
AAATAGCACGACGTCA	225	224	1
AAAGCCCGTTTGGGAG	56	54	2
TACTGAATTTGTCGCC	102	99	3
TGCGACTAACGCAGAG	1	1	0
GGGTCTAGTACAAACT	299	296	3
TGGTTAACTTGCATAT	258	254	4
AACGTTACCTTACGGG	204	203	1
TACCTCCCAGCGCGAT	343	339	4
CCACCTCTAGAGGTGG	1	1	0
AACGATTTGAAGCACT	232	228	4
CCATGCATTAGAAATG	276	274	2
GATTAAAGGTTCTGTT	240	235	5
TGAATAGGATATACCT	189	185	4
CTCACATCAGAGGTGG	1	1	0
GGCACTTCATGACCGA	668	661	7
GGGAGATGGCCGGATT	176	173	3
ACCACAGATGTCTTTC	228	225	3
GGGTCATTTAGCTTAT	220	219	1
CGGACTAATGTTTGAG	118	115	3
GGCGACAACGAACGTA	231	230	1
GAGGAGTGCGTAGAAG	265	259	6
GTGTCACCGATTAGAC	127	125	2
ACGGAGCAGCAGGGTA	37	36	1
GATGGTTAACTAGCCA	1	1	0
CCACCTCTAAAGTCGG	1	1	0
AATGTATGCTGTTCTT	173	172	1
CCGATACGGACAGATA	75	74	1
ATGACTTGATATGCAT	192	191	1
GCCAACATTAGTGTTT	145	143	2
CAAACATTGAAGCACT	252	250	2
GGATTGTTGGGTGTAT	1	1	0
CGTGGGATTGTGGCTA	78	77	1
CTTTATCCCAACAAAT	1	1	0
CGGCTGTAGGGAAATC	188	183	5
TGCACCAGCCCGACTT	4	4	0
GTGTCACCTCCCAATC	4	4	0
CGGACTAATCCTTATT	114	112	2
ACGGTTGGGCAGCATG	1	1	0
CGTGGGATATGAAGCA	145	142	3
AGTGCTTCTCATGAGG	252	250	2
AAACAAACCCTATTCA	176	172	4
ACATGGACCAGGTGTC	224	218	6
CTTTGGACGCATGGGT	213	209	4
TACCGCTCAAACTGGT	248	245	3
AAGAAGGTGAACGATT	9	7	2
GCTATGGGATATCTTC	9	8	1
TACCTCCCGTTCTGTT	142	139	3
CTAGTAGGAGCGAAGT	244	241	3
GCCTTGTGTGAAATGA	259	256	3
AGCACGTAGCTTTCCA	210	207	3
CTAGACTAAAACTGGT	256	254	2
CGTTGCCTAGCTACGG	257	254	3
CCGTAGCTGATCTCGG	103	101	2
TAAACCGACAACAAAT	97	97	0
CCGACTTTAGCAGAAC	2	2	0
GAAAGACACGTACCTA	196	194	2
GGGATTACTAACTACT	579	576	3
AACTCAGTCTACCGTT	13	13	0
ACTGGTCAGTCAATAC	247	246	1
TGGTTAACACTGAGTT	179	178	1
TGAGCACAGCTCTAGT	519	513	6
CTGAGCGTTGTACACG	159	156	3
AAATTCCGCTTACGGG	322	316	6
CCATATGAGGCGGTTT	1	1	0
AAACACGGCATCTCCC	171	168	3
CCTTTGTCCTTACGGG	186	186	0
AAGTTGTCACAGCGGA	828	819	9
AACGATTTTCTGCATC	329	320	9
GGCAAGGTGCCTCTTT	56	56	0
GCTATGGGTCACGTTT	17	17	0
GCGCTGATCATACATT	330	329	1
CCATGCATCTTACGGG	2	2	0
ACGGGTTAAAGCTTCT	241	236	5
ACAAGTAGCATCGCAG	0	0	0
GTCCTTGCGCAGTCGA	83	83	0
GGAGGTTTCATCTCCC	3	2	1
AACTCAGTTGACCAGT	16	16	0
GAATCCCAATACTCTT	177	174	3
CTTCTACGCGAGTCTG	1	0	1
TGGTGTCTGTTTGTTT	531	522	9
ACTGGTCAGTTGTCAT	158	157	1
AGCAACGCGCGCATTC	14	14	0
GATGGTTAGCTTTCCA	232	227	5
CGTGTACATCGGTTCG	203	198	5
GGGTCATTGGCCTAAG	1175	1157	18
TAGATCAAAAGCTTCT	157	154	3
AGTCACAATTGATTCT	54	54	0
GGCGACAACGCTAGTC	173	172	1
AGCTCCACGCTTTCCA	188	187	1
ATCCTAGTTTGGATCG	166	164	2
CAACGCAGGTCATATT	257	253	4
GAAGATATGAGTTTCG	8	8	0
AATACATCCGAGTCTG	189	184	5
AAATAGCAATGACTTT	2	2	0
ACTAGAGCGAAAGACC	2	2	0
GTGATAAACTTACGGG	172	170	2
AAACACTAAAAGTCGG	316	313	3
AAACGATCGTTCTGTT	48	47	1
AGACGAGGCGGGTAGT	38	38	0
GGTCTTTCGGGAGGTA	160	155	5
CAATCTAGGAGAGTAT	195	190	5
TAATCCATAAAGTCGG	201	201	0
AGGTATATTTATCTGT	152	147	5
AATGTATGGAAGTGCC	8	8	0
CTGTTTCCGAGTTCAC	171	170	1
ATTTCCATTCACGTTT	1	1	0
ATCCCACCGGTGGGAT	245	244	1
GACACAAAGATGTGAG	217	212	5
AATCCGGCCTAGATTG	1	1	0
ACCAAGGGTTCGTTCC	246	242	4
TGGTGTCTGGGTGTAT	1	1	0
CACAAGTAGTCTCTCT	75	74	1
TAAGGGCCAGAAGTTA	195	193	2
TCGACTGCCTTGGTGT	144	141	3
TGGACGGAGAGTTTCG	113	111	2
AGTTTGTAGGTCTGAC	284	277	7
GTGAACTCCGCTCTCA	375	373	2
TACCTCCCTAACCCGT	40	40	0
TGAATCCTACTTCAAT	8	8	0
ATACTCTCCAACAAAT	1	1	0
TCCCTGGAGGGTGTAT	1	1	0
CCTTTACAGACGATGG	114	111	3
CCCTCTTGGGATAAAG	151	147	4
AGGAGTCGCCCTTGGT	1	1	0
AGTTGCGGTCGACACC	308	305	3
GGCGACAAATTCGACG	243	239	4
CGGACTAAGGTTTCTC	388	386	2
CCTTTACACGGAATTT	94	93	1
ATAACAGGTACAAACT	1	0	1
CAAGGAATCGTACCTA	163	163	0
AGGGACTGCTTACGGG	3	3	0
CGACATTTTCATCCTT	279	276	3
AAGTTGTCAAGCTTCT	108	106	2
CTGAGCGTTAACCATC	169	167	2
GTGATAAAATTGGGCC	200	198	2
ACCGTCGACTTCTGGA	220	215	5
CTTTCACTAAATCAGA	205	200	5
GATTGGGAGATCGTTT	235	229	6
CCATCGTCATATACCT	213	212	1
GTCAGACCCGACTCCT	138	137	1
CAAGGTACGGAAACAG	172	170	2
AGCATGCCAATGAATG	286	283	3
CAAGGTACCAACAAAT	222	216	6
CTGTCGCAGTCAAAGA	72	72	0
ATGTGCCGTTTACCCT	282	278	4
ACCAACCCCTTACGGG	7	6	1
CAACGCAGAGGAGCTT	136	134	2
AGGGACTGATTCAGTA	433	424	9
GATACGCAACTCACCG	217	213	4
CTGGGTATCCTCGTCT	1	1	0
ATCGTAACACCTTCTT	214	211	3
CGGACTAAGGCTACTA	137	135	2
AAGTCCAAGTCCAAAG	343	337	6
ATGACTTGCCCTTCAG	272	269	3
TAAGGGCCATATACCT	93	92	1
ATCCCACCCGCTCTCA	0	0	0
GGCCCAATTCTCACTT	311	310	1
ATGTGCCGTTGCACGC	165	164	1
CGATGGCAGGGAGGTA	510	502	8
AAATAGCAGAACGATT	1	1	0
AACGGTAGGTCATATT	231	225	6
CTGAAGGGAGACACCA	3	3	0
GTACGGACGAAGCACT	158	156	2
AAAGAGGCGTTCTGTT	1	1	0
GGAACGAACGTATTTC	227	225	2
CAATCTAGGCATGGGT	1	1	0
CTAGACTATGATGCCC	158	156	2
CTAGCACGAAGCGTAC	3	3	0
ATCCCACCGGGTGTAT	2	2	0
GAAGATATCTTTCTTT	252	249	3
AGGTTCCCCAGTTTGC	446	434	12
CGTGTACAGACAAAGG	14	13	1
CTGTGACCCTAGATTG	70	68	2
TAAGGGCCTTATCTGT	247	241	6
AAACGATCTATTGCCT	227	223	4
TGGTTAACACCCATAT	169	166	3
CCCGTTCTCTTACTCC	93	91	2
CGTGCAACGGCTACTA	2	1	1
AAAGAGGCCGGGTAGT	141	140	1
ACTGGTCACGTGCTAG	194	192	2
AAACACGGCCAGCAGT	194	192	2
CTGTGACCCCGCTGTT	207	205	2
GCATCACTGCAGGGTA	219	215	4
CATGCTGCTTCCGAGT	110	107	3
CCAGACAGGATTAGAC	628	617	11
CCATATGATAGTCGCA	346	341	5
TAATCCATTCTCAACC	210	207	3
CTCAAACACTGCGTTG	562	555	7
ACCAAGGGCCCGAATG	1	1	0
CGATGGCAAGAGGTGG	1	1	0
GGAGTAAGGTATGAGT	153	149	4
CATGCTGCCAAGAGGG	444	436	8
CATTCATTTCCTTATT	185	182	3
AGGAGTCGTCGTCATG	1	1	0
CAGGTTGCTTTGGGAG	375	370	5
CTGAGCGTAACCCTTG	131	129	2
TACTGAATGAGAATTG	1	1	0
ACAAGTAGGTTTACGT	202	194	8
AAACAAACATGCGGAT	294	290	4
GCATCGAGTTATAGCC	1	1	0
TGCTTCATTGTAGTTT	2	2	0
AGGAGTCGCGTCAGCA	270	265	5
AGTGCTTCGTCTCTCT	7	7	0
ATTGGCCCAAGGTAAT	151	150	1
ATGCATATGTTCAACT	124	121	3
GTGAACTCGCGCATTC	148	148	0
GGATTGTTGTAACGTT	1	1	0
AAACTGTGTTGATCTA	132	132	0
AAGTGAGACACTTTCT	200	199	1
GGCTATAATTTGGGAG	2	2	0
GTAAGCCGGGTTAGTG	23	23	0
CGTTGCCTGGGAAGGT	136	134	2
GAAAGACATGGAGGAG	178	175	3
ACCAACCCCTGGTGCA	5	5	0
CAAGGTACTAGAAATG	214	212	2
TGGTTAACAAACAGGG	272	265	7
AAACACTAGTCTCTCT	143	141	2
ACTACCCGGAAGTGCC	5	5	0
AGTCACAAAGAGGTGG	1	1	0
GATGTGGCAGAACGGG	1	1	0
AATCGTTCAGGTTGTG	188	182	6
ACCTTCCCCACAAGGC	163	160	3
CAAGGAATCAGATTAC	222	219	3
TCATACCACCTGACAC	142	139	3
ACCAGTTTTAACTACT	106	105	1
GGGTCTAGAGCTACGG	93	92	1
GGCTATAAATGCATGG	75	75	0
GGTTACACTAGTGGAC	69	68	1
GATGGTTAGGAATAGA	79	79	0
ACCAAGGGTCCAGGGA	157	155	2
GTACGGACAATGTTTG	22	21	1
CTGTCGCATAGCCTCG	215	212	3
ATTCTGAGTTCCAGAC	10	10	0
ACGACGACCCATTACT	57	56	1
ATGTGCCGTAGCTTAT	1	1	0
TAGCGGATCTCCGCAT	16	16	0
CTTTATCCGCATGGGT	410	406	4
ACAAGTAGGGGAACGA	218	216	2
AACAGAACGCTCTAGT	2	2	0
GATTTCCCCCGCAACT	414	410	4
AGGTAAGCCCCGAATG	200	197	3
TCTTTGACAAGTAATC	36	35	1
AACGATTTGGAATAGA	160	160	0
CTAGTAGGCTTACTCC	181	176	5
TGAGAGCGGGTGGGAT	2	2	0
CCCTTGCAGGAGAAGC	193	192	1
GACACCTGTCGGTTCG	193	192	1
CTGCGATGTTATCTGT	1	1	0
CAAACATTTGCTCCGT	130	129	1
AGCTTCGAGCCGGATT	273	270	3
AGAAACCATGGAGGAG	1	1	0
AGTTGCGGTTAGGACC	229	228	1
GCTAAGTTTAACCCGT	183	181	2
GAGAAACCAATCGGGT	3	3	0
GAATGCGCGCCGGATT	223	219	4
CAATTCTCATGCATGG	230	228	2
GATTTCCCGTTTACGT	234	226	8
TACCTCCCTTGATTCT	110	108	2
TAGATCAAGAAGGCTT	16	16	0
CATTCGGGCGGCTTAC	171	171	0
ATTGGCCCGTCTCTCT	267	265	2
TCTAAACTTGAGGTCT	196	195	1
GTGTCACCTACCGGCA	4	4	0
TCGAGTTTGGGTGTAT	1	1	0
GGTAGCCACTTTCTTT	82	82	0
AAGGGACCGTGTAACC	184	181	3
ACAAAGATACGGTAGC	399	393	6
GGCTTTGCTTGTTTAC	214	210	4
GGATTGTTTGCTCCGT	220	220	0
GCCAAAGCCGTATTTC	186	185	1
TGAATCCTAGGAGCTT	89	86	3
ACAAGTAGACTGAGTT	436	422	14
AAGGATGATTGGATCG	351	347	4
GTTACTAGGAAGCACT	199	198	1
CATTTCTACTTACGGG	177	173	4
CACTAACCAATGAATG	349	342	7
AGCTCCACACTAGGAT	188	183	5
CTTTATCCGTTAACCA	0	0	0
GGGTCTAGATGACCGA	337	333	4
TCGTGGGTAATGAATG	191	187	4
CTCACATCTAACCCGT	240	239	1
CTTTGGACGTAACGTT	182	177	5
ACCCATGCACACTAAG	4	3	1
TGAGCACAAAACTCGA	3	3	0
GTGCGAAGGGCGGTTT	2	2	0
TACTGAATGACAGATA	375	372	3
AAACTACACAGTCCCT	1	1	0
CCGACTTTCAAGAGGG	53	52	1
ACGAATTCGGTGGGAT	2	2	0
AGGTTCCCCTACGAGC	724	721	3
AGCGTGGTCCCATCTG	258	253	5
TAATGTGGAAACTCGA	244	243	1
GTGTCACCAAACCTCC	44	44	0
AGGTAAGCCTCCGCAT	226	222	4
ATACACCCAGGATTCA	180	177	3
GATTTCCCTAAATAGG	2	1	1
TACCGCTCTTAGGACC	108	105	3
CATGCTGCCAATTAGT	191	187	4
CCACGTTGCGAACGTA	63	63	0
GCCTGGTAGGGTGTAT	1	1	0
GTAAACAAAGATGGCT	179	176	3
CGTGTACAAGTTTAGA	1	1	0
ACGACGACAAACTGGT	333	329	4
GACACAAATCACGTTT	192	187	5
ATACTCTCAAACCTCC	194	190	4
CTCACATCTTAAACTG	262	256	6
AAGGCGCTCAGTCCCT	207	205	2
TGGAAAGCATTCGACG	246	245	1
TAGATCAACTAGACCC	198	196	2
CTTCTACGTGGCCTGT	1	1	0
ACGGCAGTGACAACTT	2	2	0
AAACACTATTAGGACC	191	190	1
TACTGAATGGTTAGTG	80	80	0
AAACACTACGACTCCT	548	539	9
TCGAGTTTAAGATTGT	124	123	1
AGTAGTTAAGCTATGA	223	222	1
TACCGCTCTGCTATTT	0	0	0
GGGTCTAGGGGTGTAT	1	1	0
AATATGACCCCTTGGT	428	424	4
ACGCTTAACTGCGTTG	186	186	0
CCTTTGTCCCGCTGTT	1	1	0
AAACCGCCGCATGGGT	23	23	0
CAGACTCGAACTTAGC	210	209	1
GGTTGAGACTTCGATT	7	6	1
CTGTTAAATCTGTGGT	187	182	5
CTCACATCAAGCGTAC	1	1	0
CTAACGCCAAGTAATC	188	185	3
CATTTCTACCTCGTCT	238	233	5
AAGTCCAAATGCATGG	45	44	1
AACGCCAAGGGAACGA	226	223	3
TGGAAAGCGTGTCGGA	280	277	3
ACGTAAACGGAAACAG	477	470	7
CAAGGTACTCATCCTT	258	255	3
GTCCTTGCAAATGTCG	99	98	1
GTATACGTCGCTAGTC	194	190	4
GCCTGGTACTGGTGCA	150	149	1
GTCCTTGCCGCTAGTC	37	37	0
AAGTGAGATAACTACT	107	105	2
AACAAATGCTTACGGG	566	556	10
CCTCATGAAAATCAGA	149	146	3
ACCGTCGAGTACCTTG	315	313	2
ATCAGGGATTAAACTG	272	265	7
ATCAGGGAAGCTATGA	213	211	2
GACACCTGTATTGCCT	1	1	0
ATTTCCATCTGAGTGC	2	2	0
CTGGAACATTTGTGTC	175	175	0
ACTGGTCAGGGCCAAT	214	214	0
CTCACATCTAGTGGAC	104	103	1
AAATAGCATCTGCATC	239	235	4
TAGCGGATTTTAACAG	41	41	0
CGGTGAGTTCATATGG	137	137	0
GATGTGGCGTAATCCC	214	212	2
GATTAAAGGATTGCGA	201	198	3
TCGCAATCAGCGCCTT	30	29	1
AGTAATGGGTCCGTAC	277	274	3
ATTGAAGTGACAGATA	1	1	0
AAACCGCCCGTAGAAG	189	187	2
AGTCCGTGCAACAAAT	212	212	0
TGTTATCAGACAGATA	13	12	1
GTGTCACCCTTCAGGT	2	2	0
ACCTTCCCAGAAGTTA	7	7	0
TACTGAATGAAAGACC	1	1	0
GATTAAAGGGTCTGAC	287	283	4
CCATATGACGTATCGG	186	183	3
GTGCGAAGAGCGCCTT	1	1	0
GAAGATATGGTTAGTG	3	3	0
GAAGATATTCTCAACC	1	1	0
CTTCTACGGGGTGTAT	1	1	0
GGCGACAACCCTAACC	226	222	4
GAGAAACCAGCGCGAT	246	240	6
CTGTCGCACAAGAGGG	240	235	5
AGTAATGGACGGTAGC	405	402	3
AATGTATGTAAATAGG	1	1	0
CCACGTTGTAAGACGG	154	151	3
CCGTCTTATTCCAGAC	312	307	5
AGCGTGGTGTCCGTAC	1	1	0
AAACAAACTTCGGCCT	174	172	2
CCAGCGAAAACACACG	305	301	4
GAGGAGTGAACCCTTG	135	131	4
CTCACATCGGTTAGTG	44	43	1
ATCTTGGCACGCAGAG	238	236	2
GCGCTGATGGGTTGGT	0	0	0
CAACGCAGCTTACGGG	252	250	2
TACCCTGCGTCAAAGA	193	192	1
ATTCTGAGTGGCTACC	105	104	1
ACGAATTCATGGAAAT	1	1	0
GATTTCCCGGGTGTAT	2	2	0
TCTTTGACTCGACACC	20	20	0
TGAATCCTGGGAAATC	213	209	4
GCAAACTGGATCTCGG	250	244	6
CACTAACCCGATTGAT	2	2	0
TGCTTGGGTAGTCGCA	10	10	0
TATTAGCGTTGAGGGT	200	195	5
CTAACGCCCTTCGCAC	113	112	1
ATAAGCTAGTTTACGT	133	131	2
AAGTGAGATGTAAAGG	370	369	1
AGGAGTCGGCAGCATG	3	3	0
ATGACTTGCGATTGAT	156	154	2
GGGCATCAGTCCAAAG	13	13	0
GCTTCTCCTGAGGTCT	436	428	8
CTAGACTAGAGTTTCG	1	1	0
GGGAGATGACCCACGA	56	55	1
ACTCGGAAGTAATCCC	128	128	0
GTAATCTGCTGGTGCA	238	235	3
GGCGACAACGCCTTGA	246	243	3
CCCTGTTTGTTTACGT	209	206	3
ACGTAAACTCATGAGG	148	148	0
CCGATACGCTCTTGAC	1	1	0
CCGTAGCTAGAACGGG	198	198	0
CTGCTAGAAAAGTCGG	376	372	4
TCCAGAAGTCGGTTCG	2	2	0
TGGAAAGCAAGCGTAC	82	82	0
CACAAGTAGCATGGGT	205	201	4
TGGAAAGCTTCCGAGT	198	198	0
TCGACTGCCAGTCCCT	3	3	0
AGTTGAACCGGACAAC	412	408	4
GCTTCTCCAGGTTGTG	95	95	0
ATATGGGTTCCCTGAT	244	239	5
CGTGTACAATGACTTT	207	205	2
CGTGTACAGGCTACTA	144	142	2
CCGACTTTGTCGTCGT	189	188	1
CCACCTCTATACTCTT	3	3	0
ATTATTCGTGCCTCAC	259	257	2
GCCTTGTGTGGCTACC	426	419	7
GCTATGGGGATCTCGG	254	249	5
CTGTGACCAGAGGTGG	2	2	0
CGACATTTGGGCCAAT	30	29	1
ACCTTCCCGAAGTGCC	109	106	3
CATTCATTGGAGAAGC	168	164	4
CTGTGACCAGGAGCTT	5	5	0
TACCGCTCGACGATGG	29	29	0
GCCAAAGCGAGTTCAC	407	403	4
ACCTTCCCGAGAATTG	163	160	3
GGTAAATCTCCTTATT	166	164	2
GAATGCGCAGCGCGAT	1	1	0
GATTAAAGACAGCGGA	2	2	0
AATCGTTCCCACATTA	180	177	3
AAGAACAGTCATGAGG	1	1	0
CAAGGTACACGCTCAG	13	13	0
GGAGTAAGCAGGTGTC	2	2	0
AGAAAGTGACATCTAT	219	217	2
CTTAGTGTCGCTAATA	166	163	3
CCTATTTACGGCACAT	191	191	0
GGGTCATTCTTTAATC	171	168	3
CACTTGATGACGATGG	7	7	0
AGAAAGTGCAGTTTGC	209	204	5
GCTCGTAGACCTTCTT	108	106	2
TCGTTCCCATATGCAT	136	134	2
TCCAGAAGCAGGTGTC	147	145	2
AAGGCGCTGCAACCTG	205	203	2
GAAGATATAGGAGCTT	2	2	0
TGAGCACAATATGCAT	225	220	5
GAGCGGAACGTGGATA	169	165	4
ACCGTCGATCATGAGG	240	239	1
AAGCCTTCCGCTAATA	205	202	3
ACAAGTAGAACAATCC	33	33	0
CATTCGGGAACTTAGC	175	175	0
AAGCCTTCACGCAGAG	119	117	2
TAGTCTCTACGAAACG	88	87	1
GTGTCACCCACAGTTT	5	5	0
AGAAACCAGCAAAGCC	238	232	6
CTCTGCGTTGGTTTCT	1	1	0
CAGACTCGTGTGGCTA	146	145	1
AACTGCCTAGAAGTTA	193	190	3
GCCTGGTAACCACGCT	208	207	1
GCTATGGGTGCGTATC	272	268	4
AAGGATGACGACGTCA	493	490	3
AAGAAGGTAATCGGGT	241	239	2
ATAACAGGCGCTCTCA	37	36	1
CGATCCAATGTGCTCA	0	0	0
ACCTTCCCTTGTGACT	3	3	0
AGGTTCCCAAATGTCG	118	118	0
AGGGTAAAATGGAAAT	2	0	2
ATGACAACTACCAGGC	8	8	0
TGGAAAGCTTTGTGTC	2	2	0
CCTATTTACAAGTCAT	425	416	9
TGACGTCGCTTAGGTA	9	9	0
AATCGAAGGGTCTGAC	154	150	4
AAACTACACGACTCCT	175	174	1
CGGTGAGTCCTGACAC	227	225	2
ATGGGCTCGAAAGACC	307	305	2
CTGTCGCAGAAAGACC	165	163	2
ACCAACCCTGGTTTCT	2	2	0
ATCCTAGTAAACAGGG	1	0	1
ACTGGTCACTTCTTCG	584	574	10
CATGACGACCCTTCAG	10	10	0
AAGCCTTCTGGGATTC	184	180	4
GCTTCTCCATACTCTT	160	160	0
CCCTCTTGTGCCATCG	206	205	1
GCCTGGTATCGAAGCT	103	101	2
GATGTGGCCGCTAGTC	1	1	0
GCGTATTCTCGGTTCG	227	225	2
CTCCTCCACTTACGGG	78	76	2
GAGAAACCCGGCTTAC	192	187	5
ATTTGTTGCGAGTCTG	231	226	5
ACCACAGATCGGTTTA	237	235	2
ATTGGCCCAATGACCC	140	139	1
TGGTGTCTGAAAGACC	328	323	5
CACAACCTGAGCGGTA	332	327	5
ACTGCTGGAAAGTCGG	191	189	2
CTTAGTGTCCTCGTCT	269	266	3
GTAAGCCGTTCGTTCC	15	14	1
AGCTTCGAACGAAACG	247	244	3
CACAACCTTTAGGACC	1	1	0
AAATTCCGGAAAGACC	1	0	1
AACGTTACTTCGGCCT	257	250	7
CCACCTCTCGATTGAT	1	0	1
CCAGACAGCGTATCGG	31	31	0
CTGCGATGGACGATGG	30	30	0
GCCTGGTATTTAACAG	1	1	0
AAGTCGGGTTAGTCCG	163	163	0
CCCGTAAGTCGGTACG	343	343	0
TAGTCTCTACTTCAAT	134	133	1
AGGTATATCACAACAG	0	0	0
CGTACCGATCGACACC	2	2	0
ATAACAGGCCGTGTTT	2	2	0
CAGGTTGCAAATCAGA	99	97	2
TCCGCTGTCCGTGTTT	1	1	0
AGCATGCCTTGATTCT	234	230	4
CGAGGCTAGGCTACTA	1	1	0
ACCAAGGGATATCTTC	113	112	1
CGTGTGTTGGCGGTTT	1	1	0
CTGTCGCAGGTCCCTT	49	48	1
ATGACTTGGCCGGATT	69	68	1
TGGAAAGCGACGATGG	209	207	2
ACAGATAATGGTTTCT	198	196	2
CTTTATCCCGCCTTGA	245	243	2
AATCGTTCAGAACGGG	1	1	0
TAGGCTTTTGCCTCAC	1	1	0
CAATTCTCCGTACCTA	118	118	0
ATTTGTTGGCAGGGTA	169	167	2
ATTTCCATGAATTCGT	2	2	0
CCGTCTTACAATTAGT	96	96	0
ACAGGCCAGAGTTTCG	163	159	4
ATGACTTGGGTCTGAC	231	226	5
CCACCTCTAAGCTTCT	3	3	0
TGAGAGCGTCTCAACC	96	95	1
CGGACTAATCCCAATC	102	100	2
GGAGGTTTGGGAGGTA	1	1	0
GGACTTCTTGCCATCG	151	149	2
GGTCCTAATTTATCAC	168	166	2
AAACAAACTTGAGGGT	4	4	0
ATGTGCCGTCCCTGAT	388	384	4
TCTATTCCCATTTGTT	109	107	2
ATCAATCGAGCGCGAT	173	170	3
ACCACAGAGAATACGC	2	2	0
CCACCTCTAGAGACTA	215	213	2
CGACATTTTACCGGCA	217	213	4
CCATCGTCACTTCAAT	191	188	3
CCTATTTAGGGAGGTA	2	2	0
CCACCTCTGTTTGTTT	1	1	0
CCGATACGGACGATGG	2	2	0
GTCAGGTTATGCGGAT	124	121	3
CGAGGCTACTTCTGGA	174	173	1
TAGCGGATGAGTTTCG	1	1	0
GTGATAAATCCCTGAT	39	38	1
CTACGGGACCCTAACC	418	408	10
AGAAACCACTTACTCC	243	241	2
CACAAGTAGTTGTCAT	291	286	5
TGAGCACAGAGCGGTA	213	207	6
CTTTATCCGTTGTCAT	106	106	0
CCCTGTTTAAAGCCTA	115	110	5
ATTGGCCCTCTAGCAG	169	166	3
GGAGGTTTTGACCAGT	239	236	3
TCGTGGGTGGGTGTAT	2	2	0
TCCGCTGTCGGGTAGT	313	305	8
GGAGGTTTCGAGATGT	1	1	0
TACGTTCGATCCCACG	201	198	3
TACCCTGCAGCAGAAC	9	9	0
GTCTAATCTATTGCCT	196	195	1
TAGATCAAGAGAGTAT	1	1	0
AATAAGGACTATAGAG	146	142	4
ACGACGACTCCTTATT	183	179	4
ATCGTAACGGTCCCTT	62	62	0
ATACACCCAGAGGTGG	1	1	0
TACCTCCCAGCGCCTT	1	1	0
ACCAAGGGGCAAGGAC	1	1	0
ATGCGGAGCTGCGTTG	197	195	2
TCAGCCTCGAGTTCAC	1	1	0
GTCCACTATGACCCTC	148	144	4
TACCGCTCGTGGATGG	143	140	3
TGAATCCTCGACGTCA	225	223	2
ACGGCAGTTCTCAACC	147	147	0
ATAACAGGGGGTGTAT	1	1	0
CGAACCGATAACCATC	299	295	4
GTGTCAGGGGGTGTAT	5	5	0
ATCAGGGACTACTTGT	300	296	4
TAGTAGCCCTGCGTTG	1	1	0
CAGTTTAATGACGGAC	213	207	6
GAATCCCAACATCTAT	747	741	6
CAGATGGGTAGTGGAC	229	226	3
CACTTGATAGCGCGAT	1	0	1
AAGGGACCCTACTTGT	242	239	3
AGCTCCACTAGTCTAG	33	32	1
CTGCGATGAGGTTGTG	1	1	0
CTTAGGCCGGAAACAG	31	31	0
ATGCGGAGACCCACGA	28	27	1
TATCCACGCTGCGTTG	137	131	6
GATTAAAGCGTCAGCA	108	107	1
ATATGCAACCTATTCA	284	281	3
CTCGGTGACGGGCTTT	48	48	0
TGGTTAACGATTAGAC	171	171	0
ATAAGCTATCGGTACG	205	201	4
GAAATACGTGATGCCC	6	5	1
CTGTTAAAGACAACTT	94	93	1
CTCACATCTGGTTTCT	242	235	7
AGTGCTTCGGCCTAAG	121	121	0
AATGTATGCGCTCTCA	516	509	7
AAGTGAGATAACCATC	216	213	3
AAGGGACCCAAGAGGG	193	188	5
AACAGCGGCAATTAGT	18	18	0
GATTTCCCAGAGGTGG	1	1	0
GGCTATAATTGTTTAC	204	201	3
GCTCGTAGTTAAGCGT	103	102	1
CCTACGCTGAGTTTCG	43	42	1
TAATCCATCCGCAACT	425	418	7
ATGCGGAGTGACCCTC	65	65	0
CAACGCAGAAGCTTCT	208	206	2
ACCAACCCTCGGTTCG	133	131	2
GGGAGATGGCGTTGCT	1	1	0
ACCTTCCCAGGAAGAC	6	6	0
CATTCATTCGGGTAGT	187	182	5
TAGATCAATTCCGAGT	265	264	1
CCCTGTTTGTTACGAT	167	166	1
CCATGCATACTAGCCA	126	124	2
AAAGCCCGTGTACACG	196	193	3
CTCCCAAAGAAGCACT	149	148	1
AACAGAACCGAATAAT	208	205	3
ACATGGACGGGAACCT	205	203	2
ATACACCCGATCGTTT	1	0	1
GATGCAGATGAGGTCT	10	10	0
ATCCTAGTAGAGGTGG	1	1	0
AACAGCGGATTCAGTA	475	470	5
CTTAGTGTGTTCAACT	206	205	1
TAGTAGCCCAATTAGT	101	97	4
CAATCTAGGAGAATTG	1	0	1
CCGACTTTTACAAACT	143	138	5
TACCGCTCGTGTAACC	205	203	2
ATTATTCGTGGAGGAG	2	2	0
GCTACCGTGTGGATGG	1	1	0
AGAGAGACCTGGTGCA	1	1	0
AATAAGGAGGTCCCTT	3	3	0
TACCTCCCAGAAGTTA	1	1	0
CACAAGTACGGGTAGT	2	2	0
CACTTGATTGGTTTCT	1	1	0
ACTGGTCAGTTCAACT	172	172	0
CCACCTCTCCATTACT	201	199	2
GTAAACAACAATTAGT	2	2	0
CATGCTGCTGATGCCC	226	221	5
TCATTTCACTGGTGCA	253	249	4
ATGTGCCGTTTATCAC	37	37	0
CCGACTTTGGGAAGGT	28	28	0
TGACGTCGTACGTGCT	193	190	3
CTAGTAGGGCAGGGTA	218	214	4
ATACTCTCATTTCCGG	11	11	0
ATCGCGCTTTCGGCCT	1	1	0
TAATGTGGAGCGCCTT	1	1	0
AGCACGTATGTTTGAG	89	85	4
ACGTAAACTGATGCCC	222	220	2
ACCGTCGAAATGTTTG	65	62	3
TAGGCTTTCTTACGGG	10	10	0
GGACTTCTTAACCCGT	271	265	6
TGGTGTCTAAATGTCG	1	1	0
CCTTTGTCATGCGGAT	11	11	0
AGGCAATACTCGATGC	1	1	0
AACAAATGGCGCATTC	0	0	0
GCGGTAACTTCCGCTC	73	72	1
AGGAGTCGCTTCAGGT	143	141	2
AATGTATGCGACTCCT	1	1	0
GATACGCATGGAGGAG	9	8	1
TCATACCATTCACATA	155	153	2
ACCAGTTTGATTGCGA	27	26	1
CCGAGATCACCCATAT	172	172	0
AAGAAGGTGATTGCGA	176	174	2
ATTCTGAGTACAGCCG	92	90	2
TAGTCTCTGAGTTCAC	234	230	4
AAACTACAGAATACGC	83	80	3
GGGTCATTGGGTGTAT	1	1	0
TCTATTCCAAGTAATC	168	162	6
TAGGCTTTAAACTGGT	193	192	1
GCGTATTCGGCGGTTT	266	264	2
AAACTACACCATTTGA	128	124	4
ACATGGACGGGTGTAT	1	1	0
AACAGAACACTGCCGT	237	235	2
GTCCACTATCGGTTTA	203	200	3
GTTACTAGTCGTCATG	288	286	2
GGCACTTCGAGAGTAT	126	124	2
ATGGGCTCCACTTTCT	44	44	0
GCGCTGATGAATACGC	11	11	0
GTCCACTAACTAGCCA	249	246	3
TCCAGAAGATATGCAT	1	1	0
CAATCTAGGAGTTTCG	0	0	0
AAACACGGGATCGTTT	27	21	6
CCACCTCTTGAAATGA	169	167	2
AGTTGAACTGGTATGA	1	1	0
GACTAGCGGAGCGGTA	260	254	6
CTGCTAGAGTCCATGT	69	68	1
AGGCGTTTGGAATAGA	1	1	0
CACTTGATCCAGCAGT	9	9	0
GAGTGTACAACCCTTG	47	47	0
ATTATTCGGACAGATA	133	128	5
CAAACATTGCAGGGTA	15	14	1
AAAGTCATGCAGGGTA	163	159	4
AACGGTAGCGTATTTC	125	124	1
GGACTTCTTCTAGCAG	7	7	0
GCGTATTCGCAGGGTA	162	160	2
CTGGAACACTTACGGG	1	1	0
GAAATACGATTCCTTG	252	248	4
TAATCCATGGGTGTAT	2	1	1
AAAGAGGCTTGATTCT	1	1	0
CTCCCAAAGTTACGAT	160	159	1
ACATCTCGGAGTTTCG	1	1	0
ATAGATGTGAGCGGTA	8	8	0
ACGGTTGGTAACTACT	82	79	3
GTTGTCCGTGGAGGAG	1	1	0
ATGCATATGAAGCACT	43	43	0
ATACACCCGTGTCGGA	3	3	0
ATTGGCCCATGTTGGC	107	107	0
CCATCCACGGATAAAG	248	242	6
ACGGCAGTCAAGAGGG	176	174	2
ACCCTCAAGGGTGTAT	10	9	1
GCGCTGATCAAGTCAT	250	250	0
TCATTTCAGCGCATTC	9	9	0
ATTGGCCCACTAGGAT	114	113	1
ATCAGGGAGATTAGAC	122	120	2
TGAGCACACATCGCAG	1	1	0
GGCCCAATTCTCAACC	13	13	0
GACACAAACTAGATTG	2	2	0
AATAAGGACGGGCTTT	65	64	1
CTAACGCCGCAAGGAC	163	162	1
TGCACCAGTAAATAGG	178	175	3
AAGCCTTCCTAGACCC	3	3	0
GGTCCTAACAACAAAT	259	256	3
AGGAGTCGTAGTCTAG	175	175	0
CGAACCGACTGTCTGG	15	15	0
GCTTCTCCGGGTGTAT	1	1	0
AAGGATGATGCGTATC	324	321	3
AGAGAGACGGGTTGGT	2	2	0
TCTTTGACGCCAAGAT	163	161	2
AGCGTGGTGCAACCTG	243	241	2
GGACTGGACTGGTGCA	702	693	9
GTCCTTGCGGCGTTAG	183	182	1
CCGAGATCTCGGTTTA	204	204	0
ACGAATTCTAGTGTTT	2	2	0
GTGCCCATGATGTGAG	0	0	0
CGAACCGAGCCGGATT	0	0	0
GTATACGTAATGTTTG	123	119	4
CAGATGGGCGTGGATA	134	133	1
ACCCATGCTCCTTATT	145	144	1
CTGAAGGGACCTTCTT	3	3	0
CCATGCATTTAAACTG	219	215	4
AAAGTCATGCTTACCT	211	207	4
GGCACTTCAAACTGGT	140	139	1
CACTTGATGGTCACAG	707	700	7
ACGGAGCAACCACGCT	157	155	2
ACCCTCAAAGCGCGAT	231	226	5
ACCAACCCGCGTTGCT	1	1	0
AAACTGTGAGGCAGTT	25	24	1
ACAATCTTGGGTTGGT	264	253	11
CAACGCAGGGTTAGTG	205	198	7
AAGGATGAGTCATATT	2	2	0
GATACGCATTTGGGAG	2	2	0
ATGACTTGGGCTACTA	199	196	3
GGTCTTTCACTGCCGT	224	220	4
CTGCTAGAGATTGCGA	220	216	4
GGATTGTTCACAAGGC	2	1	1
ACTAGAGCAAATCAGA	11	11	0
CAGGTTGCCCTCGTCT	176	175	1
CCGAGATCGGGAGGTA	35	35	0
GCTAAGTTTTGCATAT	2	2	0
CTGGAACACTTACTCC	258	256	2
CCAGCGAAGAGTTCAC	5	4	1
TACCTCCCAGAGGTGG	1	1	0
AATCGAAGCGCTAGTC	229	228	1
CCTCATGAAGATGGCT	2	2	0
CTAGCACGGAGTTTCG	1	0	1
GGCTATAAAACTTAGC	1	1	0
CATGACGATAACCATC	3	3	0
TAAACCGACACAACAG	67	66	1
GAAGATATCTGTCTGG	1	1	0
ACCGTCGAAGCGCGAT	2	2	0
CGATGGCAGTCTCTCT	178	177	1
CTCAAACACAACGTGG	179	175	4
CAGATGGGTACCAGGC	204	202	2
AGAAGCTTGTTTGTTT	213	210	3
ACGACGACGTCAATAC	278	276	2
GGAACGAATCGGTTTA	23	22	1
ATACTCTCTCATGAGG	78	76	2
GTCCACTATTATAGCC	5	5	0
CTGGGTATGGGTGTAT	1	1	0
TACGTTCGAATGTTTG	1	1	0
GATACGCACTTCTGGA	1	1	0
AATGTATGGATTGCGA	50	50	0
TCCCTGGATAAATAGG	185	177	8
AGACGAGGCTCAGAAT	279	277	2
GCTTCTCCGGGTTGGT	1	1	0
AATAAGGATGCGTATC	237	234	3
AATCCGGCAAACTCGA	1	1	0
AATCGAAGTCGACACC	109	107	2
ATGACTTGGTCTCTCT	190	185	5
GATACGCACTTACGGG	136	134	2
GCTATGGGGGGTGTAT	3	3	0
CAACGCAGGGCGGTTT	195	190	5
ACTTCGCTTGCGACAG	3	3	0
GCCTGGTAAATGAATG	233	229	4
GCGCTGATCGACGTCA	3	2	1
CGTACCGATTGGACTT	1	1	0
GTCAGACCCCATTACT	147	143	4
ATCAGGGAGCACCTCT	4	4	0
GGAAGTCCGGTGGGAT	2	1	1
CGTTTCGTGTTTACGT	1	1	0
CTTAGTGTCTTACGGG	230	227	3
CAATCTAGGGGTGTAT	1	1	0
AAACGATCGGTTTCTC	1	1	0
AGCAACGCAATTCCCA	208	203	5
AATGTATGCTTACTCC	231	229	2
GGGAGATGAGGCAGTT	209	207	2
CGAAACTCTGACGGAC	167	163	4
TCTGATTTGTCAATAC	71	70	1
AGTCCGTGGTTGCACG	1	1	0
TATGTGAATTCGTTCC	290	287	3
GTTACTAGTACAAACT	1	1	0
CTGCGATGTACGTGCT	334	325	9
CCCTGTTTAACACACG	1	1	0
ATGGGCTCATATACCT	190	186	4
GCTCGTAGAACAATCC	3	3	0
AGAAACCAGCGCATTC	317	312	5
CACTTGATAGAGGTGG	0	0	0
ACCCATGCGTTCAACT	3	3	0
GAGGAGTGGGGTGTAT	4	4	0
CGTGTGTTGGGTGTAT	2	2	0
AGAAACCACTTAGGTA	215	211	4
CCATCGTCTGCTCCGT	311	309	2
CCGATACGTAGCTTAT	42	41	1
CTCAAACAAAAGCCTA	98	96	2
ATGACAACCGTGCTAG	205	204	1
GGCCCAATTTGATTCT	17	14	3
GAATCCCATTATAGCC	371	367	4
GTATACGTTGCGTATC	144	141	3
GTCAGGTTAACAATCC	2	2	0
AAAGTCATGCAAGGAC	1	1	0
GTATACGTGCAGTCGA	171	170	1
AAACACTACGAGATGT	1	1	0
CATTCATTGTATGAGT	2	2	0
ATTCTGAGGATCTCGG	265	262	3
GGGTCATTTACAAACT	247	244	3
AGGCGTTTGTGTAACC	1	1	0
CAAACATTGAGAGTAT	1	0	1
AGCAACGCATGGAAAT	225	223	2
GGGATTACAAAGCCTA	211	210	1
CCTATTTACCCGACTT	186	182	4
ATTGGCCCGTCATATT	135	135	0
AATGGCGTAATCGGGT	142	140	2
GTCAGGTTCCCTAACC	2	2	0
CCCTTGCATGTGGCTA	1	1	0
TAGCCACACTTCTGGA	212	208	4
GGCTATAACTACTTGT	216	214	2
AAACGTGAGAGAATTG	59	58	1
CTGTTTCCTTCGGCCT	364	358	6
TGAATAGGAGAGGTGG	1	1	0
ACAGATAACCACATTA	13	13	0
TCATACCAGTGTCGGA	177	176	1
GACACCTGGAGTTCAC	11	11	0
GTTGTCCGATACCCAG	1	1	0
TACCTAAGCCAGCAGT	1	1	0
CTGGAACATACAGCCG	74	73	1
AGGGTAAAGGGTGTAT	1	1	0
TAGTAGCCAGAGACTA	2	2	0
GCTTCTCCAACTTAGC	155	152	3
GCTTCTCCAGAGGTGG	2	2	0
GATGGTTACTCGATGC	77	77	0
TGAATAGGAAATGTCG	1	1	0
AGAGGTGCGGGTGTAT	1	1	0
ATTGGCCCAGCGCCTT	1	1	0
CAAACATTATGGAAAT	266	261	5
CCCGTAAGGGGCCAAT	74	71	3
ATTTCCATGATCTCGG	186	185	1
AAACTGTGTAACTACT	137	133	4
GAAGATATAAATGTCG	18	18	0
AAACTACAAATCGGGT	9	9	0
AGAGGTGCTGCGACAG	287	286	1
CGAGGCTAGGGAACCT	209	208	1
GTCTGGAATTCGGCCT	1	1	0
TCTTTGACTCCCTGAT	117	115	2
GCTCGTAGCATCTCCC	28	28	0
CCATCGTCGCCACATC	1	1	0
AAGTATTGACCTTCTT	1	1	0
ACCACAGACCGCAACT	1	1	0
GGGTCATTGGGAACCT	229	227	2
CTGTTGTGGGCGTTAG	188	188	0
ACCAACCCTGGGATTC	209	205	4
ATTGGCCCCTTACTCC	165	165	0
TGGTTAACGGTCCCTT	1	1	0
AATCGTTCTTGGATCG	15	15	0
CTTTGGACGAGTTCAC	1	1	0
AACAAATGCTACTTGT	247	246	1
GCGTATTCTCTGTGGT	360	357	3
GTCTAATCAAACTCGA	1	1	0
ATAACAGGACCCATAT	9	8	1
CCTTTACAGAGGCTGA	192	191	1
GGACTGGAAAACAGGG	68	67	1
CAAACATTGAGGCTGA	241	238	3
GGTTAGGGGTCAATAC	55	54	1
CATGACGATGCCTCAC	267	265	2
GTGTCAGGCTTTAATC	1	1	0
AGTTGAACGGCTACTA	1	1	0
TCGCAATCTGCTCCGT	167	164	3
TAATCCATCCTATTCA	81	79	2
TAATGTGGCTACTTGT	100	99	1
AATCGTTCAATGAATG	85	85	0
CCAGACAGCCCGAATG	1	1	0
CGAACCGAGGTTAGTG	1	1	0
CTCCCAAAGGGAGGTA	77	74	3
AACAGCGGCGAGATGT	1	1	0
AAACAAACCGTGCTAG	6	6	0
CCCTTGCATCCCGTAG	1	1	0
GCTTCTCCGTCATATT	1	1	0
AAAGAGGCGCTTTCCA	372	363	9
AAGTTGTCACGAAACG	164	163	1
AGGGTAAAAGCGCCTT	1	1	0
ACTAGAGCATGCGGAT	222	219	3
GCACTCAGAAACAGGG	2	1	1
CTCCCAAATGGTTTCT	171	168	3
CGGACTAATGCGACAG	180	178	2
GCTAAGTTCTTACGGG	51	51	0
GGGAGATGTTCGCTGG	129	126	3
TCTAAACTGTAACGTT	155	151	4
CGGTGAGTAGGTTGTG	9	9	0
ACCACAGATGGAGGAG	2	2	0
ACCCTCAACAGATTAC	2	2	0
ATGCGGAGTAGTCTAG	674	661	13
CGTGTGTTGGACTTCC	186	183	3
CCACCTCTGGCGTTAG	189	183	6
AGGGACTGTGACCAGT	1	1	0
GGAGTAAGTAACCATC	2	2	0
ATACACCCTCCAGGGA	101	97	4
CCATCGTCTTGCATAT	1	1	0
CAGATGGGCGTCAGCA	2	1	1
AATAAGGAGGATAAAG	40	40	0
GGGCATCATTATCTGT	1	1	0
CCGAGATCACAGCGGA	1	1	0
GGAGGTTTTAGTGTTT	1	1	0
GGCGACAAGCCACATC	4	3	1
ACGAATTCTGTACACG	1	1	0
GCTTCTCCTAACTACT	304	300	4
CTCTGCGTCCCAAGCA	3	3	0
CGAGGCTACACTTTCT	152	150	2
ACCAACCCGGGTGTAT	1	1	0
AACAGAACAAATGTCG	19	19	0
GCTATGGGGAGAATTG	2	2	0
AAACACTACGTCAGCA	144	142	2
CCACCTCTCCTATTCA	86	84	2
GAAAGACATCGGTTTA	192	191	1
GTAAGCCGTTGGATCG	9	9	0
AAGTCCAATCTGTGGT	191	189	2
CGATCCAACGCTAATA	0	0	0
TCCAGAAGAGCGTAGG	2	2	0
GGGTCATTGACAAAGG	21	21	0
ATCCCACCCGTCAGCA	4	4	0
CCGATACGGTTGTCAT	119	116	3
AGAAGCTTGGGTGTAT	207	202	5
CCACGTTGGAGTTTCG	1	1	0
CTAGACTAGGCATGCT	112	111	1
GTAAGCCGATACTCTT	257	253	4
AGCAACGCGGTGGGAT	3	3	0
AGGCCGAAGAGAGTAT	39	38	1
CACTTGATGGGTGTAT	7	7	0
TCATTTCAGGGTGTAT	2	2	0
CGTGGGATATGCATGG	0	0	0
TCCAGAAGTAGTCGCA	154	150	4
ACCCGATTAGCTACGG	39	39	0
TAGTAGCCGGGAGGTA	202	198	4
AGGGACTGCACAACAG	96	96	0
ATACTCTCCAGTCCCT	195	192	3
CCCTTGCACATACATT	93	91	2
TACTGAATATTCGACG	1	1	0
CTCCCAAAGTTCTGTT	184	183	1
ACGGAGCACAGACCAT	228	226	2
GCTAAGTTTTCGCTGG	18	18	0
AGTCCGTGTACCAGGC	199	195	4
ATTTCCATAGAGGTGG	2	2	0
ACCACAGACCACATTA	2	2	0
CTACGGGATCACCGAG	203	199	4
CGTTGCCTCGTCAGCA	1	1	0
GGACTTCTCTGTTCTT	4	4	0
ACGAATTCGAAGGCTT	5	5	0
AAGTCCAACAAGAGGG	218	213	5
AAACTGTGTTCACATA	2	2	0
AGCGTGGTCTATAGAG	189	188	1
TACCCTGCTTGTGACT	42	41	1
TGCGACTACTTACGGG	2	2	0
CCTACGCTCGAGATGT	78	78	0
CGTGCAACGCAAGGAC	1	1	0
AAATTCCGCTCCGCAT	89	88	1
TACCTCCCGAGCGGTA	2	2	0
GAGGAGTGCCCTAACC	3	3	0
ACGGGTTAAAACTCGA	203	197	6
GGTTACACTCTCAACC	193	189	4
ATCCGCATGAGTTCAC	189	189	0
ACATGGACCGCTCTCA	185	182	3
GTCCTTGCCTTCGATT	177	171	6
CGTTTCGTCTCGATGC	1	1	0
TCTAAACTCATTTGTT	105	104	1
CGGACTAAGGGTGTAT	1	1	0
CAGATGGGTGAGGTCT	218	214	4
GATTAAAGTGAAATGA	27	27	0
AACGCCAAGGTCACAG	36	35	1
AGGTAAGCAGATGGCT	1	1	0
CGTGTGTTTTGGCGTT	1	1	0
CGTACCGAGTGTCGGA	149	147	2
ATTACCTTCTGCGTTG	1	1	0
TCAGCCTCGGGTGTAT	1	1	0
CTCCTCCAGGGTGTAT	74	74	0
AAACTGTGAACACACG	207	205	2
AACAGCGGTGTGTCCT	1	1	0
TGTTATCACACAGTTT	83	81	2
ACCTTCCCCCCTTCAG	156	155	1
GCGTGCAAGTATGAGT	179	177	2
CATGACGAGAGCGGTA	448	442	6
TCGTGGGTGTTACCGC	248	247	1
GTCCTTGCGGGTGTAT	1	1	0
CTAGTAGGCTCGCGTA	1	1	0
AAGGATGAGACAGATA	46	45	1
TCATTTCAGTCCATGT	107	104	3
GCATCGAGCGAACGTA	145	144	1
CCTTTGTCTCGAAGCT	178	177	1
TGTTATCAGACGATGG	153	150	3
GATACGCATACAAACT	224	223	1
AGGTAAGCATTTCCGG	243	241	2
TGTTATCAAGCTACGG	162	158	4
AGAATCAAACAGCGGA	291	287	4
AGTAGTTAATGAAGCA	276	274	2
AACTGCCTGTCTCTCT	167	165	2
CCGACTTTGGTCCCTT	109	109	0
ATCCTAGTAGCGTAGG	98	97	1
ACGCTTAATTATCTGT	145	141	4
AAGTGAGACCCGAATG	616	613	3
ATCGTAACTCATATGG	217	216	1
GCTTCTCCGTATGAGT	124	123	1
GTAAGCCGTCCCTGAT	84	80	4
AAGCTCCTAAACCTCC	8	7	1
AGAAACCAATGCGGAT	1	1	0
TCCCTGGACCGCTGTT	137	130	7
CTGTTTCCCAGATTAC	28	28	0
AGCAACGCTCGAAGCT	104	104	0
ATCCTAGTCGCCTTGA	182	177	5
TGGAAAGCCTTACGGG	236	232	4
AACTCAGTCGTCAGCA	1	1	0
ACGTAAACTGCGACAG	212	206	6
TCCCTGGATAACCCGT	18	17	1
GATTAAAGACTAGGAT	164	162	2
AGAGGTGCGGTTAGTG	104	104	0
GTGAACTCGCACCTCT	171	169	2
GTATACGTAGGCAACG	277	276	1
AATCCGGCTGATAACA	37	34	3
CTGAGCGTTGGAGGAG	1	1	0
GTGTCACCACACTAAG	8	8	0
GATGGTTAGACAACTT	28	27	1
ACCAAGGGATTCCTTG	117	117	0
TCCGCTGTCGTGGATA	49	48	1
AAACTGTGAGAACGGG	9	9	0
CCGACTTTAATTCCCA	236	233	3
CGATCCAAGGCGTTAG	0	0	0
TCATACCACCACATTA	172	172	0
CGGTGAGTCACGGACT	60	60	0
TACCCTGCTAGTGTTT	1	1	0
TCGGTCATAGTGAAAG	1	1	0
CGTTGCCTGGCTACTA	15	15	0
CAGATGGGGATCGTTT	4	4	0
CTAGCACGGGGTGTAT	1	1	0
TGGTGTCTTCACGTTT	198	197	1
GGATTGTTCATCTCCC	232	231	1
GGTAGCCAAAATGTCG	265	260	5
ATCCCACCCTGTCTGG	54	54	0
CGTGGGATGCAGGGTA	168	166	2
AGTTGCGGTGCTCCGT	146	146	0
GGGTCTAGAGGATTCA	1	1	0
CTCACATCCACTTTCT	1	1	0
CTCGGTGAAAACTGGT	160	157	3
AAGAAGGTAAGCTTCT	55	55	0
ATTTGTTGGAGTTTCG	1	1	0
ATTGAAGTGCCTCTTT	37	35	2
CCCTTGCACGGGCTTT	54	53	1
GATTACTTATGGATTA	266	265	1
AATGGCGTGGTGGGAT	1	1	0
CTGTTTCCCGCTAATA	139	138	1
CAATTCTCTCCCGTAG	144	143	1
CATTCATTTGAAATGA	45	40	5
CTAGACTAAGGATTCA	50	50	0
AGGGTAAAGGTCTGAC	1	1	0
CAACGCAGGGCATGCT	104	102	2
CTGTGACCCCACATTA	68	68	0
AACAGAACATGGGCAC	21	20	1
ACCAACCCAATCGGGT	1	1	0
ACTGGTCATTCCAGAC	7	7	0
AGCCATCTTTTATCAC	358	357	1
ACCTTCCCTTCGCTGG	8	8	0
ACCCTCAAAGCGCCTT	3	3	0
AGCAACGCGGTTAGTG	225	222	3
CCATATGATGGAGGAG	1	1	0
GAAGATATATTCCTTG	5	5	0
TACCGCTCGGTGACAC	271	268	3
ACTGGTCAAAGCGTAC	5	5	0
GGCCCAATGACGATGG	1	1	0
AAATAGCAACGCTCAG	218	215	3
CTTTGGACAGCGCGAT	212	206	6
AAGCTCCTCGAACGTA	1	1	0
AAGGCGCTTCTCAACC	100	100	0
TAAACCGACCGTGTTT	1	1	0
ACCAACCCGGTCTGAC	232	224	8
CAAGGGTTTACCGGCA	1	1	0
ACGGCAGTGGGTGTAT	1	1	0
TGCACCAGGGGAACCT	28	26	2
TACCTCCCGGCGGTTT	11	11	0
TCGAGTTTACCTTGCC	1	1	0
ACGAATTCAGATGGCT	10	10	0
CGTTGCCTACGCTCAG	67	66	1
AGCTTCGATAGAAATG	78	77	1
AACAAATGTCGAAGCT	1	1	0
TCTAAACTTGCGACAG	1	1	0
ACGAATTCGAGCGGTA	1	1	0
AAGAAGGTATGCATGG	232	227	5
TGCGACTAGGTTTCTC	188	188	0
GTGTCACCCTTTAATC	1	1	0
GAAGATATTAACCCGT	121	119	2
GACTAGCGCGTGGATA	136	133	3
TAGCGGATACTCACCG	237	232	5
CCTACGCTCCGCTGTT	9	9	0
CCTTTACAGCGTTGCT	4	4	0
CCTATTTATCCTTATT	10	10	0
AATATGACCTCGCGTA	166	165	1
CATTCGGGCGTATCGG	178	177	1
CACAAGTAGTGTAACC	303	298	5
CTTTATCCCTGCGTTG	50	50	0
CGACATTTTGGAGGAG	2	2	0
AAACACTAGATTAGAC	59	58	1
GGACTGGACAGATTAC	6	6	0
CCGAGATCTAACCCGT	48	48	0
ACGGCAGTGTCCGTAC	1	1	0
AGAAGCTTCTTAGGTA	70	68	2
CGATCCAAGGAATAGA	10	10	0
TAGTAGCCCCCATAGC	37	36	1
ATTGGCCCCTTAGGTA	81	80	1
ACGCTTAACCGCTGTT	1	1	0
ACAATCTTGCTCTAGT	185	184	1
ATTACCTTTGTACACG	185	184	1
AAGTTGTCGATTGCGA	368	366	2
CCGTAGCTAAATGTCG	196	192	4
CGAAGAAGAGTGATGC	42	42	0
ACGGCAGTCGAATAAT	235	235	0
TAGTCTCTTGGAGGAG	1	1	0
AACGATTTAGAAGTCC	9	9	0
CCTATTTAACGCCATT	199	198	1
AGACGAGGAGATGGCT	193	191	2
TGAATCCTTCGACGGT	126	125	1
GAGGGTCATCGGTACG	14	14	0
GGTAAATCCATTTGTT	132	132	0
CTACGGGATTGAGGGT	9	9	0
TGAGAGCGCACTCCTC	5	5	0
AGCAACGCGGACTTCC	11	11	0
CCATGCATGTCTCTCT	1	1	0
CTGAGCGTCCGTGTTT	12	11	1
CGTACCGAGGCATGCT	191	189	2
CGAGGCTAATGCGGAT	7	7	0
AAGTCGGGAAACTCGA	201	198	3
CAATTCTCGAGAGTAT	195	191	4
CTGCTAGATGGTTTCT	38	37	1
ACAGGCCAGGAGAAGC	187	184	3
CTCCCAAAAAACTCGA	1	1	0
CTGTGACCTTAGGACC	119	113	6
GCATCACTCGACTCCT	146	144	2
GCGCTGATCGTATTTC	13	13	0
ATACACCCCCTACTAG	153	151	2
CGGCTGTATAGCCTCG	1	1	0
GTTACTAGAGCAGAAC	1	1	0
CCAGCGAAATTTCCGG	96	95	1
TGCTGACGCTACCGTT	33	33	0
AAAGCCCGACATCTAT	8	8	0
AGTGCTTCATGTTGGC	47	47	0
GTAAACAACAACGTGG	1	1	0
AATAAGGATGTAGTTT	1	1	0
AACGCCAAATGACCGA	2	2	0
TAGGTACGAACCTGAC	60	60	0
CGTGTGTTAGAGGTGG	1	1	0
CAGTTTAAGTCTCTCT	240	235	5
ACGGTTGGTCTAGCAG	1	1	0
CAGTTTAAGAGTTTCG	2	2	0
GCTTCTCCTGGTTTCT	1	1	0
GGAGGTTTCCTGACAC	141	140	1
CTGAGCGTTGAGGTCT	1	1	0
GCCAAAGCAGGAGCTT	0	0	0
CTCTGCGTGGGTGTAT	1	1	0
AATCGTTCAGGAAGAC	389	385	4
GTAAACAAATGTTGGC	12	12	0
GAGGAGTGCTTTAATC	1	1	0
AGGTTCCCAGCACCAC	85	85	0
CTCAAACAATACTCTT	3	3	0
CCATCCACGGGTGTAT	1	1	0
CTCTGCGTAATGAATG	1	1	0
GGCTATAATGGAGGAG	1	0	1
GCGCTGATTGCCTCAC	209	205	4
CCACGTTGACCCATAT	1	0	1
CTCAAACACCCTTGGT	23	22	1
ATAACAGGTGGAGGAG	3	3	0
CGAGGCTAGGTGGGAT	2	1	1
GAGGAGTGGTAATCCC	199	196	3
GTCTAATCACGGTAGC	1	1	0
ATATGGGTCAACGTGG	209	206	3
ATACTCTCGAACGATT	2	2	0
GGCTATAAAGCTATGA	9	9	0
CGTTGCCTGATGTGAG	124	120	4
AATGGCGTCCTACTAG	191	190	1
ATCGCGCTAGAGGTGG	1	0	1
CGAACCGATACAAACT	1	1	0
ATCCCACCGAGCCCAT	158	157	1
ATTTCCATGGTGGGAT	2	2	0
AATCGAAGTTTGTGTC	217	212	5
AAAGCCCGATGGGCAC	159	158	1
GATTGGGACGCTCTCA	166	165	1
TAGGTACGTCTAGCAG	9	9	0
TCATACCAAGAGACTA	5	5	0
GGCTATAACCTGACAC	17	17	0
CGATCCAATAACTACT	148	145	3
CAAGGTACTGTGCTCA	190	185	5
AGTAATGGAAGCGTAC	5	5	0
ACTAGAGCGGGTGTAT	2	2	0
GGTAAATCTTGAGGGT	1	1	0
ATCCTAGTTCCAGGGA	166	161	5
CCATCCACAGGAGCTT	1	1	0
TAAACCGAACACTAAG	213	208	5
AGTAATGGGACAAAGG	1	1	0
CAGGTTGCTGCTCCGT	12	12	0
AGGGACTGCGAATAAT	71	70	1
TGAATCCTGGGTGTAT	1	1	0
ACGAATTCCTTACGGG	2	2	0
AACTCAGTCCTATTCA	23	23	0
CTACGGGATGTGTCCT	22	21	1
GATTTCCCAGCGTAGG	1	1	0
TATGTGAAGGGTGTAT	2	2	0
ACGAATTCAACCTGAC	1	1	0
TACCTCCCACTAGCCA	3	3	0
TCGTTCCCAGATGGCT	2	2	0
ATGACAACTTGGACTT	270	269	1
TCCTATATAAGCTTCT	24	24	0
GGACTGGATGCTCCGT	299	296	3
TCGAGTTTTGCTCCGT	59	58	1
AAGTATTGACGCAGAG	40	40	0
ACCAAGGGGAGTTTCG	2	2	0
ACAAAGATTTGGATCG	133	132	1
CACTAACCGTTTACGT	119	118	1
TACGCGAGTGCCATCG	2	2	0
GTGTCACCCAACGTGG	6	6	0
ACCACAGAACTAGGAT	1	1	0
CTGCGATGGGACTTCC	171	170	1
TGCACCAGCAGGTGTC	98	98	0
TACCGCTCTGGAGGAG	3	3	0
AATGGCGTACGAAACG	181	178	3
CCGAGATCACACTAAG	1	1	0
GCTCGTAGGCACCTCT	174	174	0
AACAGAACGCCAAGAT	267	259	8
TGGCTAGTGGGTGTAT	1	1	0
TCGCAATCAGCTACGG	220	217	3
CTGCTAGACTGAGTGC	117	116	1
AGCTTCGATAGCTTAT	1	1	0
ATGCATATCGACTCCT	95	95	0
CTCCCAAAAAGCGTAC	22	22	0
AGCATGCCTGCTATTT	30	30	0
CGTGTACACACTCCTC	1	1	0
TCTGATTTCCATTTGA	9	9	0
GAGAAACCCTTACGGG	2	2	0
GTGAGGCAGAGTTCAC	3	3	0
GTCTTCCTCAATACTT	147	143	4
AAGGATGACTCCGCAT	7	6	1
AGGGACTGCCCGACTT	184	180	4
AAGAAGGTATACTCTT	16	15	1
AAGTATTGTAGTGGAC	103	99	4
TCAGCCTCAGCAGAAC	97	97	0
CCCTCTTGTGCTCCGT	70	69	1
CGACATTTCCGTGTTT	124	123	1
TCGCAATCTAGTCGCA	257	257	0
CTGTTGTGTGATAACA	5	5	0
TCCAGAAGAGAGGTGG	2	2	0
ACCACAGATAACCCGT	295	292	3
ACCTTCCCGATCTCGG	164	160	4
TAAGGGCCTGGAGGAG	1	1	0
AGGCCGAACTTCAGGT	92	84	8
AATAAGGACTGTTCTT	119	119	0
GAGCGGAAAAACCTCC	2	2	0
CCTCATGATAACCCGT	13	13	0
ACGACGACTGCGTATC	228	225	3
AGAATCAAGCGTTGCT	73	73	0
AGCTTCGATTGGATCG	1	1	0
TCATTTCATACAAACT	132	130	2
TCCGACACCTTACGGG	117	116	1
AACAAATGTGCCTCAC	1	0	1
CGATGGCATGAGGTCT	105	104	1
AGCCATCTCCCTTCAG	45	41	4
CCACCTCTGAGTTCAC	1	1	0
AAGGGACCCTCTTGAC	22	22	0
CTGTTTCCTAACCATC	84	84	0
AAGGGACCCATTTGTT	2	1	1
CAAGGTACCACGGACT	1	1	0
TCGTGGGTCACGGACT	118	117	1
CCTACGCTGTTGTCAT	3	3	0
AAACGATCGACAGATA	228	225	3
TACCTCCCGGAATAGA	2	2	0
TGAATCCTCTTGGTGT	21	20	1
TAAGGGCCATGCGGAT	119	116	3
AAACAAACCGACTCCT	203	198	5
CGTGGGATAGAGGTGG	1	1	0
TCTATTCCGTATGAGT	30	30	0
TAGCCACAACGAAACG	224	219	5
GTCCACTAGGACTTCC	15	15	0
CATTCGGGACTAGCCA	61	61	0
ATGCGGAGTCTGCATC	432	428	4
ACTAATTGATGGGCAC	11	11	0
CGTTTCGTTGCGTATC	196	192	4
TACGCGAGGGGAAGGT	1	1	0
ACCCGATTGTTGCACG	1	1	0
GCTATGGGTGCCTCAC	1	1	0
AGTTGCGGTTGTGACT	154	153	1
GTCAGGTTGGGTGTAT	11	11	0
AACAGCGGCCTGTTAT	168	167	1
AATACATCGGGAAGGT	154	151	3
AACGCCAAGCATGGGT	3	3	0
TACCTCCCTTGAGGGT	6	6	0
TGAGAGCGGGGTGTAT	2	2	0
GTATTGACGGGTGTAT	1	1	0
CATGCTGCCAGTCCCT	135	133	2
GATACGCAGACGATGG	39	39	0
AGGTTCCCTTCCGCTC	3	3	0
GATACGCATTAAGCGT	52	52	0
TACCGCTCGTCTCTCT	194	189	5
GGGAGATGAAATCAGA	311	304	7
CGTCGAATTAGAAATG	172	168	4
GAGGAGTGTGGTTTCT	1	1	0
TATCCACGAGCACCAC	81	80	1
CGAAGAAGGGTGGGAT	162	162	0
AAACTGTGGGGAACCT	12	12	0
AGCAACGCGGGAGGTA	1	1	0
TATCCACGGGTCTGAC	36	35	1
CACAAGTAGAGAATTG	1	0	1
CCAGACAGAAGCTTCT	15	15	0
GGGATTACCTTACGGG	1	1	0
ATAGATGTCTTACGGG	59	59	0
AAAGTCATCTTACGGG	2	2	0
CTGGAACAAATGAATG	65	65	0
AGTCACAAGTACACTC	203	203	0
CCATATGAACACTAAG	0	0	0
AAAGCCCGCCTGACAC	1	1	0
GATTTCCCGGGAGGTA	1	0	1
CCTATTTAAAGCGTAC	1	0	1
TACGTTCGTGTTCCAG	261	258	3
AGACCTCAGGGAGGTA	1	1	0
TCAGCCTCAATTCCCA	1	1	0
AGGTAAGCAAGATTGT	15	14	1
GCATCGAGGTTCTGTT	201	201	0
CTGGAACAAAATGTCG	1	1	0
ACCGTCGAAGAAGTTA	3	3	0
GTGATAAACAGACCAT	0	0	0
CACTTGATGGATAAAG	1	1	0
TCATACCAGTCCATGT	66	62	4
TACTGAATCAGATTAC	203	202	1
CGTTTCGTTGCTATTT	152	152	0
GTGAACTCGAGTTTCG	5	5	0
ACTGGTCAACCACGCT	263	261	2
CTGAGCGTATATACCT	2	2	0
AGTAGTTACCCTTCAG	228	225	3
TACCCTGCTTGCATAT	242	239	3
GTGAACTCCTGCGTTG	189	189	0
AAGAACAGAAATGTCG	13	13	0
CAGTTTAAAAAGTCGG	4	4	0
AATGTATGGCAAAGCC	197	193	4
AATCGAAGGTGGAGCT	1	0	1
AAACACTATCGAAGCT	214	210	4
ATACACCCACATCTAT	201	197	4
CTGGAACAGGGTGTAT	1	1	0
ACGTAAACGGCTACTA	192	190	2
GTAATCTGATGACTTT	0	0	0
AGAGGTGCCACAGTTT	1	1	0
AAGGGACCAGCGAAGT	1	1	0
CACTAACCCTACCGTT	1	1	0
AAGAACAGCTTCGATT	228	221	7
TCTTTGACAGAAGTTA	13	10	3
CTGTTAAACGGACAAC	8	8	0
CGAAACTCTTCCAGAC	182	178	4
GTCTGGAAGGCGGTTT	1	1	0
AGGTATATCTTAGGTA	228	224	4
CTGAGCGTGCGCATTC	146	144	2
CACAAGTAGGCCCTTA	20	20	0
ACGGTTGGGATTAGAC	95	95	0
ACCCATGCGTCCATGT	360	357	3
CTGTTAAAAATCGGGT	1	1	0
AGCACGTAGGTCCCTT	232	226	6
CTAACGCCCGTATTTC	48	48	0
GTGATAAATCGACGGT	132	130	2
GTGCGAAGGAGTTTCG	6	6	0
TGGTTAACGGGTGTAT	2	2	0
GTGAGGCATTCCAGAC	120	119	1
AATATGACGATGTGAG	182	181	1
TAGCCACAGAGTTCAC	6	6	0
GATGTGGCACTCACCG	3	3	0
GCTAAGTTTCGGTTCG	0	0	0
CTTCTACGACGTATAC	133	126	7
AAATTCCGTCGAAGCT	121	120	1
AGGTTCCCAATCGGGT	120	117	3
CAGATGGGCAAGAGGG	1	1	0
AAGGCGCTATATACCT	201	197	4
AGGACACAGGGTGTAT	1	1	0
CTTTCACTTCCCAATC	4	4	0
GTGCGAAGTTCGCTGG	1	0	1
CTGCTAGAGTCAAAGA	1	1	0
ATGGGCTCACGAAACG	1	0	1
GTGTCACCAGGAGCTT	138	136	2
AATCGTTCAGAGGTGG	1	1	0
CCGAGATCGTATGAGT	1	1	0
TACCTAAGGTTACGAT	191	185	6
TGGAAAGCCTTCAGGT	361	358	3
AGTAATGGGGGTTGGT	1	1	0
GAGGAGTGTGACCCTC	164	164	0
GAAGATATCTTAGGTA	1	1	0
TGCACCAGCGGAATTT	1	1	0
AAGTTGTCAGCACCAC	8	8	0
TACCCTGCGAAAGACC	0	0	0
AGCATGCCAATCGGGT	167	165	2
GTCCTTGCCAACGTGG	2	2	0
CAACGCAGCGAACGTA	202	199	3
AGCTTCGACCTATTCA	232	230	2
GTCCGTCACTTACGGG	1	1	0
GAAATACGCGGCACAT	1	1	0
CGATCCAATCGGTACG	155	152	3
TCGACTGCAGAGACTA	145	145	0
TGGACGGACTTGGTGT	106	104	2
CGAACCGATCATCCTT	1	1	0
AGGCGTTTTGCTATTT	5	5	0
AATCGAAGGGGAGGTA	120	117	3
TGGGAATTCGGGTAGT	144	142	2
ATTATTCGTTCCGAGT	1	1	0
CAATCTAGGAAAGACC	117	116	1
TAGTCTCTCGTGGATA	266	263	3
GTCCTTGCCCCATCTG	103	103	0
AAAGTCATACACTAAG	11	11	0
CACAACCTGTTAACCA	1	1	0
GTCCACTATAGTGGAC	7	7	0
AAACACTACTTACTCC	508	505	3
AGGCGTTTCTTCAGGT	1	1	0
ATCAATCGCGTAGAAG	1	1	0
ATTGGCCCTAGTGGAC	221	220	1
GGGAGATGTAAATAGG	93	93	0
TACCTCCCTTTAACAG	1	1	0
AATGTATGGGGTGTAT	2	2	0
GGACTGGATGTGGCTA	1	1	0
TACCTCCCGAGAGTAT	4	4	0
AAGCTCCTAGTTTAGA	46	46	0
AGGACACACGGGTAGT	77	77	0
CAGTTTAAGAGAATTG	259	257	2
GCTACCGTAGACACCA	1	1	0
CAATCTAGATACCCAG	36	35	1
AATCGAAGTTCGCTGG	232	227	5
CATGCTGCAGGCAGTT	232	227	5
TGCCGGTAACTAGCCA	138	138	0
ATCTTGGCCGTGCTAG	1	1	0
AGTAATGGGTTGCACG	5	5	0
GTCAAGAGTAGTCGCA	1	1	0
CAATTCTCTTGGCGTT	83	83	0
ACTACCCGGGGTGTAT	2	2	0
AACGGTAGTGGAGGAG	1	1	0
TCTATTCCAAACTGGT	171	167	4
GTTGTCCGTGCGACAG	151	147	4
AAATAGCAAGGCAACG	1	1	0
ACGGCAGTTTATCTGT	1	0	1
CCTTTACATCGGTTTA	1	1	0
GTCCACTATAAATAGG	1	1	0
GTCAGGTTCGTGGATA	116	115	1
TGAATAGGCGGCTTAC	18	15	3
AAGGCGCTCAGATTAC	233	227	6
GGTTAGGGTTGTGACT	1	1	0
GGCGACAATCGAAGCT	1	1	0
CTCAAACAACGAAACG	48	47	1
GTGATAAAGATTAGAC	36	36	0
CCACCTCTGGGTGTAT	2	2	0
CCGACTTTAGACACCA	6	6	0
AATGGCGTAGGAGCTT	0	0	0
AATAAGGATTTGGGAG	1	1	0
TGGTGTCTGAGTTTCG	1	1	0
GGACTGGAGGTCTGAC	125	124	1
GTCAAGAGTACCGGCA	1	1	0
GCAAACTGCTGCGTTG	258	255	3
GAGCGGAACGGAATTT	9	9	0
GCCTGGTAAGATGGCT	236	232	4
ATCAGGGAGTGGAGCT	1	1	0
CCACGTTGGGCTACTA	1	1	0
TACCTCCCTGATGCCC	1	1	0
GTCTAATCGCAAGGAC	207	203	4
CAAGGAATCATCGCAG	221	220	1
ACAGGCCAAAGATTGT	92	92	0
ATACACCCAATGACCC	224	220	4
ACTGGTCATTGCACGC	1	1	0
ACCTTCCCGCATGGGT	2	2	0
AGGGTAAAAAATCAGA	441	436	5
TCCGCTGTGGGTGTAT	2	2	0
TACCTCCCGAGTTTCG	6	6	0
TGGTTAACAAGATTGT	78	77	1
GGAACGAAACCCATAT	1	1	0
TCCAGAAGCACAAGGC	188	185	3
GCCTGGTACACAAGGC	1	1	0
CCTACGCTGGCCCTTA	16	16	0
AAACTACAGAGCGGTA	1	1	0
AAACGTGAGGGTGTAT	15	15	0
ACAATCTTAAATCAGA	0	0	0
CCGTCTTAGAAAGACC	214	211	3
TACCTCCCTCGAAGCT	0	0	0
ACCAACCCATCAGCGC	1	1	0
CTGTTTCCTGGAGGAG	2	2	0
AGAATCAAGATTAGAC	12	12	0
GGTTAGGGGACAGATA	153	152	1
ACGCTTAACCTCGTCT	99	99	0
CACAAGTAGAGTTTCG	1	1	0
ATTATTCGGCTTTCCA	144	143	1
CCGAGATCCCATTTGA	66	64	2
ACGAATTCAGAGGTGG	6	6	0
CTGTGACCGGAGAAGC	136	134	2
GGAACGAACTATAGAG	206	205	1
AGACCTCACGGGTAGT	323	319	4
ACGTAAACCACAAGGC	129	129	0
GAAGATATGGGAGGTA	3	3	0
ACTCATACCTCCGCAT	0	0	0
GCTTCTCCCTTTAATC	1	1	0
GGCCCAATGTTACCGC	212	211	1
CATTTCTACTTAGGTA	11	11	0
CCCGTAAGGTCCATGT	1	1	0
GTGTCACCAGAGGTGG	2	2	0
GGTTAGGGGAGTTTCG	1	1	0
GATTTCCCGAACGATT	0	0	0
ATACTCTCCGAACGTA	1	0	1
ATGGGCTCCGGCTTAC	3	3	0
TAATGTGGGGGTGTAT	2	2	0
CGGCTGTATCACGTTT	117	114	3
TCATAGCTGGGTGTAT	150	150	0
TAACTTCTCAATTAGT	15	14	1
AACGTTACCTTTCTTT	1	1	0
ACTCATACACTCACCG	1	1	0
CTTTATCCTGGTATGA	93	92	1
TAACTTCTGGGAGGTA	117	115	2
CTCAAACAGATTTACC	21	20	1
AGAAGCTTGTGGAGCT	199	195	4
TCTATTCCTTCACATA	19	19	0
ACCAACCCTATTGCCT	8	8	0
GGCCCAATGATTTACC	2	2	0
GCTATGGGGAGTTTCG	1	1	0
GTGCCCATATCAAGTG	144	139	5
CTGAGCGTTGTCTTTC	6	6	0
AGAAAGTGGGGAAATC	2	1	1
AGGCAATAGAGTTCAC	95	92	3
GCATCGAGGGTCCCTT	6	6	0
GAAGATATAAATCAGA	5	5	0
TACCGCTCGATTTACC	121	118	3
AGTCACAAGAGCGGTA	387	380	7
ACGGCAGTTGGAGGAG	1	1	0
TCGCAATCGGGTGTAT	1	1	0
AGACGAGGCAAGTCAT	1	1	0
AGAAGCTTGGCGGTTT	27	27	0
GAGGGTCAGGCGGTTT	18	18	0
GAAATACGGAAGCACT	119	118	1
CTAACGCCGGGTGTAT	1	1	0
CGAAACTCGAGAATTG	1	1	0
AATCCGGCCGGGTAGT	35	35	0
CTGTTTCCAACCCTTG	4	4	0
ATGCGGAGGACAAAGG	2	2	0
ACGAATTCGTTGCACG	4	4	0
TATCCACGGGGTGTAT	2	2	0
CTTCTACGAGTGAAAG	127	122	5
AAACTACACTTACGGG	2	1	1
TCTGATTTGGTTAGTG	134	130	4
AGTGCTTCGCACCTCT	59	58	1
CCGACTTTCGGGTAGT	2	2	0
CCGATACGGCCACATC	49	48	1
GTAATCTGCCTCGTCT	22	22	0
ACATCTCGACTAGCCA	87	86	1
ACTGGTCAGGGTTGGT	34	34	0
CTGTGACCTGGAGGAG	2	2	0
GGTTACACGACAAAGG	240	234	6
ACCCTCAAGATGTATT	39	38	1
AAGTATTGGCAGTCGA	285	281	4
AACGCCAATTTGGGAG	22	22	0
ACTACCCGTGGTATGA	69	69	0
GTCCTTGCACTTCAAT	159	158	1
GTCTGGAACGCCTTGA	221	217	4
ACCAAGGGATTCAGTA	1	1	0
CCCTTGCACTTCTGGA	12	12	0
AGGCGTTTTGGTTTCT	1	1	0
TCATTTCATTCACATA	157	155	2
GTACGGACGGGTGTAT	1	1	0
ACCTTCCCGACGATGG	9	9	0
GGACTGGAGCGTTGCT	9	9	0
CAAGGTACCCCATAGC	19	17	2
GCCAACATATCAGCGC	193	191	2
TGAGCACATGAGGTCT	1	1	0
GATTACTTCGGCTTAC	148	147	1
ATTACCTTTGTGGCTA	127	124	3
CTGGAACATAGTGGAC	17	17	0
TAATCCATCTTGGTGT	231	227	4
GCTAAGTTTACAAACT	61	61	0
CAGATGGGTCGGTTTA	1	1	0
AGTAATGGGGGTGTAT	6	6	0
CTTCTACGCTGCGTTG	182	177	5
CTCCTCCATTGATTCT	103	101	2
CCTTTGTCGAGTTTCG	1	1	0
ACGGTTGGACTAGCCA	182	180	2
CTGCGATGATATACCT	1	1	0
CCGAGATCTGAAATGA	265	264	1
ATTGGCCCCAATACTT	209	205	4
AACGCCAAAGCGCCTT	1	1	0
CACAACCTCCCGACTT	1	1	0
AGTAATGGAGCGAAGT	241	237	4
GTTACTAGTGCTCCGT	125	124	1
ACCCGATTGGGAGGTA	1	1	0
TGAGCACATTAGTCCG	85	82	3
AAACCGCCAGGTTGTG	1	1	0
CAAGGGTTGGCTACTA	241	240	1
CAATTCTCAGATGGCT	1	1	0
ATTTCCATCGATTGAT	21	20	1
ACGTAAACAACCTGAC	131	131	0
CCTTTGTCTCGTCATG	213	213	0
TGCTTGGGGCAAAGCC	165	164	1
CCCGTAAGGTGGAGCT	1	1	0
AAGCCTTCCGTATTTC	20	20	0
AGGACACAATATAGGA	213	212	1
CTGTTAAACGCTCTCA	77	75	2
TCTGATTTTGGAGGAG	4	4	0
CTGCGATGCCTGTTAT	122	118	4
GATGTGGCGAAAGACC	73	73	0
CTCTATAGGAATTCGT	33	33	0
CTTTGGACGCAGGGTA	2	2	0
AGAGAGACCTGCGTTG	10	10	0
AGCTCCACCAATTAGT	6	6	0
CATGACGAGACAGATA	9	9	0
AGGTTCCCCCCTAACC	1	1	0
GCACTCAGGGGTGTAT	1	1	0
TCTGATTTGGGTGTAT	3	2	1
GTCAGGTTCGTAGAAG	7	7	0
CGAGGCTAGTGGAGCT	13	13	0
ACTCATACGCTCTAGT	139	139	0
AACGATTTGGGTGTAT	1	1	0
GAAAGACACTGCGTTG	148	147	1
AAGAACAGCTGGTGCA	1	1	0
GGAACGAAGGGTGTAT	1	1	0
CTAACGCCACGTATAC	65	64	1
CTAGTAGGCAGTTTGC	14	14	0
AGTTGAACTATTGCCT	175	171	4
CTCAAACAACCCATAT	17	17	0
CAAGGGTTAGCGCCTT	1	1	0
GAAATACGCGCTCTCA	1	1	0
AGTTGCGGATGCATGG	0	0	0
ATTACCTTCCATTTGA	10	10	0
GTCAGGTTAAGATTGT	2	2	0
TACCCTGCGTGGAGCT	13	13	0
TCTAAACTATGTTGGC	117	116	1
ATCCCACCCTTCTGGA	135	133	2
GCCAACATGTTGCACG	1	0	1
AGGGTAAACAATTAGT	73	73	0
CTGTCGCACACAGTTT	122	122	0
GTCCACTACTGTCTGG	0	0	0
CGTACCGATCTGCATC	18	18	0
AGAGGTGCACGCTCAG	35	35	0
TGCGACTAGCCGGATT	10	10	0
AAACTGTGGTTACGAT	121	120	1
AGAGAGACCGCTCTCA	2	2	0
AAGTCGGGAGATGGCT	1	1	0
ACCCTCAATTGTGACT	4	3	1
GCTACCGTAAGTAATC	1	1	0
AGGGTAAAATGCATGG	144	140	4
AGTTTGTATGGCTACC	2	2	0
CCGACTTTTATTGCCT	1	1	0
GCGCTGATGAGTTTCG	1	1	0
AGCTTCGAGGAAACAG	1	1	0
ATCAATCGTCATATGG	130	128	2
CCGTCTTAGGGAAGGT	1	1	0
ACGGAGCACCACATTA	1	1	0
AACAGCGGCCATTACT	231	230	1
AACAGAACAAAGTCGG	0	0	0
TGCACCAGGTTTACGT	17	17	0
GCACTCAGTCTGCATC	194	193	1
GGCGACAAATATACCT	177	176	1
AAACAAACCGAGATGT	4	4	0
ACGCTTAATGGCCTGT	192	192	0
AAACTACAAACCCTTG	29	28	1
GGAGTAAGTGGAGGAG	1	1	0
CGTGCAACTCATCCTT	11	11	0
GTCAGACCATATACCT	3	1	2
ACGGCAGTAGAAGTTA	95	90	5
GAATCCCACTACTTGT	5	5	0
AGACCTCAGTACACTC	7	7	0
GTGTCACCAAGTAATC	21	21	0
ACTGCTGGCCACATTA	175	175	0
CCGTCTTATGAGGTCT	2	2	0
ATCCGCATTTTACCCT	34	33	1
ACTAGAGCATTTCCGG	135	131	4
ACCCTCAAGAAAGACC	1	0	1
CTTTGGACCTGCGTTG	161	161	0
TCGCAATCCCTGTTAT	86	83	3
ACTGCTGGTTGATTCT	9	9	0
CTAACGCCATATACCT	157	153	4
TCCGACACGCACCTCT	136	129	7
AGTTTGTAGTTTACGT	1	1	0
ATAGATGTTCGGTTCG	0	0	0
CGGTGAGTGCATGGGT	2	2	0
AGAGGTGCCCTGACAC	15	15	0
ATTTCCATCTTTCTTT	2	2	0
TATCTGTCCTTACGGG	8	8	0
TGAATCCTTTGTGACT	1	1	0
GATGTGGCCGACGTCA	3	3	0
AACGCCAACGAGATGT	161	159	2
GGTCTTTCTAAATAGG	4	3	1
ACGAATTCGGGTGTAT	6	6	0
TACGTTCGCAGATTAC	86	82	4
ACGTAAACCAGACCAT	9	9	0
TGGAAAGCTACTTGTG	7	7	0
TAGTCTCTATATCTTC	2	2	0
TCTATTCCGCCGGATT	5	5	0
CAGGTTGCTGGAGGAG	1	1	0
TCCGACACCGTGCTAG	2	2	0
CCAGCGAACTTGGTGT	74	71	3
AGGTAAGCGAAAGACC	8	8	0
ACGGCAGTCTTCGATT	185	180	5
ACCAACCCAAAGTCGG	1	1	0
CATTCATTCCGTGTTT	1	1	0
CTAACGCCGGGTTGGT	143	137	6
CCCTCTTGAGGAAGAC	1	1	0
CGATGGCAGATTGCGA	7	7	0
TCGCAATCAGAGGTGG	1	1	0
ACCAAGGGCCCATAGC	13	12	1
ACGGTTGGGAACGATT	222	218	4
CCCTCTTGATGGAAAT	4	2	2
AAATTCCGCTTGGTGT	1	1	0
GTGTCACCCGAACGTA	2	1	1
ATTTCCATACTAGGAT	1	1	0
ACGGTTGGCTTCTTCG	201	197	4
AAATAGCAGGAATAGA	31	30	1
GATTTCCCAGTGATGC	0	0	0
GGACTTCTTTCCGCTC	2	2	0
TAGTAGCCCACAAGGC	95	95	0
TCCCTGGATAGTGGAC	39	38	1
GGTAAATCCTTTCTTT	69	68	1
AGACGAGGCTGCGTTG	1	1	0
TGAGAGCGCACAAGGC	64	62	2
CAACGCAGGCAACCTG	216	213	3
CACAAGTATGCTCCGT	236	231	5
CCGAGATCCCGTGTTT	35	35	0
AATGGCGTCTCGCGTA	2	2	0
AGGGACTGTCGAAGCT	23	22	1
TACGCGAGGTTCAACT	49	47	2
AGTAATGGCGGACAAC	1	1	0
ACCACAGATTAAGCGT	238	238	0
GCTAAGTTGAAGGCTT	32	32	0
ATATGGGTTAACTACT	30	30	0
AGTTGAACAGCGAAGT	2	1	1
AGTCACAAGGGTGTAT	1	0	1
CTCACATCCTGAGTGC	1	1	0
ACCTTCCCATGGAAAT	36	35	1
TCAAATGGGGCGGTTT	56	56	0
AAAGAGGCAGGAAGAC	1	1	0
TGAATAGGGGCATGCT	2	2	0
AGAATCAAGAGAATTG	1	0	1
CATGACGACGGGCTTT	40	39	1
AAACACGGCTAGATTG	2	2	0
CCCTCTTGTGGAGGAG	1	1	0
GATTTCCCGAATTCGT	8	7	1
CACAACCTAGGTTGTG	1	1	0
TGCACCAGGTCCGTAC	1	1	0
ACAAGTAGGAAGGCTT	51	51	0
AGTTGCGGAAGATTGT	45	45	0
ACGGTTGGAATTCCCA	30	29	1
GTCAAGAGGGGAAGGT	1	1	0
GCTTCTCCAGCTATGA	67	67	0
CTGGGTATATGACTTT	4	4	0
GGTCTTTCTGGTATGA	0	0	0
AGTAATGGCCCGACTT	140	139	1
TAATCCATCTTCTGGA	176	175	1
CGATGGCACGTATTTC	92	89	3
GCATCGAGACCCACGA	97	97	0
AGGAGTCGTGGTATGA	11	11	0
AGCTTCGACTTTCTTT	3	2	1
TACCTCCCTGACCAGT	7	7	0
CCTTTGTCGGCGTTAG	1	1	0
TAACTTCTCGGACAAC	104	104	0
GGGTCATTCTACCGTT	7	7	0
GGCCCAATCATTTGTT	1	1	0
AAGAAGGTCGAATAAT	213	210	3
CACAACCTATCCGCTA	3	2	1
CTGTTAAAAAAGTCGG	1	1	0
CATTCATTGGGTGTAT	4	4	0
TGTTATCATAGTGTTT	0	0	0
CCCGTTCTGGTCTGAC	167	161	6
AGTAATGGTAGTGTTT	1	1	0
GCGGTAACGGTGGGAT	188	184	4
ATGGGCTCCTTTCTTT	37	37	0
CATTTCTATGCCTCAC	1	1	0
AAACACTAGGGTGTAT	4	4	0
GGGATTACGTACCTTG	1	1	0
CTTCTACGGGTGACAC	1	1	0
CCTTTACAAGAGGTGG	147	143	4
CCTATTTAGATTAGAC	35	33	2
CTAACGCCAATGAATG	10	10	0
GTGAGGCAGATCGTTT	152	147	5
CCACGTTGTTCGGCCT	8	7	1
CTCACATCACTGCCGT	2	1	1
TCCGCTGTGCAACCTG	1	1	0
CTCCTCCAGAGTTCAC	1	1	0
GTGCCCATAAATCAGA	55	55	0
GATTTCCCCAGATTAC	1	1	0
AAGTTGTCGGGAAGGT	1	1	0
GCCTGGTACTCCGCAT	114	114	0
GGAGGTTTAGGATTCA	1	1	0
AATCCGGCTGGAGGAG	1	1	0
ACCTTCCCTTGGATCG	1	1	0
CCAGCGAAAGTGAAAG	4	3	1
CTTTGGACTCTGCATC	4	4	0
CGATGGCAGACAAAGG	173	170	3
TATTAGCGGGGTTGGT	1	1	0
GAGCGGAAAAAGTCGG	0	0	0
AGCGTGGTATGACTTT	123	120	3
GTCTTCCTTTGCATAT	127	126	1
GTAAGCCGTGGAGGAG	1	1	0
ACGCTTAATCATGAGG	139	138	1
CAAACATTTGCAAGGG	1	1	0
GGTCTTTCGGGTGTAT	1	1	0
GGGAGATGTGGTTTCT	0	0	0
AGTCACAAGAAGTGCC	7	7	0
GATTAAAGATGAAGCA	17	17	0
AGACCTCAGGGTGTAT	1	1	0
GATTTCCCCGTGGATA	2	2	0
TAGATCAAGTCAAAGA	1	1	0
ATCCTAGTCAACAAAT	16	16	0
AACTCAGTACACTAAG	1	1	0
ACGGTTGGTAGTCTAG	1	1	0
TACCTCCCCCACATTA	1	1	0
CCTATTTATTGATCTA	5	4	1
CAGATGGGCTTCTGGA	32	32	0
CAGGTTGCTAGTGTTT	128	128	0
TGGCTAGTACTGCCGT	113	111	2
ATGTGCCGCCTCGTCT	14	14	0
CTGTTTCCTGCTATTT	256	253	3
GATTAAAGAGGCAGTT	52	50	2
GGTCCTAAGGTGGGAT	4	4	0
ATACACCCGAGTTTCG	1	1	0
TCCGCTGTTTGTGACT	2	2	0
ACGAATTCTGGGATTC	2	2	0
CCATCCACCCGTGTTT	1	1	0
ACGGTTGGTAGTGGAC	5	5	0
GGGATTACCTACCGTT	1	1	0
GGAGTAAGCTAGATTG	2	2	0
TGCTTCATGAGCCCAT	13	13	0
GGACTTCTGGCGGTTT	1	1	0
CCAGCGAAAGGCAGTT	37	36	1
GGAACGAAAGCACCAC	79	78	1
ATACTCTCATGGAAAT	35	35	0
CCATGCATGGCCTAAG	6	6	0
ATGGTCTGTTGATCTA	53	52	1
ACAGATAATAGTCGCA	100	99	1
GGTTAGGGTCCTTATT	46	46	0
GTCAGGTTCATCGCAG	15	15	0
ATCGCGCTGGGTTGGT	1	1	0
ACCAAGGGCGTATTTC	41	41	0
CTTCTACGGAGAATTG	2	2	0
AAAGAAAGTCGACGGT	1	1	0
AAACAAACTATTGCCT	12	12	0
AAAGCCCGCGGGCTTT	186	182	4
ACCTTCCCTACAGCCG	3	3	0
AAAGAAAGCGGGCTTT	0	0	0
AACAGAACGCCTCTTT	1	1	0
GTTACTAGTTGGATCG	13	13	0
AAAGTCATGAAGCACT	45	42	3
GTCAAGAGCTCTTGAC	22	22	0
AAACTACAATATAGGA	142	141	1
TAATGTGGGTCCATGT	119	117	2
ACGAATTCTACCGGCA	1	0	1
AATCGAAGTGGAGGAG	1	0	1
GATTACTTGAGGCTGA	57	54	3
GGTAGCCAAAGATTGT	66	66	0
AAAGTCATTGGTTTCT	211	205	6
CACAACCTGGGAGGTA	10	10	0
TCTATTCCGCCTCTTT	160	155	5
CCTCATGAATCTTTGT	67	66	1
GATGCAGAACCACGCT	87	86	1
GCTTCTCCCTGCGTTG	1	1	0
GATGTGGCGCGCATTC	62	62	0
ACCTTCCCAGTTTAGA	1	1	0
GTGAGGCAGGGAGGTA	1	0	1
ACCTTCCCTCACCGAG	151	148	3
TACTGAATACCCATAT	178	177	1
ACCCTCAACTGTTCTT	7	7	0
CAGACTCGCGTACCTA	8	7	1
GCTATGGGAACCCTTG	200	199	1
CACAACCTTTTAACAG	127	126	1
CTTCTACGCCTCGTCT	1	1	0
AGTCCGTGTGGTTTCT	1	1	0
CTCACATCGGCGTTAG	72	71	1
CTAGTAGGCGACTCCT	194	194	0
ACGACGACCTTACGGG	189	184	5
AGGTTCCCTTATAGCC	169	168	1
CATGACGACGTATCGG	178	178	0
TCAGCCTCAAACCTCC	185	183	2
AATCCGGCCACTTTCT	26	25	1
CATTCGGGAAACTGGT	71	70	1
ACGGCAGTGACAAAGG	262	256	6
CGTACCGAGGTGGGAT	1	1	0
CCACGTTGGGGTGTAT	1	1	0
TGCGACTAGCGCATTC	6	6	0
GTACGCTTGAGTTTCG	3	2	1
GGTCTTTCCTTCGATT	1	1	0
CTAGACTAACGGTAGC	58	58	0
CAACGCAGAGAACGGG	1	1	0
TACCTCCCTTGGCGTT	4	4	0
TGGAAAGCTTATAGCC	1	1	0
CATTCATTATACCCAG	5	5	0
ACGAATTCGACAACTT	180	179	1
TCTGATTTACCTTGCC	204	199	5
ATCGCGCTCATCTCCC	57	57	0
CTGCGATGTGGAGGAG	1	1	0
ACGGCAGTCCCTAACC	0	0	0
AGGTTCCCGGCGTTAG	1	0	1
CCACGTTGACGGTAGC	2	1	1
CCGTAGCTATTCGACG	1	1	0
ACTCATACTGCCATCG	251	246	5
GCCTTGTGTAACCATC	76	74	2
TAGTAGCCGATTGCGA	6	6	0
CCGATACGTGACGGAC	1	0	1
CGAAGAAGGGCGGTTT	1	1	0
TCCGACACAGCGCGAT	2	2	0
GTGTCACCACCACGCT	1	1	0
ACCAGTTTCATCTCCC	1	1	0
GATTACTTGGGTGTAT	1	1	0
ACGGGTTATCTGCATC	171	168	3
CTGAAGGGTTGTCGCC	3	3	0
AAGTTGTCTAGCTTAT	242	239	3
ATTTGTTGTAACCCGT	22	22	0
TCCCTGGAAGAGGTGG	1	1	0
GCCAACATAACTTAGC	29	29	0
GAGCGGAAGGAATAGA	2	1	1
ACGAATTCCTGTCTGG	1	1	0
CGGACTAATGAGGTCT	57	57	0
ACGCTTAACGATTGAT	1	1	0
GTGTCACCAGCGCCTT	17	17	0
TAGCGGATGGGTGTAT	1	1	0
GAAGATATTGTTTGAG	1	1	0
GTGTCACCCGCTAATA	6	5	1
ATCCCACCGAGCGGTA	92	90	2
CACAACCTAAATGTCG	160	156	4
ACCTTCCCGTATGAGT	4	4	0
TGTTATCATGTACACG	1	1	0
GAGTGTACCTACTTGT	177	177	0
AAGTGAGAGACGATGG	2	2	0
ATACACCCGTTTACGT	172	171	1
TCATACCAGTATGAGT	156	154	2
ACGGTTGGGTTACGAT	228	225	3
AATCCGGCTCGAAGCT	13	13	0
TCTGATTTGTTTGTTT	1	1	0
TGCCGGTAGGCTACTA	1	1	0
ACCTTCCCGAGTTTCG	20	20	0
GAGGAGTGTCTCACTT	6	6	0
GTAAGCCGAAACTGGT	200	195	5
ATGACTTGATCAGCGC	160	157	3
ATACACCCCGGGCTTT	2	2	0
CCGGAAATTGAAATGA	16	16	0
CGAACCGACTCGCGTA	1	1	0
CACTTGATCCCATAGC	1	1	0
ACCAAGGGTTATCTGT	1	1	0
CTGTTAAATAACCCGT	171	171	0
GGTCCTAACTGGTGCA	1	0	1
CTTTATCCAAATGTCG	1	1	0
ACAGATAAAGGAGCTT	272	265	7
TGGCTAGTAGAGGTGG	2	2	0
TGCTGACGTGGAGGAG	2	2	0
AAGTCCAAACGCCATT	15	15	0
CCCTCTTGTGAGGTCT	1	1	0
ACGAATTCAGCGCCTT	6	6	0
GGAAGTCCGCTCTAGT	109	108	1
AGAAAGTGAAGGTAAT	1	0	1
AGCTTCGAACGTATAC	1	1	0
CTGTTAAACAAGAGGG	45	44	1
CTTTATCCCCATTACT	1	1	0
CAACGCAGAAACAGGG	26	26	0
CTGGGTATCGAATAAT	14	11	3
ACTTCGCTGGGAGGTA	1	1	0
CGTCGAATCTCGATGC	2	2	0
CGTTGCCTTAACTACT	115	114	1
TGGGAATTAGCTACGG	1	1	0
CCATGCATGGGAACCT	12	12	0
GATTAAAGCGAGTCTG	1	1	0
ATATGGGTAAGGTAAT	201	199	2
TACCTCCCGGGTGTAT	7	7	0
GGAGTAAGTGTCTTTC	94	92	2
AGTTTGTACCACATTA	1	1	0
ACCCTCAAGCCGGATT	1	1	0
ATCGTAACATCTTTGT	3	3	0
AAGGCGCTCTGAGTGC	1	1	0
GTGTCACCGAGAATTG	12	12	0
TATCCACGGGTCACAG	3	3	0
GATTAAAGTTAGGACC	9	9	0
TCTATTCCCGGCTTAC	5	5	0
GCCAAAGCCTTTCTTT	0	0	0
CAAGGTACAATCGGGT	2	1	1
TAGTCTCTCTAGATTG	16	16	0
AAGGGACCACCTTGCC	3	3	0
CCTACGCTGTTCTGTT	181	178	3
GGGTCTAGTTGGCGTT	1	1	0
ATTATTCGCACAGTTT	3	3	0
CTGAAGGGCTTACGGG	227	223	4
CGAAACTCCTGCGTTG	1	1	0
AATCCGGCGGCGTTAG	10	8	2
GCCTTGTGGAATACGC	210	208	2
CCCTTGCATGGAGGAG	1	1	0
CGTGCAACGGGAAATC	1	0	1
GATGTGGCGTCAATAC	58	58	0
GGAGTAAGAGCTACGG	11	11	0
TGGAAAGCTCTCACTT	14	14	0
ACAATCTTGACAACTT	1	1	0
GGGATTACAGCTACGG	1	1	0
TACCTCCCCTAGATTG	3	3	0
CTGGGTATGGGAGGTA	1	1	0
AAGAAGGTATCTTTGT	2	1	1
ACCGTCGATGGAGGAG	3	3	0
TCGTTCCCGCAGGGTA	12	11	1
ACTCGGAATTCGCTGG	172	170	2
GGAGGTTTATGCGGAT	1	1	0
GTCCACTAGAGTTTCG	1	1	0
GGACTTCTCAGATTAC	19	19	0
GTGAACTCGGGAGGTA	1	1	0
ATCGCGCTAAACTCGA	1	0	1
ACCCATGCTCCGTCCA	1	1	0
CGACATTTTTGGATCG	10	10	0
GTCTAATCATATACCT	1	0	1
GAAGATATTGATAACA	3	3	0
CCACGTTGACCTTGCC	1	1	0
CCCTTGCAAAAGTCGG	41	41	0
TCAAATGGGGTGGGAT	1	1	0
ATTTCCATCGTAGAAG	5	5	0
GTAATCTGCGTGGATA	187	185	2
GGGATTACCCATTACT	12	12	0
CAAACATTTGGAGGAG	2	2	0
CTGTTTCCGAGTTTCG	2	2	0
CGTGGGATGTCCATGT	216	214	2
CTACGGGAGTACACTC	43	42	1
GGTAGCCAGAAAGACC	1	1	0
TCCAGAAGATTGGGCC	44	43	1
CTCCCAAAAGAGACTA	1	1	0
CTGTTAAAGATCTCGG	0	0	0
ACGGAGCACTACCGTT	2	2	0
GCAAACTGCGGCACAT	1	1	0
TCTGATTTGAGTTTCG	3	3	0
ATTGGCCCGTGGATGG	1	1	0
GTGTCACCTGGAGGAG	4	4	0
GTATTGACGGTGGGAT	54	54	0
CTTCTACGAGCTACGG	1	0	1
AGAGAGACAGAGGTGG	5	4	1
GCGTGCAAAAAGTCGG	1	1	0
TCCTATATAGGTTGTG	1	1	0
GATTACTTTGCTCCGT	178	177	1
AACGTTACAACCTGAC	11	11	0
CTTAGTGTGGAATAGA	1	1	0
AAACTGTGTTCGCTGG	69	67	2
CATTCATTGACAAAGG	173	169	4
AAGTATTGGTATGAGT	38	37	1
TCTATTCCTTGAGGGT	2	2	0
AGTTTGTATCCCAATC	13	13	0
TATTAGCGAACCCTTG	21	21	0
TACCTCCCTACGTGCT	2	2	0
AAATAGCATCACGTTT	1	1	0
CCATATGAAGCTACGG	66	66	0
AAACCGCCCTTCAGGT	1	1	0
ATTATTCGCGAACGTA	22	22	0
GATTTCCCGGGTTGGT	8	8	0
ATCCTAGTTTGGCGTT	2	2	0
GCGTGCAAGGGTGTAT	1	1	0
GTTACTAGTAGCCTCG	73	70	3
GATGTGGCCGTCAGCA	185	184	1
GGTAGCCATGATGCCC	182	180	2
AAGTCGGGCGAGATGT	1	1	0
CCGTAGCTCGAACGTA	208	203	5
AGCCATCTGGGTTGGT	144	139	5
GTGTCACCTGGCTACC	5	4	1
ACCAAGGGTGTGGCTA	2	2	0
AGTAATGGGAGCGGTA	2	2	0
GCTTCTCCTACAAACT	1	1	0
CAAGGAATAAAGCCTA	172	169	3
GCATCGAGGTCAATAC	192	190	2
GTCAGACCTGGTTTCT	3	3	0
ATATGCAATCGAAGCT	27	27	0
GCTCGTAGGCGTTGCT	1	1	0
GTCCACTATGTAGTTT	1	1	0
AATGGCGTACTTCAAT	1	1	0
AAGTTGTCGAGTTTCG	1	1	0
ACAAGTAGCTAGTAAC	3	3	0
GGTTACACGTGTAACC	73	73	0
GGTAGCCATACAAACT	18	18	0
AACGATTTTTGATCTA	1	1	0
AACAGAACTGTCTTTC	1	1	0
GTGAACTCGGTTAGTG	1	1	0
AATGGCGTGAACGATT	3	3	0
AGCTCCACGGGCCAAT	1	1	0
ACCTGAAGCAATACTT	66	64	2
AAGAAGGTTACGTGCT	3	3	0
AAAGCCCGTCGGTTCG	67	67	0
ACAAAGATAGCGAAGT	1	0	1
CGTCGAATGAGTTTCG	43	43	0
CTGGAACATACGTGCT	8	8	0
GTGAACTCTTATCTGT	125	123	2
CTTCTACGAAACGCCT	31	30	1
CTTAGTGTGTTTACGT	0	0	0
GATTAAAGTAGTCTAG	31	30	1
AGGGACTGTGGAGGAG	1	0	1
AGTAATGGTAGTCGCA	27	26	1
CTGCTAGAGGGTGTAT	1	1	0
TAATCCATGTTTACGT	3	2	1
TAGTCTCTAGAAGTTA	2	2	0
AGGTATATATACTCTT	1	1	0
CCGTAGCTGAGTTCAC	1	0	1
ACCAGTTTGTCCATGT	1	1	0
ATGGGCTCTTATCTGT	68	68	0
TAGTAGCCAATGAATG	1	1	0
ATCAGGGAAACAATCC	13	13	0
GTCCGTCATGGAGGAG	1	1	0
CACTAACCAGCGCCTT	12	12	0
GGAAGTCCTTGCACGC	9	9	0
CCCGTTCTTACGTGCT	10	10	0
GGAGTAAGTAGCTTAT	172	171	1
CTAACGCCCTTTCTTT	78	77	1
GATTAAAGTGACCAGT	1	0	1
GTGTCAGGTACAAACT	4	4	0
TCAGCCTCCCGCTGTT	3	3	0
TAGCCACAAGTGAAAG	6	6	0
TCGTTCCCAAACTCGA	0	0	0
AGCTCCACTGATGCCC	194	193	1
AATGGCGTACTAGGAT	107	106	1
GCAAACTGGGGTGTAT	1	1	0
GGGATTACCAGGTGTC	159	159	0
ATGACTTGTCGGTTTA	139	137	2
CTGTTGTGTAGCCTCG	8	8	0
CTGCTAGAGACGATGG	1	0	1
TGCGACTATGGTTTCT	1	0	1
ACCAAGGGATGGAAAT	1	1	0
AGGCGTTTCGAACGTA	1	1	0
CCCTTGCATCCTTATT	1	1	0
ATCTTGGCACTTCAAT	1	1	0
CAGTTTAAAACCCTTG	39	38	1
GGAGGTTTGCGTTGCT	1	1	0
GACACAAAATACTCTT	37	36	1
ACAAAGATCCCTAACC	28	26	2
GTGCGAAGGGTGGGAT	7	6	1
CTCTGCGTATGCGGAT	17	16	1
AAGGATGAAATGAATG	59	58	1
TGCTTCATATATACCT	2	1	1
TGAGCACAAGCAGAAC	9	9	0
CGTCGAATACCTTCTT	3	3	0
TACGTTCGGGGTGTAT	4	4	0
GGAGTAAGGGGTGTAT	2	2	0
TACGCGAGGGGTGTAT	1	1	0
CGTGGGATTCCCAATC	1	1	0
CCGATACGAGAGGTGG	1	1	0
TCTTTGACCGGGCTTT	1	1	0
CAATCTAGAATGTTTG	208	207	1
ATCCCACCTTGTCGCC	1	1	0
TACCCTGCCTGGTGCA	2	2	0
AAGTTGTCATTCAGTA	2	2	0
TCATTTCACACAAGGC	7	7	0
GCCAACATAGAAGTTA	15	15	0
GAAGATATGCCTCTTT	1	1	0
TACCCTGCTACAAACT	11	11	0
ATTATTCGGAGCGGTA	1	1	0
CTCTATAGGCGTTGCT	9	9	0
CAGATGGGGGTGGGAT	1	1	0
CTACGGGACGCTAATA	212	209	3
TATGTGAAGGGAAGGT	1	1	0
AAGTCGGGGGGTGTAT	2	2	0
CCTATTTATTGATTCT	18	18	0
ACTCGGAAGATTTACC	102	100	2
CGTTGCCTAGGATTCA	91	89	2
CCACCTCTTGGTTTCT	1	1	0
ACATCTCGATCTTTGT	114	113	1
CAAGGGTTAAATCAGA	108	108	0
ATTGAAGTGTGTAACC	2	2	0
GATTTCCCTGGCTACC	1	1	0
ATACACCCCCCAAGCA	48	47	1
AGACCTCACGGCTTAC	108	108	0
CTAGACTAGGCGGTTT	1	1	0
GATTTCCCGGTTAGTG	28	27	1
GTGTCACCGAGCCCAT	4	3	1
ACCAACCCCGTCAGCA	44	44	0
TGAATCCTATGCATGG	68	68	0
GGATTGTTAAATGTCG	1	1	0
AAGGCGCTGAGAGTAT	0	0	0
CCACCTCTCTTACGGG	184	181	3
CCCTCTTGCTCGCGTA	2	2	0
AGTAATGGGAAGGCTT	1	1	0
TACCGCTCGTCAATAC	1	1	0
GTCCGTCAGACGATGG	12	12	0
ACGAATTCTTGGATCG	1	1	0
GTGCCCATTTGCATAT	1	1	0
ACGCTTAACTGGTGCA	1	1	0
GTGTCACCAACCTGAC	3	2	1
ACGGCAGTCGTGGATA	1	1	0
ATCGTAACGTAACGTT	144	141	3
CCCTTGCAATACTCTT	7	7	0
GGGCATCATCGGTTCG	2	2	0
ACCCGATTATATACCT	13	13	0
ACTAATTGGGCGGTTT	1	1	0
GTTACTAGTGCCATCG	3	3	0
CTGCTAGACAACAAAT	1	1	0
ACGGAGCAGTCGTCGT	133	133	0
AAGGATGAACTAGCCA	1	1	0
AGCATGCCCTAGACCC	1	1	0
AAGTGAGAGGGTGTAT	2	2	0
GGTTAGGGTGTCTTTC	34	33	1
AGCAACGCGGGAAGGT	4	4	0
GCACTCAGACTAGGAT	1	1	0
CTACGGGACATCGCAG	9	9	0
ATTGAAGTCGTCAGCA	1	1	0
ACCACAGACGGGTAGT	26	26	0
ATACACCCGAAGCACT	3	3	0
ATTACCTTGAAGCACT	13	12	1
TACCTCCCTGGAGGAG	13	13	0
GGGTCTAGTTGGATCG	31	31	0
AGTGCTTCGGGTGTAT	1	1	0
GTCAGACCCTGTCTGG	15	15	0
AACGATTTCTTACGGG	8	8	0
GGCGACAACTGAGTGC	96	90	6
ACCTTCCCTTAAGCGT	2	2	0
CATTCGGGACCCATAT	7	7	0
AGCGTGGTGGGTGTAT	1	1	0
CTGCGATGTTAAACTG	2	2	0
CAGTTTAATAACCATC	152	149	3
GTCAGGTTAGGTTGTG	7	7	0
AGCACGTAGACGATGG	1	1	0
GCATCGAGAAGATTGT	1	1	0
AGAAGCTTCCTGACAC	4	4	0
CTGCTAGAGGAAACAG	23	22	1
GTGTCACCAAGCGTAC	30	30	0
CTCTGCGTGATGTATT	1	1	0
AGTAATGGTGCAAGGG	13	13	0
TCATACCATACCAGGC	21	21	0
CCGTAGCTGAGGCTGA	1	1	0
CCATGCATGAGTTTCG	1	1	0
CCGTCTTAGTCAATAC	1	1	0
CAAGGGTTCTGGTGCA	2	2	0
CTCTATAGTCGACGGT	73	72	1
CCATATGAGCTTTCCA	15	14	1
AGCTCCACAAAGTCGG	1	1	0
GAGAAACCGCTCTAGT	12	12	0
AGGCGTTTAGAACGGG	2	2	0
CGATGGCAATTCAGTA	1	1	0
CCTTTGTCGGGTGTAT	1	1	0
GTGTCACCAAACTCGA	5	5	0
AAATAGCAGGGTGTAT	3	3	0
AGACGAGGTTGTCGCC	28	28	0
GGATTGTTAGAGGTGG	1	1	0
AACGGTAGTCTCACTT	2	0	2
CGGCTGTATTGGACTT	1	1	0
TGCTTGGGGAGTTTCG	1	0	1
ACGGAGCATACAAACT	10	10	0
TCGTTCCCCAGATTAC	3	3	0
AACGATTTCCACATTA	8	8	0
TCATTTCAATGGGCAC	1	1	0
GCCAACATTGTTCCAG	1	1	0
ATTTGTTGGATCGTTT	1	1	0
TAACTTCTTAACCCGT	0	0	0
CGTGTGTTCTGCGTTG	27	27	0
AGTAATGGTGGTTTCT	2	2	0
TAGATCAAAGAGGTGG	1	1	0
ATGGTCTGCTTACGGG	2	2	0
AGAATCAAGGTCTGAC	22	22	0
GAGCGGAACGTACCTA	36	36	0
ACCTTCCCGACAGATA	13	13	0
ACCAAGGGCAGACCAT	2	2	0
GATTAAAGGGGTGTAT	1	1	0
TACGCGAGGAGTTTCG	1	1	0
GAAGATATATGACTTT	1	1	0
CATGACGACGTCAGCA	5	5	0
CCCGTTCTTACTTGTG	1	1	0
CGTGTACAGGAATAGA	8	8	0
AATGGCGTGGGTTGGT	1	1	0
CTCACATCTTGATTCT	10	10	0
AATAAGGATGCCTCAC	2	2	0
TGCTGACGATCCGCTA	6	6	0
GGCAAGGTGGATAAAG	1	1	0
AACTGCCTCACTTTCT	22	22	0
GGTCCTAAGCAGCATG	39	39	0
TAGTAGCCCCCATCTG	3	3	0
CGAACCGAGAGTTTCG	1	1	0
CGTACCGACTCCGCAT	127	127	0
ACCGTCGAGGTCTGAC	64	63	1
CTTTATCCAACAATCC	13	13	0
CAAGGAATGGTCTGAC	48	47	1
TCCGCTGTATACTCTT	10	9	1
TACCTCCCTTGTTTAC	2	2	0
GATTACTTGGAAACAG	65	65	0
TACGCGAGTGGAGGAG	1	1	0
CTAACGCCTCCCGTAG	1	1	0
AAAGTCATATCTTTGT	1	1	0
CAATCTAGGGCGGTTT	2	1	1
GTGCGAAGGGGTGTAT	7	6	1
AAGTCGGGAGAGGTGG	1	1	0
GTGTCACCGCAGGGTA	1	1	0
ATCCCACCTACAAACT	2	2	0
ACTCATACCGCCTTGA	177	173	4
CAGGTTGCTCCCTGAT	1	1	0
AGCCATCTAGGTTGTG	1	1	0
GACACCTGGTGGATGG	1	1	0
ATCCGCATCGTATCGG	58	58	0
ATAACAGGGTTGCACG	0	0	0
AGGCCGAAGGGTGTAT	1	1	0
CTGGGTATCCCGAATG	247	244	3
CGATCCAATGCGTATC	2	2	0
AACGCCAATGTGCTCA	162	159	3
AGCAACGCCTACGAGC	12	12	0
GTCTTCCTGGGTGTAT	1	1	0
ACCTTCCCCTGAGTGC	5	5	0
GTGAGGCAGACGATGG	46	45	1
CCACCTCTCAGATTAC	25	25	0
GGGAGATGGGTGGGAT	4	4	0
TCAGCCTCGTTTGTTT	1	1	0
CACTAACCACGGTAGC	1	1	0
AAGGCGCTACCACGCT	160	158	2
CTGGAACATATTGCCT	1	1	0
TCTAAACTCCATTTGA	7	7	0
TAGCGGATTGGAGGAG	1	1	0
CCCGTTCTGGAGAAGC	1	1	0
CGGCTGTATAGAAATG	1	1	0
GCGGTAACCCTCGTCT	3	2	1
GCCAAAGCTGAAATGA	19	19	0
TGCTTGGGAGCTACGG	10	10	0
AACAGCGGCCCATAGC	12	11	1
AAAGCCCGCAATTAGT	1	1	0
CCCTGTTTGAGTTTCG	0	0	0
ATGCGGAGGGGAGGTA	3	3	0
ACGGCAGTTTGTCGCC	36	35	1
ATATGCAAGCAAAGCC	1	1	0
AAGAAGGTCTCGATGC	10	8	2
GAGGAGTGCACTTTCT	1	1	0
ACGAATTCGTAATCCC	1	1	0
CGAAACTCAGCGAAGT	20	20	0
ACGGTTGGAAGATTGT	1	1	0
GGGTCTAGGGTCACAG	7	7	0
ACAAAGATAGGATTCA	2	2	0
ATGGTCTGTAACTACT	1	1	0
GGTTACACTTAGTCCG	1	1	0
GGGATTACGTTAACCA	5	5	0
ATTTCCATCTGGTGCA	1	1	0
CCACCTCTTGTAGTTT	1	1	0
AAATTCCGCGAACGTA	57	56	1
CGAACCGATTGTCGCC	161	160	1
TATGTGAACTCAGAAT	8	8	0
CTTAGTGTGGGTGTAT	1	1	0
GGAGGTTTATATACCT	24	24	0
ACGAATTCCGGAATTT	1	1	0
GTTACTAGCAGTCCCT	8	8	0
TCCTATATTTCGTTCC	6	6	0
ACGGAGCAGCCAAGAT	205	204	1
GCTACCGTCAGACCAT	1	1	0
CCAGACAGGTAACGTT	38	36	2
TAAGGGCCCACAAGGC	139	135	4
CTAGTAGGTGCGACAG	1	1	0
TCGAGTTTAGAGACTA	1	1	0
ACCTTCCCGTTAACCA	1	1	0
CCACCTCTACGAAACG	1	1	0
GGTAAATCCCCTTCAG	37	37	0
AGAAACCAAGATGGCT	1	1	0
ATAACAGGCTTACGGG	170	169	1
TCGTTCCCAGGAGCTT	0	0	0
GGACTTCTTGCCTCAC	34	32	2
AGGTTCCCCACAACAG	15	15	0
AAGCTCCTGACAAAGG	1	1	0
AGGTTCCCGAGGCTGA	43	42	1
TACCTCCCCTTCAGGT	43	43	0
ATCGCGCTTGGAGGAG	0	0	0
GAATGCGCAGGCAACG	1	0	1
CCGTCTTACTGTCTGG	15	14	1
ACCTTCCCTGTACACG	1	1	0
CAGGTTGCCCGCTGTT	207	207	0
AGGTTCCCTCCGTCCA	71	70	1
CACAACCTTCATGAGG	1	1	0
GGTAGCCACGAACGTA	5	5	0
TCGTTCCCACGTATAC	46	46	0
CCTTTGTCCATTTGTT	7	7	0
TAACTTCTGCTCTAGT	1	1	0
CAAGGAATCTCGCGTA	35	35	0
AACTGCCTATGACTTT	64	62	2
ACCCTCAACGGCACAT	1	1	0
ACTACCCGGAAAGACC	2	2	0
CCTACGCTCTTGGTGT	113	107	6
CTGTGACCTCCAGTCC	29	29	0
TATCCACGTCATCCTT	3	3	0
GCAAACTGTGGAGGAG	1	1	0
AAAGTCATCGCCTTGA	74	69	5
AGAAACCAGTTCAACT	196	196	0
TGAGAGCGAAACTCGA	9	9	0
AATGTATGCCTCGTCT	1	1	0
GTTACTAGACGAAACG	1	1	0
TCGCAATCGTGTAACC	19	19	0
ATGCGGAGGATTAGAC	207	203	4
CTGTCGCATGTGTCCT	43	40	3
AGCTCCACGAGAATTG	2	2	0
CGACATTTGGTCCCTT	9	9	0
GGACTGGAGCGCATTC	12	12	0
ACGTAAACCGCTAATA	131	130	1
CTTTCACTCTTACGGG	39	37	2
CATTTCTAGAGCGGTA	4	4	0
TCGTGGGTTTGTCGCC	1	1	0
AGTTGAACTAAGACGG	218	216	2
TATGTGAAAAATGTCG	1	1	0
CCACCTCTGGGTTGGT	1	1	0
TACCGCTCTGCTCCGT	103	102	1
CTGTTGTGCCTCGTCT	9	9	0
TAAACCGAAGCACCAC	1	1	0
CTTTATCCGGGAAGGT	2	2	0
TAGCCACACGCCTTGA	1	1	0
ACGGGTTAACTTCAAT	3	3	0
CAATTCTCCGGGTAGT	1	1	0
GCGTATTCCTCAGAAT	1	1	0
ATTTGTTGTCGGTTTA	1	1	0
TAAGGGCCGGTGGGAT	12	12	0
AGCATGCCCGGAATTT	6	5	1
CCCTTGCACTTTAATC	1	1	0
GCAAACTGCTGTCTGG	10	9	1
TGAATCCTGCTCTAGT	2	2	0
TAGTCTCTTGCCTCAC	1	1	0
TCGTTCCCTTGATCTA	1	1	0
CACAACCTTTTGTGTC	1	1	0
CGGCTGTATCATGAGG	1	1	0
CGTACCGATGCAAGGG	13	13	0
AAGCTCCTTTCCGAGT	1	1	0
CATGACGACCCATCTG	1	1	0
ATTTCCATTGGAGGAG	8	8	0
GTCAGACCGTTAACCA	4	4	0
CCCGTTCTAATCGGGT	1	1	0
ATCCTAGTCATCGCAG	34	33	1
AAATAGCAGAAGCACT	1	1	0
GAAGATATTGGAGGAG	8	8	0
GATTTCCCATCTTTGT	1	1	0
TGAGCACATAGAAATG	173	170	3
CCCTTGCATTGAGGGT	2	2	0
ACCAACCCGGTGGGAT	4	4	0
CGATGGCACGCTCTCA	15	14	1
GACACAAACTCGCGTA	4	4	0
ACCTTCCCTAGTGTTT	3	3	0
AGACGAGGAACCCTTG	127	127	0
ACGACGACCCACATTA	1	1	0
GTCTAATCGGGTGTAT	1	1	0
TCCTATATGAGTTTCG	5	4	1
GGAACGAAGAGCCCAT	1	1	0
CCCTCTTGAAAGTCGG	1	0	1
ACCTTCCCTTCCGAGT	1	1	0
AGTAGTTACTTACGGG	15	15	0
AGGGTAAAGCAGGGTA	1	1	0
TACCGCTCCCGTGTTT	24	24	0
CAGATGGGTTAAGCGT	0	0	0
ATTTCCATGTGTCGGA	1	1	0
AGACGAGGCCCATCTG	3	3	0
ACTCGGAAGCATGGGT	1	1	0
TCTATTCCGGAGAAGC	165	161	4
AAGGCGCTGGAAACAG	10	10	0
AATCCGGCGTTACCGC	15	15	0
AATGGCGTCGCTCTCA	1	1	0
ACCCGATTGGGTGTAT	1	1	0
TAGTAGCCGTTCAACT	4	3	1
CGGACTAAAACAATCC	106	106	0
CTGTCGCAGCATGGGT	9	9	0
TCGTTCCCGAAGCACT	5	5	0
CTGTTTCCATACCCAG	1	1	0
GTGTCACCCTTACGGG	8	8	0
CAATCTAGGGTGGGAT	1	1	0
AAGAAGGTGCAGCATG	1	1	0
TAGCGGATTGCTATTT	3	3	0
CTGTTTCCAACCTGAC	19	17	2
TCTATTCCGCTTACCT	3	2	1
GACTAGCGCACAACAG	1	1	0
TCGCAATCGAGTTCAC	1	1	0
AATCGTTCACATCTAT	139	139	0
CCGATACGGAGAATTG	1	1	0
TACCTCCCAAATGTCG	6	6	0
ACCAAGGGGCACCTCT	1	1	0
GGGCATCAATATCTTC	0	0	0
GATTACTTATGCGGAT	57	56	1
TGGGAATTTAGTGGAC	1	1	0
CGTCGAATACGGTAGC	40	39	1
AGAGAGACAGAGACTA	8	7	1
CGAACCGACTACCGTT	6	5	1
GGGTCTAGAGAGGTGG	1	1	0
AAGTCCAATTCCGAGT	8	8	0
TCTAAACTGGCGGTTT	1	1	0
GGAGGTTTTGGTTTCT	1	1	0
CAACGCAGAGCGCCTT	53	53	0
GAGAAACCCGGCACAT	13	13	0
GAGGAGTGTGAAATGA	1	1	0
AAAGAGGCTCGACACC	1	1	0
GATTAAAGAAGCGTAC	15	14	1
ATATGCAATTATCTGT	1	1	0
ATTTCCATGGGAGGTA	1	1	0
CTTAGTGTGAACGATT	3	3	0
AGTTGAACCTTACGGG	3	3	0
CTTTCACTAGCGCCTT	1	1	0
AAAGAGGCGGGAGGTA	1	1	0
TGAGAGCGCCCGAATG	6	6	0
ATTACCTTTCGGTACG	113	112	1
AGAAGCTTCTGAGTGC	6	6	0
ACTAATTGGACGATGG	1	1	0
ACGGGTTATGAGGTCT	1	0	1
GGTAAATCCTTGGTGT	52	52	0
AATCGTTCTTTATCAC	39	39	0
GTGTCACCCAACAAAT	89	89	0
GGAGGTTTGGCTACTA	1	1	0
CTAGTAGGAGCGCGAT	1	1	0
ATCCCACCGGACTTCC	15	15	0
CTGGAACAAGATGGCT	1	1	0
TATCTGTCCAGTTTGC	26	25	1
CTGCTAGACTTAGGTA	3	3	0
AGTCCGTGGAGAATTG	0	0	0
ACGAATTCAGTGAAAG	1	1	0
TGGTGTCTAGAAGTTA	1	1	0
TCTGATTTAAATGTCG	1	1	0
ACAATCTTGCAGCATG	13	12	1
CACTAACCTTCCGCTC	31	30	1
GCGCTGATCGGGCTTT	0	0	0
AGCAACGCCACTTTCT	1	1	0
CGTGGGATAGCGCGAT	9	9	0
CCTACGCTTTTGGGAG	57	56	1
TGCTTCATGGGTGTAT	2	2	0
ACGGCAGTGTGGAGCT	2	1	1
GGTCTTTCAGAGACTA	1	1	0
ACATGGACTTGTCGCC	25	19	6
CAATTCTCTGGAGGAG	3	3	0
ATTACCTTCTTACGGG	12	12	0
AGCACGTATGGAGGAG	3	3	0
TAACTTCTGTTGCACG	51	50	1
AGCACGTAGGGTGTAT	9	9	0
GGAAGTCCGGGTTGGT	2	2	0
AGTCCGTGCGTATTTC	4	4	0
TGCTTCATACTAGGAT	1	1	0
ACATGGACACGCAGAG	1	1	0
GTGTCAGGCAGTTTGC	238	237	1
TCCAGAAGAAAGTCGG	2	1	1
TGGACGGATGGAGGAG	2	2	0
CATTCGGGAGGAGCTT	2	1	1
ACTAGAGCTGTAGTTT	0	0	0
GAGTGTACGGGTGTAT	1	1	0
ATGACAACAGATGGCT	1	0	1
ACTACCCGAGGAGCTT	125	124	1
TACCTAAGGATCGTTT	57	57	0
GGACTTCTATCCCACG	35	34	1
ACGAATTCGGGAGGTA	3	3	0
GGCTATAAATGACTTT	0	0	0
GTATACGTCCCTAACC	8	8	0
ACGAATTCGCTCTAGT	1	1	0
CCGATACGACTTCAAT	13	13	0
TCTATTCCCCTGACAC	2	2	0
CCCGTTCTAGGCAACG	1	1	0
ACGACGACATGTTGGC	1	0	1
CCCTGTTTCCACATTA	1	1	0
GTCAGGTTTCATGAGG	1	1	0
CGTGCAACTTTGGGAG	3	3	0
ACCTTCCCACTTCAAT	1	1	0
ACCTTCCCACGAAACG	2	2	0
ACTAGAGCATACTCTT	6	6	0
AAGGGACCGGGAAATC	1	0	1
AACGATTTCGAGATGT	2	2	0
GTCAGGTTAGATGGCT	6	6	0
GGCAAGGTATGGAAAT	0	0	0
CCACCTCTGAGTTTCG	4	4	0
GTATTGACATTCAGTA	42	40	2
ACCGTCGACAAGTCAT	4	4	0
CATGCTGCTGGAGGAG	1	1	0
AGCCATCTGAGTTTCG	1	1	0
GGTCCTAAACCCACGA	7	6	1
CGATCCAAAGGAAGAC	28	27	1
CGACATTTCATCTCCC	135	131	4
AAACACTATCGACACC	90	90	0
CAGATGGGCGATTGAT	4	4	0
GAAATACGGGGTGTAT	1	1	0
CTGTTGTGGGTGGGAT	0	0	0
AAACGATCGGTCCCTT	94	93	1
ACTAGAGCAATGAATG	1	1	0
ATCCCACCCCGCAACT	1	1	0
CAATCTAGATTGGGCC	81	81	0
ACAAGTAGGCGCATTC	5	5	0
CTCCTCCACTGGTGCA	2	2	0
CGATCCAATAACCATC	1	1	0
CCGACTTTAAAGCCTA	1	1	0
GGACTTCTGGGTTGGT	0	0	0
GAAGATATGGGTTGGT	1	1	0
AAGTGAGACTTTAATC	5	5	0
ATGCATATTTTACCCT	9	9	0
TCATACCAGGGAGGTA	1	1	0
GATGCAGAGTCATATT	30	29	1
GTATTGACTGCTCCGT	168	167	1
TAGTCTCTGCTCTAGT	1	1	0
AATCGAAGATGAAGCA	53	53	0
GGAGGTTTGTTGTCAT	1	1	0
AGTAGTTAGCTTTCCA	2	2	0
TATTAGCGAAACTCGA	9	9	0
GTCTGGAAAAATGTCG	1	1	0
ACGGAGCACCCAAGCA	1	1	0
CACTTGATAAACTCGA	1	1	0
GATACGCATTGTGACT	0	0	0
CATTCATTAAATGTCG	2	2	0
ACCAACCCTGTCTTTC	1	0	1
ACCTTCCCAGAGGTGG	11	11	0
AAATTCCGGGGTGTAT	1	1	0
GGCAAGGTTGTGTCCT	14	14	0
AGGCGTTTTGTAGTTT	1	1	0
GTGGTGCTTCGTCATG	0	0	0
TATTAGCGACTGCCGT	8	8	0
GCGCTGATTAGCTTAT	1	1	0
TACTGAATCGCCTTGA	18	18	0
GAGGGTCAAGAGGTGG	1	1	0
ACCAACCCGGATAAAG	0	0	0
GTCAGGTTCAGATTAC	3	3	0
GCGTGCAATGGAGGAG	1	1	0
CACTTGATGAGAGTAT	1	1	0
CCTCATGAGGAAACAG	10	10	0
CCACCTCTTAGTGGAC	7	7	0
TACCTCCCTAGTGGAC	4	4	0
TATCTGTCGGGCCAAT	46	44	2
GGTCCTAACTCAGAAT	3	3	0
AAGAACAGACCTTGCC	19	19	0
GTCAGGTTATATAGGA	1	1	0
ATAGATGTAAACTCGA	1	1	0
CCGTAGCTGATTTACC	3	3	0
AAGCCTTCTGCTATTT	38	37	1
GGGAGATGTTGAGGGT	86	84	2
TCATTTCACGAGATGT	3	2	1
CTTAGGCCTTCACATA	2	2	0
CGAACCGAAAACCTCC	261	259	2
CCTTTGTCACTGCCGT	23	22	1
CTTTATCCGGGAGGTA	1	0	1
AGGAGTCGGTTTGTTT	1	1	0
CATGACGAGGACTTCC	1	1	0
AGAGGTGCTTATCTGT	49	47	2
TCGAGTTTGAGTTTCG	1	1	0
CTGCGATGGTCATATT	1	1	0
CTGTTTCCGTGGATGG	6	6	0
GGTTAGGGTTATAGCC	1	0	1
ACTTCGCTCAAGTCAT	1	1	0
CCCTCTTGACTTCAAT	5	5	0
AAGCTCCTCGGGTAGT	1	1	0
AAACTGTGCTCTTGAC	15	13	2
TCATACCATAGTGTTT	0	0	0
GTCAGGTTGGGAGGTA	5	5	0
CTCACATCGGGTGTAT	1	1	0
GGCACTTCAGGTTGTG	1	0	1
CTCACATCAGCAGAAC	3	3	0
TATGTGAAAGAGGTGG	1	1	0
AATCGAAGAAACTCGA	1	1	0
ACAGGCCACACGGACT	2	2	0
TGCTGACGAAGCTTCT	1	1	0
AGGGACTGAACCCTTG	23	23	0
AAACACGGTCACCGAG	195	192	3
AGCACGTAGGGTTGGT	3	3	0
GCCTGGTAGAGAATTG	4	4	0
GGAGGTTTTTGGATCG	1	1	0
ACCAGTTTGGGTTGGT	1	1	0
TAGCCACAAATCGGGT	5	5	0
TACCTCCCGTTACGAT	2	2	0
CATGACGAACTCACCG	1	1	0
CTGTTAAACTTCAGGT	1	1	0
GTAAGCCGTGAGGTCT	1	1	0
ATATGGGTCTGTCTGG	1	1	0
AGCATGCCTTAGGACC	1	1	0
CTGAGCGTCTAGATTG	62	62	0
CTCGGTGAGGGTGTAT	2	2	0
CCCGTTCTTCTCACTT	24	24	0
GTCTTCCTTGCGTATC	8	8	0
CCGTCTTAAACCTGAC	1	1	0
GGAGGTTTGGGTGTAT	3	3	0
ATCCGCATGCATGGGT	23	23	0
CTGAGCGTTCGGTACG	1	1	0
CAATCTAGCCCTTCAG	1	1	0
ATTTCCATATACTCTT	70	70	0
GCTATGGGGGGAGGTA	1	1	0
AATCCGGCCCGTGTTT	1	0	1
AAGAAGGTGGTGGGAT	1	1	0
ATTTCCATCCCATAGC	24	24	0
CCCTGTTTGGCGGTTT	1	1	0
ACATCTCGCACAGTTT	1	1	0
TCCTATATTGCCATCG	1	1	0
TACCTCCCCATCGCAG	1	1	0
AGCAACGCGAGCGGTA	3	3	0
ACGAATTCCTAGATTG	1	1	0
CTTTATCCATCCCACG	2	2	0
ATTTGTTGGGTCCCTT	25	25	0
TCTAAACTTGATAACA	36	34	2
ACTTCGCTCTTACGGG	44	43	1
CTACGGGAAGAGGTGG	1	1	0
GGCGACAACTCGCGTA	1	0	1
TCTATTCCTCGACGGT	110	108	2
GGGATTACGTTGCACG	0	0	0
AACGCCAATCGGTACG	1	1	0
CTGAGCGTTGCAAGGG	1	1	0
ATACTCTCGTTGTCAT	1	1	0
ACCTTCCCGCAAGGAC	6	6	0
GTCTGGAAGAGTTTCG	1	0	1
CACAAGTATAGAAATG	0	0	0
CCTTTACAGGTTAGTG	157	153	4
GTGTCACCCCATTTGA	0	0	0
CCACCTCTTGACGGAC	13	13	0
CGATGGCAGCTTTGGC	4	4	0
ACGGCAGTCCCGAATG	1	1	0
AACTCAGTTCCAGGGA	63	62	1
GTCTGGAACAAGAGGG	1	1	0
TCGGTCATTGGAGGAG	2	2	0
CACAACCTATACCCAG	1	1	0
AAGCCTTCTCTCACTT	111	110	1
TAATGTGGTGCCTCAC	1	1	0
TCAAATGGTTGTCGCC	1	1	0
GAGCGGAATGCCTCAC	1	1	0
TACCGCTCGTCGTCGT	6	6	0
GGTCCTAACTGAGTGC	1	1	0
AAGTGAGAACCTTCTT	26	26	0
ACCTTCCCGAGAGTAT	17	17	0
CGAGGCTATGGAGGAG	1	1	0
AGCTCCACCATTTGTT	1	0	1
CTGGAACAGTCCGTAC	2	2	0
AGGTATATGGGTTGGT	1	1	0
ACGAATTCTGGAGGAG	8	8	0
CTCAAACAGGGCCAAT	2	1	1
CGTGGGATTAGTGGAC	23	23	0
GTGCGAAGGGCGTTAG	3	3	0
TAATCCATTCCAGTCC	1	1	0
TCGGTCATGGCGGTTT	1	1	0
GCTATGGGTGGTTTCT	10	10	0
ACAGATAATGCCTCAC	24	23	1
GAAGATATCAAGAGGG	1	1	0
CACAACCTCTTACGGG	1	1	0
GAAGATATAAACCTCC	1	1	0
CATTCATTCGTGGATA	3	3	0
GTCTTCCTAGCGTAGG	9	9	0
TGACGTCGAGCGCGAT	1	1	0
CATTTCTACCGCAACT	8	8	0
TCCTATATTAGTGTTT	97	96	1
CCGTAGCTGCCGGATT	0	0	0
CCACCTCTGCATGGGT	1	1	0
CAAGGGTTCATCGCAG	1	1	0
CGTTTCGTCGTATTTC	0	0	0
GCGTATTCGATTAGAC	10	10	0
TCATACCATGCTCCGT	1	1	0
TCGCAATCGTGGATGG	1	1	0
CTAGACTACAATTAGT	2	1	1
AATAAGGACCATTACT	1	1	0
CGGTGAGTAGAGGTGG	1	1	0
ACGGGTTACCCTAACC	11	11	0
AGTCCGTGCTGCGTTG	17	17	0
AGACGAGGTGGTTTCT	118	116	2
TAGCCACAGAGCGGTA	1	1	0
CTGCTAGAGTTCAACT	1	1	0
TGACGTCGTCGACACC	2	0	2
GTCAGGTTAGGAGCTT	5	5	0
TAGTCTCTCGTGCTAG	12	12	0
GTGTCACCCAAGAGGG	3	3	0
TCCGACACTTGATCTA	1	1	0
AACGGTAGGGGAGGTA	2	2	0
GCGGTAACGATTAGAC	3	3	0
TACCTCCCAGCAGAAC	55	55	0
CGTGGGATTGAGGTCT	2	2	0
ACCTGAAGACGCTCAG	4	4	0
CGATCCAATATTGCCT	1	1	0
ATTGAAGTCCTGACAC	72	72	0
TCGACTGCCTTACGGG	1	1	0
TGCGACTAGAAAGACC	3	3	0
GGTCCTAAGGGAGGTA	1	1	0
AGAAACCACTTACGGG	16	16	0
CGAAGAAGGAGCGGTA	2	2	0
GGTTAGGGGGAGAAGC	114	113	1
TAACTTCTAGAGGTGG	3	3	0
ATTTCCATCCTCGTCT	1	0	1
GGCTATAAGGCGGTTT	1	1	0
CAATTCTCGGCTACTA	1	1	0
GCATCGAGCACTTTCT	1	1	0
TCTATTCCGGGTGTAT	1	0	1
CCATATGAAAGCTTCT	1	1	0
GCTTCTCCAAGGTAAT	1	1	0
GAAAGACAACTGAGTT	0	0	0
TACCGCTCGAACGATT	1	1	0
ATATGCAAAGAGGTGG	2	2	0
GGACTGGACGAACGTA	4	4	0
GTCAGACCATTGGGCC	1	1	0
ACGAATTCGGCGGTTT	4	4	0
GGAAGTCCTTGGCGTT	7	7	0
GTCCGTCACAAGAGGG	10	9	1
TAGGCTTTGGCGGTTT	1	1	0
GCGGTAACTCTCAACC	1	1	0
AACAAATGCCGCAACT	4	4	0
AAAGAAAGGGGAGGTA	2	2	0
TCATACCAAACAATCC	2	2	0
GAAGATATCAATACTT	3	3	0
GTCAGGTTAAGGTAAT	6	6	0
TCTATTCCCGAGTCTG	4	4	0
TCTAAACTGGGAGGTA	1	1	0
CGAAACTCAATCGGGT	1	1	0
CACTAACCTTCACATA	1	1	0
GTTACTAGGATTGCGA	65	65	0
GGTAAATCAAACTCGA	1	1	0
CGACATTTAGCGCGAT	1	1	0
ATATGCAACTTACGGG	3	2	1
CATTTCTACGTCAGCA	1	1	0
AAACGTGACTAGTAAC	0	0	0
CCATCGTCATTCAGTA	10	9	1
TACCTCCCGGAAACAG	2	2	0
AGCAACGCAAGCGTAC	2	2	0
ACCAACCCGCTCTAGT	3	3	0
AAACACGGGAGAATTG	1	1	0
ACCTGAAGCTCCGCAT	12	11	1
AATCGAAGTTGTTTAC	1	1	0
ACGAATTCAAAGTCGG	3	3	0
ACCCTCAAAAATGTCG	2	2	0
AACTCAGTGCAAGGAC	20	19	1
GATTTCCCGCATGGGT	11	11	0
GTGAGGCATGCAAGGG	30	28	2
ACTCATACATACCCAG	1	1	0
AAACCGCCCGAATAAT	1	1	0
TCCGACACATGACTTT	1	1	0
CACTAACCACTGAGTT	1	1	0
GGTCTTTCGGAATAGA	1	1	0
CAGTTTAACTAGATTG	139	139	0
GATTTCCCGGTGGGAT	2	2	0
ACTAATTGTAGTCGCA	7	7	0
TATTAGCGAAATCAGA	1	1	0
GGGAGATGACTGCCGT	0	0	0
TACCCTGCCGGGCTTT	1	1	0
GTATACGTGAATACGC	25	25	0
GCATCACTAAATGTCG	1	1	0
CATGCTGCGCAACCTG	0	0	0
GGTGTCGACGAATAAT	45	45	0
AAGAACAGCACAACAG	1	1	0
TATCTGTCACTTCAAT	0	0	0
AAGTGAGACAATACTT	1	1	0
ACATCTCGTAGTGGAC	14	13	1
GCGCTGATAGGTTGTG	1	1	0
GACACAAAAGAGGTGG	2	2	0
TCTATTCCGGTGGGAT	1	1	0
GAGAAACCTAAGACGG	1	1	0
TCTTTGACAGAGACTA	1	1	0
AACGCCAAAAACCTCC	10	10	0
GTATACGTGTTCAACT	3	3	0
GTGTCACCTAGCTTAT	2	2	0
GTGAGGCAGGGAACGA	51	51	0
CTTAGTGTCAGTCCCT	5	5	0
TCGGTCATCTCCGCAT	2	2	0
AAACCGCCAGCTACGG	2	2	0
TAGCCACAGAGAATTG	1	1	0
CTGCTAGATAACCATC	14	13	1
TGCACCAGATCTTTGT	1	1	0
ACACCAAGCTTACGGG	45	44	1
TATCCACGGAAGTGCC	1	1	0
TGAATAGGACCTTCTT	0	0	0
CCGTAGCTTTGATCTA	1	0	1
CGACATTTGGACTTCC	106	103	3
TCATTTCATTGATCTA	10	10	0
GTATTGACGGAAACAG	138	138	0
GTGGTGCTAGCGCGAT	1	1	0
CATTTCTACTTCTGGA	2	2	0
ACCAGTTTACTGCCGT	53	53	0
CCGACTTTGCTTACCT	8	8	0
ACGACGACAGCAGAAC	1	1	0
CCATCCACAGCGCCTT	1	1	0
ACTGCTGGAAGATTGT	3	3	0
CTGTGACCAGCGCGAT	3	2	1
AGTAATGGTGACGGAC	1	1	0
GGCTATAATGCAAGGG	32	31	1
AATCGAAGAATGAATG	1	1	0
CCGAGATCCTAGATTG	1	1	0
GTCAGGTTAGAGGTGG	11	11	0
ACTACCCGCTGCGTTG	0	0	0
CAGGTTGCGTTGCACG	1	1	0
GCAAACTGGCTTACCT	4	3	1
AGCACGTAAGAGGTGG	1	1	0
CCGAGATCAAATCAGA	0	0	0
AAATTCCGAAGTAATC	52	52	0
ATCGCGCTGTTGCACG	0	0	0
CTAGTAGGTAGAAATG	1	1	0
GAAGATATTGTGGCTA	2	2	0
AGGTTCCCTTGAGGGT	37	37	0
GATTTCCCGTATGAGT	1	0	1
ACTAGAGCAAACTGGT	2	2	0
CTCTGCGTGGCGGTTT	10	9	1
AATGGCGTTGGAGGAG	1	1	0
GGTCCTAACGTGGATA	3	3	0
AAAGAAAGGAGAGTAT	1	1	0
CGAAGAAGGGGTGTAT	3	3	0
TAATCCATGTGTCGGA	197	191	6
TAACTTCTTTGTCGCC	1	1	0
GATACGCAGGGTGTAT	1	1	0
AGGGACTGGGGTGTAT	2	2	0
AAAGAAAGCCCAAGCA	1	1	0
GTGTCACCATGAAGCA	3	3	0
CAGATGGGTTGATTCT	23	22	1
CGTACCGAGATTAGAC	1	1	0
CCAGACAGGGATAAAG	39	39	0
AGAGAGACTTTATCAC	1	1	0
AAAGTCATGGGTTGGT	1	1	0
CAAGGTACCGTATTTC	7	7	0
GGTGTCGATGGTATGA	2	2	0
GAAATACGCCTATTCA	1	0	1
CGTGTGTTAGCGCGAT	1	1	0
TGGTTAACGGCGGTTT	1	1	0
AAATTCCGAAGGTAAT	1	1	0
TGCGACTACAAGTCAT	1	1	0
TCGTTCCCTGGAGGAG	4	4	0
ACGGGTTAGGGTGTAT	1	1	0
TCGACTGCCCCGAATG	0	0	0
ATTATTCGGCGTTGCT	0	0	0
AACTCAGTGATCGTTT	14	14	0
GTGTCACCTTAGTCCG	3	3	0
CTTTATCCCGAGATGT	0	0	0
CTTTCACTAGTGATGC	1	1	0
ATAAGCTACGCTAGTC	4	4	0
AACAAATGCAGGTGTC	20	20	0
AAGTCCAACACAGTTT	5	5	0
TATCTGTCCCCGACTT	6	6	0
TACCGCTCTGAGGTCT	1	1	0
TGTTATCACGTAGAAG	1	1	0
ACCGTCGAAACCTGAC	2	2	0
GCATCGAGGATGTATT	0	0	0
ACAATCTTAACCTGAC	2	2	0
CTGAAGGGAAATGTCG	1	1	0
GCTTCTCCTCTGCATC	2	2	0
AACAAATGAGGCAGTT	0	0	0
CATTTCTATGGTTTCT	1	1	0
TATTAGCGGGGTGTAT	1	1	0
CGTGGGATGAGTTTCG	2	2	0
GTCAGGTTTGACCAGT	1	1	0
TACCCTGCCTTACGGG	1	1	0
TACTGAATCAGTCCCT	73	71	2
GTCAGGTTGATTGCGA	2	2	0
GCTTCTCCGCGCATTC	8	8	0
GTCCGTCATCGGTTTA	12	12	0
AGCTCCACACGTATAC	2	2	0
AATCGAAGGTGGATGG	2	1	1
ACTACCCGGGTCTGAC	1	1	0
TACGCGAGACGCTCAG	15	14	1
AAGTTGTCAATCGGGT	1	1	0
CTTAGTGTCGCCTTGA	7	7	0
GGATTGTTCCCATAGC	3	3	0
TGGGAATTACTAGGAT	24	24	0
ACGGCAGTCTCGCGTA	35	34	1
CCTCATGAGAGAATTG	1	1	0
CCTATTTACCGCTGTT	1	1	0
GGTTAGGGGAGAGTAT	1	1	0
AATGGCGTAAACAGGG	0	0	0
TCCGCTGTACGGTAGC	166	165	1
AGCCATCTAAAGCCTA	1	0	1
GTGTCACCAGAAGTCC	11	11	0
AACGGTAGAAATCAGA	5	5	0
GTCAGACCGAAGTGCC	71	71	0
CTGGAACACAGATTAC	1	1	0
GTCCACTATGGAGGAG	2	2	0
ACGGGTTATTGATTCT	24	24	0
GACACAAAAGATGGCT	1	1	0
GTGTCACCATACTCTT	8	8	0
TGAGCACACGATTGAT	9	9	0
GTAAACAAATGCGGAT	113	111	2
AAGTATTGTTGTCGCC	1	1	0
TAGTCTCTTGCCATCG	5	5	0
GTGTCACCAGCAGAAC	13	13	0
AGTAATGGGACAACTT	12	12	0
GACACAAATAAATAGG	1	0	1
ACAAGTAGTGTGTCCT	1	1	0
CTCAAACACGGCACAT	1	0	1
TGCCGGTAAGAGGTGG	1	1	0
CCCGTTCTGGAATAGA	13	13	0
AGGTTCCCACGCAGAG	1	1	0
ACCTTCCCGGGTGTAT	11	11	0
AGTAATGGCTTACGGG	3	2	1
AGCAACGCTGGGATTC	1	1	0
AGACGAGGTGGCCTGT	0	0	0
CGTGTGTTTGGTTTCT	1	1	0
AAGAAGGTCGTAGAAG	1	1	0
AACAGAACAAACTCGA	24	24	0
AGTTGAACTTCACATA	1	1	0
CATTCGGGTCCCGTAG	9	9	0
AAGTGAGAAGTGAAAG	1	1	0
ACGGTTGGACTGCCGT	45	45	0
AAACTGTGGGGCCAAT	140	138	2
GGTTACACTCGGTTCG	37	37	0
ATTACCTTGGGTGTAT	1	1	0
GGTTAGGGGGGTTGGT	1	1	0
TACCTCCCGGCCTAAG	1	1	0
AACTCAGTGGGTGTAT	1	1	0
AAAGTCATTAGTGGAC	51	51	0
TACTGAATATGCATGG	2	2	0
GACTAGCGTTAGGACC	1	1	0
CAGACTCGTCGGTTTA	1	1	0
AAACAAACGTATGAGT	40	40	0
ACGAATTCGATGTGAG	23	23	0
AACAGCGGATTTCCGG	71	70	1
AGAAGCTTCGTGGATA	1	1	0
TAGTAGCCCTGGTGCA	2	2	0
CTAGCACGAGAGGTGG	3	3	0
TCCGCTGTCTTCGCAC	11	10	1
GAGTGTACCACGGACT	15	14	1
GGTCCTAAGAGAATTG	1	1	0
ACTAATTGAAACCTCC	7	7	0
CCCGTTCTCAGATTAC	5	5	0
TACCTCCCTGGTATGA	1	1	0
GTACGGACTTATCTGT	19	19	0
CCGTAGCTATATCTTC	1	1	0
CCATCGTCTTCACATA	0	0	0
TGGGAATTGGCCTAAG	1	1	0
CGTACCGAGAGAATTG	30	30	0
AGACCTCAGTTTGTTT	1	1	0
CGTACCGATTGCATAT	12	12	0
ATGCGGAGGGGTGTAT	1	1	0
GATTTCCCTCATATGG	1	1	0
ATCAGGGAAAGCGTAC	1	1	0
CTTTATCCAGCGCCTT	1	1	0
ATCCGCATAGGCAACG	1	1	0
TCATAGCTAGAGGTGG	0	0	0
CGGCTGTAGCAGGGTA	8	8	0
AGGAGTCGGATTAGAC	1	1	0
AACAAATGTGGAGGAG	0	0	0
ACCTTCCCGCGTTGCT	1	1	0
ATCCTAGTCCGTGTTT	1	1	0
AGAGGTGCTTGAGGGT	1	1	0
AATAAGGACGCTAGTC	1	1	0
ATAAGCTAAGCAGAAC	1	1	0
GCATCGAGTTGATTCT	3	3	0
CTCACATCGAGTTTCG	1	1	0
ACCTTCCCACTAGGAT	3	3	0
TGCTTCATATTTCCGG	1	1	0
CATGACGATGTGTCCT	1	0	1
ATGCGGAGAATCGGGT	2	2	0
ACCCTCAATTGGACTT	5	5	0
AATACATCTAACTACT	7	7	0
CCTTTGTCGTCAATAC	1	1	0
GTCTTCCTAGGAAGAC	1	1	0
GTAATCTGGGGAGGTA	1	0	1
CGTGTGTTGGTGGGAT	10	10	0
CTTTATCCCCTGACAC	19	17	2
ATCCGCATAGGAGCTT	1	1	0
ATTGAAGTGTCCATGT	1	1	0
CTTTATCCAGGAAGAC	1	1	0
ACCGTCGATGGTTTCT	2	2	0
CTGTTAAAGAAGGCTT	0	0	0
ACAGATAACGAACGTA	8	8	0
GCCTTGTGTGCTCCGT	1	1	0
ATATGGGTGAACGATT	1	1	0
AGAGAGACGAGGCTGA	1	1	0
AGTTGCGGAGCGAAGT	3	3	0
CCGGAAATCTTACGGG	1	1	0
AGGTTCCCAAACCTCC	2	2	0
CTTCTACGAAATGTCG	1	1	0
CTGTTAAATTTACCCT	1	0	1
ACTCATACGGTGGGAT	0	0	0
CTGTTTCCTCTCAACC	39	39	0
GAGAAACCTTGTGACT	1	1	0
TATGTGAAGAAAGACC	2	2	0
CAGGTTGCGAAGTGCC	0	0	0
GGACTTCTCCCTAACC	6	6	0
AACGATTTATGAAGCA	36	36	0
CTGTTAAAAATTCCCA	7	7	0
AGTCCGTGCCCATCTG	1	0	1
GTGTCACCACGCTCAG	1	1	0
CAACGCAGATTGGGCC	2	1	1
ATCCCACCAATCGGGT	1	1	0
CTGAAGGGGGTTAGTG	10	10	0
TACCCTGCGTTTGTTT	4	3	1
GTACGCTTCGACTCCT	0	0	0
TGGAAAGCTAGTGGAC	3	3	0
GAATGCGCGGTTAGTG	11	11	0
CTTAGGCCAGATGGCT	1	1	0
TGGAAAGCAGAGGTGG	2	2	0
CGTGGGATCAAGAGGG	1	1	0
GGACTGGACTGTTCTT	11	11	0
AACGGTAGGAGTTTCG	1	1	0
AGCAACGCGTACCTTG	1	1	0
GTGTCACCAAAGTCGG	23	23	0
ATTTCCATATCAAGTG	1	0	1
TCGTTCCCGCAACCTG	1	1	0
TGACGTCGTGATAACA	3	2	1
GTATTGACAGAGGTGG	1	1	0
TCCGCTGTGCAGGGTA	1	1	0
GTGTCACCGCAAGGAC	4	4	0
AAGTTGTCTGGAGGAG	1	1	0
GGTTAGGGGGGTGTAT	2	2	0
CGTGGGATACTGAGTT	1	1	0
AAACACGGAAACAGGG	1	1	0
AATAAGGAAAGCTTCT	0	0	0
ATCCCACCATTGGGCC	1	1	0
TCCAGAAGCGAGATGT	4	3	1
CTAGTAGGGTACCTTG	4	4	0
GAAGATATAGAGGTGG	8	8	0
AAGAGTATTGGAGGAG	1	1	0
ATTCTGAGCAACAAAT	1	1	0
GTCAGGTTAATGAATG	4	4	0
GGTTGAGAAAGATTGT	1	1	0
GAAAGACAGGTGGGAT	1	1	0
CAGGTTGCAGCGAAGT	1	1	0
AATGGCGTTTCCGAGT	7	7	0
ATTGGCCCTGGAGGAG	1	1	0
AAATTCCGCGTGGATA	2	2	0
TCAAATGGCTATAGAG	39	39	0
GCGCTGATCAACGTGG	1	1	0
ACAGATAAGACAAAGG	1	1	0
ATTTGTTGCTTACGGG	3	3	0
ATCGCGCTCAAGAGGG	1	1	0
GGCTTTGCGAGGCTGA	8	8	0
CCAGACAGTGGAGGAG	1	1	0
ATCAGGGATTGTTTAC	6	0	6
GCTAAGTTCCGCTGTT	0	0	0
AAACGTGATTAAGCGT	15	15	0
CCCTCTTGGGAAACAG	1	1	0
ATGGTCTGTCGACACC	4	4	0
GGCGACAAGAGTTTCG	1	1	0
GGAAGTCCGAGGCTGA	1	1	0
TCATACCAATCCGCTA	2	2	0
GTTCTGCTAGAGGTGG	0	0	0
AGAGGTGCAAACTGGT	1	1	0
AATAAGGACTGCGTTG	2	2	0
AAACTGTGTTTGGGAG	1	1	0
CAATTCTCGGGTGTAT	1	1	0
GGACTGGAGGCGGTTT	0	0	0
CCCGTTCTAGAGGTGG	3	2	1
AAACTACAATGCGGAT	45	45	0
GGTTGAGAAGAGGTGG	1	1	0
AGGCAATAGGTCTGAC	0	0	0
ATGGTCTGCCTACTAG	5	5	0
GGGCATCAGGGAGGTA	1	1	0
ATCCGCATATCAGCGC	1	1	0
CAGATGGGCCCATAGC	0	0	0
AAACCGCCTAGCTTAT	1	1	0
ATCCTAGTCCAGCAGT	1	1	0
AAAGAAAGAGAGGTGG	2	1	1
ATTGAAGTGTCTCTCT	1	1	0
ATGGTCTGCAGGTGTC	2	2	0
GAGCGGAATCGAAGCT	1	0	1
ACCAAGGGAAATGTCG	2	2	0
AGTCACAAGCCTCTTT	1	1	0
CAGGTTGCCAGATTAC	2	2	0
AGGTATATTTGAGGGT	1	1	0
AAGGATGACCCGAATG	1	1	0
CCGACTTTGGGAGGTA	0	0	0
GTCAGACCTGGAGGAG	1	1	0
GGTAAATCTGCGTATC	25	25	0
AGCAACGCAATGAATG	3	3	0
ACGGCAGTGGGTTGGT	3	2	1
ATCAATCGTTCGGCCT	2	2	0
CTCCCAAAGCTCTAGT	1	1	0
TACGCGAGAGCGAAGT	1	1	0
CCCTCTTGAAACCTCC	1	1	0
GAGGAGTGGAGAGTAT	1	1	0
ATCAGGGACAACGTGG	2	2	0
CGTTGCCTCTTACGGG	1	1	0
ACGAATTCGTTGTCAT	26	26	0
AGAAAGTGCACAACAG	17	17	0
TACCTCCCAATGTTTG	176	173	3
ACCCATGCAAGCTTCT	6	6	0
TCGCAATCATATGCAT	9	9	0
GTCCACTACGAGATGT	1	1	0
AAACAAACACGTATAC	111	110	1
TCATACCAGGCCTAAG	8	7	1
GGTCTTTCGGGTTGGT	1	1	0
ACTGGTCAAAACCTCC	1	1	0
AAGTGAGAGGTCCCTT	1	1	0
TGGAAAGCAAAGTCGG	1	1	0
ACGTAAACGTCCATGT	1	1	0
ACAAGTAGGGGAGGTA	0	0	0
CATTCATTAGTTTAGA	1	1	0
ACCCGATTGCCAAGAT	1	1	0
GTCTGGAAAGCTACGG	1	1	0
CATTCGGGGGGTGTAT	2	2	0
GACTAGCGGAAGCACT	5	5	0
GGCCCAATTTGTGACT	5	5	0
GTATACGTTTGCATAT	7	7	0
AGCCATCTGAGGCTGA	1	1	0
GGGAGATGTAACCATC	87	87	0
GTCAGGTTAGCTATGA	3	3	0
GTGAGGCAAGAGGTGG	1	1	0
CTGGAACATGTGTCCT	1	1	0
ACCTTCCCAGGCAGTT	1	1	0
AGAGAGACTACCAGGC	1	1	0
GTTGTCCGTGCCTCAC	1	1	0
GTGTCACCCGTAGAAG	3	3	0
TAGGTACGGGAATAGA	1	1	0
GCGTATTCGCTTTCCA	1	1	0
AAGTATTGGAGTTTCG	0	0	0
CGTGCAACACGAAACG	3	3	0
CGAAGAAGAGATGGCT	1	1	0
ACGGTTGGTCGAAGCT	10	10	0
GGTTGAGATACAAACT	1	0	1
GGTAAATCACGTATAC	1	1	0
GTGTCACCGGAATAGA	5	5	0
ATCCTAGTGGTCCCTT	2	2	0
GCAAACTGTGCAAGGG	0	0	0
AGTAATGGGAAAGACC	2	2	0
ACATCTCGTGACCAGT	1	1	0
GCTACCGTGTACCTTG	1	1	0
CATTCATTGAGGCTGA	2	2	0
CCGATACGGATTAGAC	1	1	0
CCTTTACAAGAGACTA	36	36	0
TCAGCCTCTTGAGGGT	1	1	0
CTGCTAGAGCCGGATT	1	1	0
TATGTGAACTGCGTTG	42	41	1
ACGAATTCGGATAAAG	1	0	1
CTGCTAGACACAGTTT	1	1	0
ATTGGCCCGCTTTCCA	1	1	0
TAATGTGGGGCGTTAG	1	1	0
ACCAGTTTGCGTTGCT	1	1	0
AAAGTCATGGGAAGGT	1	0	1
ATGGGCTCGAAGGCTT	1	0	1
CCCTTGCAGATCGTTT	8	8	0
AAGAGTATCTTACGGG	54	53	1
TCAGCCTCGAGCGGTA	5	5	0
AGGCAATACGACTCCT	1	1	0
GTGTCACCTACAAACT	21	21	0
AGGAGTCGCTGTCTGG	23	23	0
ACCTTCCCCCGTGTTT	5	4	1
CTGCGATGATTGGGCC	3	3	0
CGGCTGTACTCAGAAT	2	2	0
TCATACCATAACCATC	13	13	0
AGACCTCACGATTGAT	1	1	0
GATTAAAGGGTGGGAT	1	0	1
CTCACATCCCCGAATG	5	5	0
TAATGTGGCGTCAGCA	8	8	0
ATATGGGTCGCTAGTC	26	26	0
GTCAAGAGCTTCTTCG	3	2	1
AAATAGCACTGCGTTG	1	1	0
CTTTATCCACTGCCGT	3	3	0
CCTTTGTCTTGTCGCC	2	2	0
GGACTTCTTACAAACT	1	1	0
GTACGCTTAATTCCCA	15	15	0
CGTGGGATGGTTAGTG	1	1	0
AAACACTAGGCGGTTT	1	1	0
CGTTTCGTACCTTGCC	104	104	0
TAACTTCTTTCACATA	1	1	0
GTTACTAGTCGACGGT	1	1	0
AAGGATGAAAACTGGT	1	1	0
ATGCATATATGCATGG	1	1	0
TGAATAGGCCATTTGA	3	3	0
GATTACTTGCCACATC	12	11	1
TACTGAATGACAAAGG	6	6	0
GTCAGGTTAAAGCCTA	2	1	1
CATTCATTCTTACGGG	2	2	0
TCGTGGGTCTTACGGG	1	1	0
GATACGCAGCCACATC	1	1	0
GGACTTCTGGGTGTAT	1	1	0
ACCAACCCTACAAACT	2	2	0
CATTTCTAGGGTGTAT	1	1	0
AAAGAAAGGATCGTTT	2	2	0
CAATCTAGCTTACGGG	2	1	1
GATGCAGACCGTGTTT	1	0	1
ACGAATTCGGGCCAAT	1	1	0
GTATTGACTGTGTCCT	1	0	1
ATGCATATTGCGACAG	1	1	0
CAGGTTGCGGGAGGTA	1	1	0
GCATCACTCGAATAAT	18	18	0
CGAGGCTACTGCGTTG	1	1	0
TCGACTGCCAGATTAC	3	3	0
TCTAAACTAGGTTGTG	1	1	0
AAGAACAGCTTTCTTT	1	1	0
AAAGAGGCACATCTAT	16	16	0
CCAGACAGTTGATTCT	3	3	0
AATGTATGGGGAACCT	6	6	0
GTCTGGAAAGATGGCT	1	1	0
AACGATTTGTCCATGT	13	13	0
ATCGCGCTGTCCGTAC	1	1	0
ATTATTCGTTGATCTA	0	0	0
AGTAATGGTTGAGGGT	1	1	0
AAGGGACCAGCGCCTT	1	1	0
CGATGGCAGTGTAACC	14	13	1
GCCTTGTGTGTGGCTA	0	0	0
CAGTTTAATGGAGGAG	2	2	0
CGGTGAGTAAATGTCG	1	1	0
AGCAACGCTGGTTTCT	2	2	0
CCCGTAAGTAACTACT	1	1	0
GAAGATATTGGTTTCT	1	1	0
AGAAAGTGTGGAGGAG	1	1	0
AACGCCAAGGCGTTAG	2	1	1
TGAGCACAGAGGCTGA	2	2	0
ACGTAAACTGAGGTCT	1	1	0
AGAAAGTGGTTGCACG	1	0	1
GCTCGTAGTTGGATCG	1	1	0
ACGGCAGTATATACCT	2	2	0
GCCTGGTACGAGTCTG	1	1	0
CTCACATCATGGAAAT	1	1	0
GAAAGACAGACAACTT	1	1	0
ACCTTCCCTTGATTCT	3	3	0
CTGTGACCGGCGGTTT	1	1	0
TAGCCACAAGCGCGAT	2	2	0
GTCTGGAAAAACTCGA	3	2	1
AAACGATCTAGTGGAC	33	32	1
GATTTCCCAGCTACGG	2	1	1
AAATTCCGCTGGTGCA	1	1	0
ATCCTAGTCCCTTGGT	8	8	0
GCGTATTCATGAAGCA	25	24	1
ATTGAAGTCAATTAGT	10	10	0
CCATGCATTGACCAGT	1	1	0
TGCGACTAGCATGGGT	1	0	1
GGTTGAGATCCCTGAT	16	16	0
TACGTTCGTTATCTGT	1	1	0
CTGAGCGTGGTGGGAT	2	2	0
GATACGCAAATCGGGT	1	0	1
CTAACGCCGGTGGGAT	0	0	0
GATACGCACCCAAGCA	1	1	0
TCAGCCTCAGCGCGAT	2	2	0
ACATCTCGGTCCGTAC	1	1	0
CACAACCTTGTGCTCA	1	1	0
GACACAAACAACAAAT	1	1	0
TGGAAAGCTGGAGGAG	3	3	0
GTCCACTACGGCTTAC	7	6	1
AGGTTCCCCGACTCCT	7	7	0
CAGATGGGCCCTAACC	1	1	0
GGGCATCACTGTCTGG	1	0	1
ACCTGAAGGTTGTCAT	13	12	1
AGGCGTTTCCCTAACC	2	2	0
ACGCTTAAGCACCTCT	24	24	0
ACCAAGGGCAGATTAC	2	2	0
ATGCATATGGAAACAG	25	25	0
GGACTGGAGTCCAAAG	16	16	0
TCGAGTTTTGGAGGAG	1	1	0
AAGTCGGGGGGTTGGT	1	1	0
GGAAGTCCCGCTCTCA	1	1	0
AATGGCGTGCATGGGT	1	1	0
CCCGTAAGTTGAGGGT	1	1	0
GGAACGAACTTCAGGT	1	1	0
GAGAAACCGAATTCGT	1	1	0
CATGACGATTGATCTA	7	7	0
AAACAAACAAGTAATC	12	12	0
CAGATGGGTACAAACT	1	1	0
ATTACCTTCCCATAGC	1	1	0
AACGATTTTGCAAGGG	52	52	0
CCGAGATCATATACCT	1	1	0
GTATACGTAAGCGTAC	1	1	0
TAACTTCTCGATTGAT	6	6	0
CACTAACCTGGAGGAG	2	2	0
GTGAGGCACCATTACT	1	1	0
TGCTTGGGGGGAAGGT	1	1	0
CCAGACAGCGAACGTA	1	1	0
TCATAGCTGGCGGTTT	1	1	0
AGTAATGGTTGTCGCC	144	144	0
ACAAAGATGTAACGTT	0	0	0
GATTAAAGAAGATTGT	0	0	0
GGCTATAATGCGACAG	42	42	0
GCATCGAGTAAGACGG	116	114	2
CTGGGTATATGTTGGC	1	1	0
AGTCCGTGTACGTGCT	2	2	0
CTGTGACCGAATACGC	1	1	0
GGAACGAAAGATGGCT	1	1	0
ATCGCGCTCCCATCTG	1	0	1
CTCTATAGAATCGGGT	1	1	0
AGGTATATGAAGTGCC	0	0	0
GTGAACTCGACAAAGG	0	0	0
ATTGAAGTACCTTCTT	1	1	0
GGCTTTGCTGCTATTT	1	1	0
GTGTCACCAACACACG	22	22	0
ACAGATAAAGAACGGG	2	2	0
ACATCTCGTTGTCGCC	2	1	1
GGCTATAAAGGCAGTT	1	1	0
AGTAATGGATCCCACG	2	2	0
TACGCGAGGCTCTAGT	2	2	0
GTGTCACCAATGAATG	4	4	0
GCATCGAGGGCGGTTT	1	1	0
ACCCATGCATACTCTT	1	1	0
GCATCACTGGGTGTAT	2	2	0
TGAGAGCGGCTCTAGT	2	1	1
GGAGGTTTGGTCACAG	1	1	0
CCATATGAGTGTCGGA	5	5	0
TCCGCTGTCATCGCAG	1	1	0
TGCTTCATGATTTACC	1	0	1
AGGTATATTAAGACGG	16	15	1
TGCGACTAGTCTCTCT	3	3	0
AGGAGTCGAGGAAGAC	1	1	0
GCGTGCAAGAAAGACC	0	0	0
AGCAACGCTACGTGCT	1	1	0
ACGAATTCGCGTTGCT	0	0	0
CTGCTAGAGTTGTCAT	2	2	0
TACCTCCCTAGTGTTT	1	1	0
GTATACGTGAGTTTCG	1	1	0
AGAGAGACGGGTGTAT	1	1	0
GGGATTACTGTTTGAG	1	0	1
AAACGTGAATATGCAT	0	0	0
GGATTGTTGCAGCATG	2	2	0
ACCACAGAGAGAGTAT	1	1	0
GCCAAAGCACTAGCCA	1	1	0
GCTCGTAGGGGTGTAT	1	1	0
ATCCCACCAAACTCGA	4	4	0
ACTACCCGTTGTGACT	2	2	0
TGAATCCTCAGATTAC	10	6	4
GTTGTCCGTTCACATA	1	1	0
GGCTATAATCGGTTCG	55	54	1
ACAAAGATAAATCGTT	5	5	0
ATGCATATGCGCATTC	27	27	0
AAGGATGACGTCAGCA	1	1	0
ACGGGTTAGTTTGTTT	4	4	0
ACTACCCGATTCAGTA	100	99	1
ACAGATAAACGAAACG	1	1	0
CACAACCTCTCGATGC	1	1	0
ACCAACCCAGCGCGAT	2	2	0
TGGCTAGTGGGTTGGT	1	1	0
CGTGCAACTTGGCGTT	9	8	1
GATTGGGAGAGTTTCG	1	1	0
TCAGCCTCGAAAGACC	1	1	0
GCTACCGTAGCGAAGT	1	1	0
AGAAAGTGTCGAAGCT	13	13	0
CCAGACAGGGTGGGAT	1	1	0
ACGTAAACGAGGCTGA	159	158	1
GATTACTTGTTCTGTT	12	12	0
AAGTCGGGAGGCAGTT	1	1	0
TACCCTGCACTAGCCA	1	1	0
TCGACTGCGGCGTTAG	5	5	0
CCAGCGAATTGGATCG	1	1	0
CTTAGGCCGATTAGAC	1	1	0
ATGCGGAGTTAGGACC	1	1	0
ATTGGCCCGAACGATT	2	2	0
AAACAAACCACTCCTC	45	43	2
AGAAGCTTAGACACCA	4	4	0
GCGCTGATAGCGCCTT	1	1	0
GCTCGTAGGAGTTTCG	1	1	0
AACTGCCTTTGATTCT	20	20	0
CAAGGGTTAAGCTTCT	104	102	2
GGTCCTAATGGAGGAG	1	1	0
AAATAGCAAGGAGCTT	1	1	0
GGCTTTGCAGGCAACG	10	10	0
GTCAGACCTCGAAGCT	1	0	1
CAGATGGGGAGTTTCG	1	1	0
GATTAAAGCCCGACTT	1	1	0
ATCAATCGGAGTTCAC	2	2	0
AGAAAGTGTGCAAGGG	1	1	0
AGGTAAGCTTGTGACT	0	0	0
CTGAAGGGGGCGGTTT	1	1	0
ATGTGCCGTTGTTTAC	135	131	4
AGGCCGAAAGAACGGG	2	2	0
TCCTATATCGAGATGT	5	5	0
TGGACGGACTCTTGAC	1	1	0
ACCAAGGGGGGAGGTA	1	1	0
ACGGTTGGGGGAGGTA	3	3	0
AAACCGCCTGTAAAGG	0	0	0
TAGGTACGGGCCTAAG	2	2	0
AGACCTCATGGAGGAG	2	2	0
GTGTCACCGAATACGC	5	5	0
CCTTTGTCAGTTTAGA	7	7	0
AGGACACAGGTGGGAT	1	0	1
TAGTCTCTTGGTTTCT	1	1	0
GCACTCAGCGTGGATA	6	6	0
GCCTTGTGGCACCTCT	1	0	1
TCATACCAAAGCTTCT	1	1	0
TGCTGACGCTCCGCAT	2	2	0
ATCGCGCTGGGCCAAT	1	1	0
TAAGGGCCCCCTAACC	2	2	0
GGAGTAAGTCTCAACC	59	58	1
AGCCATCTGAGCCCAT	1	1	0
CTGTGACCTTCACATA	6	6	0
GTGCCCATAAATGTCG	24	24	0
ATTTGTTGAGCGTAGG	1	1	0
GATTTCCCGGAAACAG	8	8	0
CACAAGTAGCAGGGTA	1	1	0
GTGTCACCTGCCATCG	8	8	0
ATTGGCCCGTGGAGCT	1	1	0
AGCAACGCGGCGGTTT	2	1	1
CTCTGCGTAAAGTCGG	0	0	0
CTTTGGACTGCCTCAC	59	58	1
ACTAGAGCAGCGCGAT	0	0	0
CGATGGCAGCTTACCT	0	0	0
AAGTTGTCATTCCTTG	2	1	1
GGCTATAAACTAGGAT	1	1	0
AAAGAAAGGGGTTGGT	1	1	0
AAACGATCGCCGGATT	1	1	0
TCCAGAAGTGGGATTC	2	1	1
ATCCGCATTCGACACC	30	30	0
ACGAATTCTAAGACGG	1	1	0
AGGTAAGCTCCCTGAT	5	5	0
ACTCATACGTGTCGGA	1	1	0
CACTAACCACTAGCCA	1	1	0
TGAATAGGATTTCCGG	1	1	0
ATTTCCATGGGTGTAT	2	2	0
ATGCATATGAAGTGCC	0	0	0
TACCTCCCGGAGAAGC	2	2	0
ACAAGTAGCTGCGTTG	1	1	0
GTCAGGTTTTAAACTG	3	3	0
TAGTCTCTGGTGGGAT	1	0	1
AGAGGTGCTTGTTTAC	10	10	0
CAGACTCGAGCGAAGT	1	1	0
GGACTGGAGTTTACGT	1	1	0
GGGAGATGGTTCTGTT	2	2	0
TCGACTGCGAGCGGTA	3	3	0
TCCGACACGGGTGTAT	1	1	0
ACTGCTGGACCCATAT	1	1	0
CTTTGGACCCCTTCAG	11	11	0
CCCTGTTTCTGGTGCA	2	1	1
ACGTAAACTTGATCTA	1	0	1
TCAAGGCGGTTTACGT	29	28	1
CATTTCTATAGTGGAC	2	2	0
TGAGAGCGTGGAGGAG	1	1	0
ACTGGTCATACCAGGC	7	7	0
CTGAAGGGCCATTACT	5	5	0
GACACAAAGGTGGGAT	0	0	0
GATTTCCCCTTACGGG	1	1	0
GAATCCCACCCAAGCA	1	1	0
TCGAGTTTGTGTCGGA	1	1	0
AACAAATGCATACATT	9	9	0
GCCTTGTGCACAACAG	8	8	0
AGCAACGCAAAGTCGG	4	4	0
GTATACGTTTGAGGGT	1	1	0
TGACGTCGGAACGATT	2	2	0
TGTTATCAAACCCTTG	5	5	0
AAGGGACCGACGATGG	11	11	0
CCCTTGCAGTGGATGG	1	1	0
ACATGGACGGCGTTAG	0	0	0
ACTCATACGGGAAGGT	2	1	1
CCGTAGCTGGGTGTAT	2	1	1
ACCTGAAGCCTACTAG	3	3	0
TGACGTCGAAATGTCG	1	1	0
GGATTGTTAACCTGAC	1	1	0
TGCTGACGCTGTTCTT	1	1	0
CCACCTCTATGTTGGC	1	1	0
TGGAAAGCCCTGACAC	0	0	0
AGCCATCTCCTCGTCT	1	0	1
TCATACCAGCAGGGTA	1	1	0
GAAGATATAAGCGTAC	2	2	0
AACGTTACGTCCGTAC	1	0	1
CTAACGCCACTCACCG	4	4	0
AAACGTGAGAGTTCAC	1	0	1
AAAGAAAGCTTCTTCG	19	19	0
ACCAAGGGTAAGACGG	12	12	0
ATTACCTTTAGTGTTT	1	1	0
AAGTATTGGTTGCACG	1	1	0
ATCGCGCTAAAGTCGG	1	1	0
CTGTGACCTAACCATC	5	4	1
ATATGCAAAAAGCCTA	1	1	0
ATGGTCTGATACTCTT	9	9	0
TCCCTGGATGGAGGAG	1	1	0
AGAAAGTGAACCCTTG	1	1	0
TGCGACTAACGTATAC	4	4	0
AGGACACAAGGAGCTT	1	1	0
TCTAAACTCTTCGCAC	100	99	1
ATCCCACCTATTGCCT	7	7	0
TGGCTAGTAACCTGAC	1	1	0
GAGGAGTGGAGTTTCG	1	1	0
ACCCTCAAGGGAGGTA	10	10	0
CAACGCAGTAGCTTAT	0	0	0
GTTACTAGGGCTACTA	1	1	0
GTAAGCCGAGGAAGAC	1	1	0
CCTCATGACTAGATTG	3	3	0
TACCGCTCTAGAAATG	1	1	0
ACCTTCCCGTTGCACG	8	8	0
GTCCGTCACAATACTT	2	2	0
CATGACGATTGTGACT	3	3	0
CAGTTTAAGGGTGTAT	4	4	0
AAGTGAGACAATTAGT	1	1	0
ACTCATACACCCACGA	1	1	0
GTGTCACCGGATAAAG	15	15	0
TAGTAGCCAAACCTCC	1	1	0
ACCACAGAACGAAACG	4	3	1
ACCTTCCCGCTTACCT	5	5	0
CCTCATGATACCGGCA	1	1	0
CACTTGATCGAACGTA	1	1	0
CATTCATTTACAAACT	0	0	0
CAATCTAGCTCCGCAT	1	1	0
GTGTCAGGGGCGGTTT	1	1	0
AGACCTCATGCTCCGT	2	2	0
TAAGGGCCGGGTGTAT	1	1	0
GTGTCAGGGACAAAGG	1	1	0
AACTGCCTTTAAGCGT	3	3	0
TAGTCTCTTGCTCCGT	25	24	1
CTTTATCCACCCATAT	2	2	0
GGGAGATGGGCGGTTT	2	1	1
GTGTCACCTGTACACG	5	5	0
CCACCTCTCTTCAGGT	3	3	0
TACCCTGCAATTCCCA	21	21	0
TCATAGCTTTGTGACT	1	1	0
AGGACACACACAGTTT	3	3	0
AACGTTACGCAACCTG	2	2	0
GATGGTTAGTACCTTG	3	3	0
ATCCGCATACTAGGAT	1	1	0
CGAGGCTACTCCGCAT	1	1	0
TACCTCCCCGCTCTCA	2	1	1
CTTAGGCCCACTCCTC	1	0	1
ACGGTTGGTCTCAACC	36	36	0
CGAAACTCTAGTCGCA	50	48	2
ACCTTCCCGAGCGGTA	4	3	1
GTCTGGAATGGAGGAG	1	1	0
TAGCGGATTGACCAGT	1	1	0
AAACTACAGGGTGTAT	1	1	0
TCAAATGGTGGAGGAG	1	1	0
ACCAACCCTGGAGGAG	6	5	1
GTCCGTCAATTCGACG	33	33	0
CTGTTAAACTAGTAAC	10	10	0
AAGTATTGCTTCTTCG	1	1	0
ACGAATTCGGCGTTAG	2	2	0
TAGGCTTTGTTCTGTT	1	1	0
AGCAACGCGAGAGTAT	4	4	0
CTGGAACAGTTGCACG	1	1	0
CCATCGTCGACAACTT	1	0	1
CGTTGCCTCCCTTGGT	1	1	0
ATTGGCCCGGTGGGAT	1	1	0
AAGGCGCTAGGAGCTT	2	2	0
GAAGATATGGCGGTTT	2	2	0
GTGGTGCTGATCGTTT	1	1	0
TGCCGGTAAACCCTTG	20	19	1
AGCTCCACGGTGGGAT	7	7	0
ACCTTCCCGGACTTCC	1	1	0
CTCCTCCAAGCAGAAC	3	3	0
ACACCAAGCGACTCCT	1	1	0
GTATACGTGGTCCCTT	8	8	0
TCATTTCAGGGAGGTA	1	1	0
ATCAGGGACGGACAAC	1	1	0
GAATCCCACGCTCTCA	19	19	0
TAATGTGGTCATCCTT	1	1	0
TGGTGTCTTGGAGGAG	2	2	0
CCACCTCTGTTACGAT	1	0	1
CTAGCACGCACGGACT	1	1	0
AAACAAACCCGTGTTT	1	1	0
ATTGAAGTGGCGGTTT	1	1	0
ACCACAGAGGTTTCTC	11	11	0
CATTCATTAGCTACGG	1	1	0
CCGACTTTTCCTTATT	1	1	0
CTGAGCGTGCATGGGT	0	0	0
GATACGCAAATTCCCA	2	2	0
ATCCGCATCGAACGTA	2	2	0
ATCCGCATGGTCACAG	1	1	0
ATGCGGAGGAATACGC	2	2	0
AGCACGTATCGACGGT	1	1	0
GTCCTTGCGAGTTTCG	1	1	0
AGCTCCACGAGTTTCG	1	1	0
CGTGTACAGGGTGTAT	3	3	0
ATCAGGGAAAACTGGT	2	2	0
GGCTTTGCGGGAAGGT	21	21	0
AGAGAGACCGAGTCTG	2	2	0
ACCTTCCCAAATGTCG	13	13	0
GGCCCAATAAACGCCT	2	2	0
TAGTCTCTCCATTTGA	1	1	0
CGGTGAGTCGAGATGT	1	1	0
CTGCTAGATAGAAATG	0	0	0
AAAGCCCGAAACGCCT	29	29	0
AAGGATGATTGCATAT	4	4	0
TCGACTGCTTGAGGGT	1	0	1
AGGAGTCGGGGTGTAT	1	1	0
CCAGCGAAGTCCATGT	1	1	0
GTATACGTAATGACCC	1	1	0
CTGTGACCGAGTTTCG	1	1	0
CACTTGATTTATCTGT	1	1	0
CTCACATCCAAGAGGG	3	3	0
CCCGTTCTGAACGATT	1	1	0
AGCAACGCTTGTGACT	4	4	0
GTTACTAGTCCAGTCC	1	1	0
AACGCCAACGGGCTTT	1	0	1
ATGGTCTGTCCAGTCC	1	1	0
ACCTTCCCTGGTATGA	1	1	0
CGAAGAAGAGAGGTGG	5	5	0
AGTCCGTGCTTACGGG	2	2	0
CCCTGTTTCCTACTAG	1	1	0
GGATTGTTACTGCCGT	1	1	0
GCTCGTAGCGAACGTA	2	2	0
ACCCTCAAGAGGCTGA	2	2	0
ACCCTCAATTGAGGGT	1	1	0
AAACTACAGGCGGTTT	1	1	0
GATACGCAATATACCT	1	1	0
CTAACGCCTCGACACC	1	1	0
TCATACCATCCCTGAT	1	1	0
TCCGACACTTGTCGCC	1	1	0
CCATGCATGCTCTAGT	14	14	0
CCGAGATCGTTTGTTT	2	1	1
TCAGCCTCTCTCAACC	1	1	0
ACGAATTCCGCTAGTC	1	1	0
GTGTCACCCAGATTAC	10	10	0
AGGACACAGAACGATT	1	1	0
TGCTTCATAGAGGTGG	1	1	0
ACTAATTGGAAAGACC	2	1	1
GAATGCGCCTTACGGG	2	2	0
ACTAGAGCTTGCACGC	0	0	0
TGGACGGAAGAGGTGG	1	1	0
TGCGACTACCTCGTCT	2	2	0
AACTCAGTTCCAGTCC	1	1	0
GGCAAGGTTGATAACA	0	0	0
ACCAAGGGCCCTAACC	13	12	1
AGCGTGGTAACCCTTG	2	2	0
AGCGTGGTTCGGTACG	16	16	0
GTGTCACCCCTCGTCT	3	3	0
CGAACCGAGATTAGAC	1	1	0
CCCTTGCAATGGAAAT	1	1	0
GGAAGTCCGAAGTGCC	1	1	0
AACTGCCTGACAGATA	3	3	0
ATGGTCTGAGAACGGG	8	8	0
AAACCGCCCGGGTAGT	2	2	0
CTTCTACGACTAGGAT	21	20	1
TGACGTCGGGGTGTAT	3	3	0
TAGGCTTTGATTGCGA	1	1	0
AGCAACGCATTTCCGG	1	1	0
GAAGATATAAGGTAAT	4	4	0
AAACGTGAACTTCAAT	12	12	0
AGCAACGCGAAAGACC	2	2	0
TACTGAATATGTTGGC	21	20	1
AGTTGAACGCAGCATG	1	1	0
AAATTCCGTGAGGTCT	1	1	0
GGAGGTTTGGGTTGGT	2	2	0
GTAATCTGGCAGTCGA	1	1	0
TGAGCACAGAGTTCAC	2	2	0
GGCTATAATCGGTTTA	1	1	0
GGAAGTCCCAAGAGGG	1	1	0
GCGCTGATATCCGCTA	0	0	0
AGTGCTTCTCGAAGCT	13	13	0
AGTAATGGATTCAGTA	0	0	0
ACCTGAAGTGGTTTCT	1	1	0
CAATTCTCGGTGGGAT	1	1	0
AAATTCCGTGCAAGGG	7	7	0
ACATCTCGAAAGTCGG	1	0	1
CGTGTACAGAGAGTAT	1	1	0
ATACACCCTGGCCTGT	13	13	0
AGCACGTATAGTGTTT	1	1	0
CACTTGATCTTACGGG	1	1	0
GATTGGGACGGGCTTT	48	48	0
CGTTGCCTCTGCGTTG	36	36	0
GGCAAGGTCTTACGGG	3	3	0
CCCGTAAGAGGCAGTT	6	6	0
GGGATTACTCTCAACC	5	5	0
TCTTTGACGTTTGTTT	1	1	0
GGAACGAAGCTCTAGT	1	1	0
CCCTGTTTTGCCATCG	1	1	0
GATGGTTAATCAGCGC	1	1	0
ATTTGTTGCTTAGGTA	1	1	0
ATTTGTTGAGCAGAAC	1	1	0
AGAATCAAGCGCATTC	1	1	0
AGGAGTCGCCGTGTTT	3	3	0
GTGTCACCGTTGCACG	13	13	0
GGTTGAGAGATGTGAG	1	0	1
TCCGACACGTCAAAGA	1	1	0
GTCTGGAACTACCGTT	0	0	0
GGGAGATGTATTGCCT	1	1	0
GAGCGGAATGGAGGAG	1	1	0
TCTATTCCCTTCGATT	1	1	0
TCCCTGGAGTTGCACG	1	1	0
TCGAGTTTCCGCAACT	1	1	0
TCGTTCCCCAATACTT	1	1	0
CAAGGAATAGTGATGC	1	1	0
GTGATAAACGAGATGT	1	1	0
CGTGTGTTAAACGCCT	1	1	0
GTACGGACAAAGTCGG	1	1	0
TAACTTCTCCATTTGA	4	4	0
ATCCTAGTAAATGTCG	1	1	0
ACCGTCGACCCTTGGT	14	13	1
CTTAGGCCAGCGCCTT	1	1	0
TAACTTCTCCAGCAGT	68	67	1
TAGCGGATAAATGTCG	1	1	0
CGGTGAGTCTTCGCAC	1	1	0
CCACCTCTGGTTAGTG	2	2	0
ACCAGTTTCTACCGTT	2	2	0
ACTAGAGCTGTCTTTC	51	47	4
GAGGAGTGGGTGGGAT	4	4	0
ACTAATTGATATGCAT	1	1	0
TGTTATCAGGGTGTAT	3	3	0
AAGGGACCGTCGTCGT	1	1	0
ATCCCACCAGCGCCTT	1	1	0
CTAGTAGGCTAGATTG	21	21	0
GTGAACTCTTCCAGAC	2	2	0
GGCACTTCGGGTGTAT	2	2	0
TCCCTGGAAGCAGAAC	0	0	0
AAGAAGGTCGATTGAT	1	1	0
GTCAGGTTGAAGTGCC	2	2	0
ACAAAGATGAGGCTGA	9	9	0
CCGAGATCTTGGACTT	1	1	0
CGAAGAAGCACAACAG	1	1	0
ATGTGCCGTAACTACT	1	1	0
ACATCTCGAGCGAAGT	11	11	0
CTTTCACTTGGAGGAG	1	0	1
ACATCTCGAGGAAGAC	3	3	0
TGCTTGGGCACGGACT	2	2	0
GTTCTGCTGAAGCACT	11	10	1
TCATACCAGAGTTTCG	1	1	0
GTGAGGCATGGTTTCT	1	1	0
TCCTATATGGGTGTAT	2	2	0
ACTCATACCTTCGCAC	6	6	0
AGTCCGTGTTTAACAG	1	1	0
ACCCATGCGAGAGTAT	2	2	0
AGCTCCACCCGCAACT	1	1	0
CCGACTTTGAGTTTCG	4	4	0
TATTAGCGGGGAGGTA	1	1	0
CTGTTGTGAGAAGTTA	1	1	0
GTGTCACCAGGCAACG	22	22	0
TCTAAACTTGGTTTCT	1	1	0
TGCGACTACTTAGGTA	1	1	0
CCGACTTTCGTCAGCA	2	2	0
ACGGTTGGTCACGTTT	3	3	0
TAGGCTTTGTTCAACT	1	1	0
GGACTGGAGTACCTTG	1	0	1
AATCCGGCGTAATCCC	1	1	0
TACCTCCCGCAAGGAC	3	3	0
ATATGCAAGGGAGGTA	1	1	0
GTCAGGTTGAGAGTAT	7	7	0
AGGACACAGTCCAAAG	1	0	1
ACCCTCAATGGAGGAG	2	2	0
CATGACGATGGGATTC	1	1	0
AAAGAAAGTTGCATAT	1	1	0
AAACAAACCACTTTCT	0	0	0
CCATCCACATGGATTA	1	1	0
TCGACTGCATGGAAAT	2	2	0
TCATACCACTAGATTG	0	0	0
AACGGTAGTTCACATA	1	1	0
CCCTTGCATAACTACT	0	0	0
TAGGTACGACTAGCCA	1	1	0
CTTTGGACGCAGCATG	1	1	0
AGAAACCAGAGCCCAT	2	2	0
ATCAGGGACGTGCTAG	1	1	0
TAATGTGGACTGCCGT	2	2	0
TCGTTCCCTACAAACT	3	3	0
ACGGAGCAATCCGCTA	3	3	0
GTCAGGTTTTTGTGTC	0	0	0
CAAACATTTCTAGCAG	1	1	0
AAACACGGGAAAGACC	1	1	0
AAACTACAGTGGAGCT	2	1	1
TACTGAATGGGTGTAT	1	1	0
TGAATAGGCGCCTTGA	1	1	0
CCTATTTAACCTTCTT	31	30	1
GTGAACTCGTACCTTG	1	0	1
GAATCCCAGACAGATA	1	1	0
TCAGCCTCCCGTGTTT	1	1	0
GTGTCACCGGTGGGAT	1	1	0
TCCAGAAGATATACCT	2	0	2
CGTCGAATGGCGGTTT	1	1	0
TCAGCCTCGGGAACCT	1	1	0
CGGACTAATAAGACGG	1	1	0
GCTTCTCCGCAAAGCC	1	1	0
CGAACCGATCGACGGT	3	3	0
GATGGTTATAAGACGG	1	1	0
ATCCCACCTGGTTTCT	2	1	1
ACTGGTCACCTCGTCT	1	1	0
CGATCCAAACTAGCCA	1	1	0
ACACCAAGAGAGACTA	1	1	0
AAGTCCAAATACCCAG	5	5	0
GTCAGGTTTGTACACG	1	1	0
TACCGCTCTCGGTACG	1	1	0
ACCTTCCCGAAGCACT	3	3	0
CTGTGACCGAAGGCTT	0	0	0
GCTATGGGTGCGACAG	1	1	0
TGGACGGATTATCTGT	1	1	0
CCCGTAAGGATCTCGG	1	1	0
TCATTTCAGAGAGTAT	1	1	0
ATTTCCATCTTCAGGT	1	1	0
GCCTGGTAAAAGTCGG	1	1	0
ACATCTCGAAATGTCG	1	1	0
AGCATGCCGCACCTCT	3	3	0
CTGGGTATGAGTTTCG	1	1	0
AGAAACCACTACCGTT	2	2	0
CCACGTTGCTTACGGG	31	31	0
TGGACGGAAAACCTCC	21	21	0
CGTTTCGTTCTCACTT	27	27	0
CCATCCACAAACTGGT	1	1	0
ATCTTGGCGAACGATT	1	1	0
CCCTCTTGTTGGATCG	3	3	0
CAATCTAGTTCGGCCT	0	0	0
GTCAGGTTAGCGCCTT	9	8	1
GTGCGAAGAATGAATG	1	0	1
CACAAGTATAAGACGG	10	10	0
TCGACTGCGAGTTTCG	2	1	1
TACCTCCCCAACGTGG	3	3	0
GCGCTGATGAGAATTG	1	1	0
ATCCTAGTATTCAGTA	1	1	0
CGAAACTCAGCGCCTT	1	1	0
TCATACCACGTAGAAG	1	1	0
CCCTGTTTTAACCATC	1	1	0
ACGAATTCGGGTTGGT	4	4	0
ATTGGCCCAGGAGCTT	1	1	0
CTCACATCTCATGAGG	4	4	0
AAACAAACAGGCAACG	1	0	1
GGGCATCAAGCGCCTT	0	0	0
CTGTTAAAAATGTTTG	11	11	0
ACCAACCCTCCAGGGA	1	1	0
CACTTGATGTTACGAT	4	4	0
TGGAAAGCGGTGGGAT	11	11	0
CCGTAGCTCGAGATGT	1	1	0
AGGAGTCGGTGGAGCT	1	1	0
ACGACGACGAGCGGTA	2	1	1
TAGTAGCCATACCCAG	1	1	0
ATCGTAACTTAAACTG	7	7	0
GCAAACTGCTGAGTGC	1	1	0
TCCAGAAGAGGAGCTT	1	1	0
TACCTCCCTTATAGCC	1	1	0
GGAGGTTTTAGCCTCG	1	1	0
GCTATGGGGTGGATGG	6	5	1
CACAACCTTGCGACAG	0	0	0
ACCACAGAAGGAGCTT	1	1	0
ATATGGGTGGATAAAG	1	1	0
GCGCTGATTGTAAAGG	1	1	0
CTTTGGACAGAGGTGG	1	0	1
AACGCCAAGCCAAGAT	2	2	0
TCATACCAAGGAGCTT	1	1	0
GTCAGGTTAAACCTCC	2	2	0
GCATCACTCGGCACAT	0	0	0
TAATGTGGGCAGTCGA	1	1	0
CCGGAAATGATTTACC	11	8	3
AAGAGTATGTTAACCA	23	23	0
GTGTCACCAGGCAGTT	2	2	0
AGACCTCAGTCTCTCT	1	1	0
CATTCATTCGTCAGCA	1	1	0
TGGCTAGTAAGTAATC	0	0	0
TACCTCCCGTCCATGT	4	4	0
CGGACTAAACAGCGGA	1	0	1
ACCTGAAGCTTTCTTT	17	17	0
CAGATGGGCCTATTCA	1	1	0
AATACATCGCGTTGCT	1	1	0
CGGTGAGTAGGATTCA	42	42	0
CGGCTGTAGAGTTTCG	1	1	0
GCTATGGGGATTGCGA	11	11	0
GTGAACTCTCATATGG	54	54	0
CGATCCAAGCAGTCGA	1	1	0
GTCAGGTTATTGGGCC	3	3	0
CTGCGATGGTCCATGT	2	2	0
GTCCACTACGAACGTA	9	9	0
CCGAGATCAGTTTAGA	1	1	0
TACCTCCCGAGAATTG	6	6	0
GATGCAGACGAGATGT	1	1	0
GTCTGGAATAACCATC	17	17	0
ATCCCACCTCATCCTT	0	0	0
GTGTCACCGGCTACTA	2	2	0
AAATTCCGGAAGGCTT	1	1	0
TCGTTCCCATACTCTT	1	1	0
TAGTAGCCAGAACGGG	1	1	0
TAATGTGGTAACCATC	1	1	0
CACTTGATGAAGTGCC	8	8	0
GGCGACAAGCCTCTTT	0	0	0
GTCAGGTTGAAGGCTT	5	5	0
ACGAATTCTCCAGGGA	4	4	0
GTGTCAGGGAGTTCAC	4	4	0
TACCCTGCAAATGTCG	2	2	0
ATTGGCCCAAGCGTAC	8	8	0
AAGTATTGCGTGGATA	2	2	0
CCATCCACCATTTGTT	0	0	0
AAAGTCATTTGATTCT	0	0	0
ATCGCGCTAGCAGAAC	1	1	0
GCACTCAGAGCGTAGG	0	0	0
AGTAGTTATAAGACGG	1	1	0
AATCGTTCAACTTAGC	1	1	0
CGTTGCCTCGGACAAC	0	0	0
GTCAGGTTATGAAGCA	5	5	0
AGTAATGGGTCTCTCT	2	2	0
AGCAACGCCTGGTGCA	1	1	0
CGTTTCGTCCGTGTTT	2	2	0
CTGGAACATGTAGTTT	1	1	0
CAGTTTAACATACATT	1	0	1
AAATTCCGTCGACACC	1	1	0
ATTGGCCCGGGAGGTA	0	0	0
AAGCTCCTTGGAGGAG	1	1	0
CCGTCTTAAGCGAAGT	1	1	0
AGCCATCTGAGAATTG	1	1	0
GAAGATATTGAGGTCT	3	3	0
ACGGCAGTTTTGGGAG	1	1	0
AAGGGACCTCCGTCCA	3	3	0
AGCACGTATGGTTTCT	3	2	1
TCGGTCATTGTGGCTA	12	12	0
GTATTGACAAAGTCGG	2	1	1
GCTACCGTACGAAACG	0	0	0
CCACCTCTAGGCAACG	1	1	0
AGTAATGGTCTAGCAG	1	1	0
ACGTAAACTGGTTTCT	1	1	0
AACGCCAAAAGCTTCT	2	2	0
AGCAACGCAGCGCCTT	1	1	0
TCCGACACGGCCCTTA	1	1	0
CAAGGTACAGATGGCT	1	1	0
TGCTTGGGGGTGGGAT	1	1	0
ATATGCAACGGCTTAC	1	1	0
GTGTCACCTGATAACA	16	16	0
ACGGGTTACGAGATGT	1	1	0
GGTAGCCAGATGTATT	1	1	0
ACCCGATTCTTTCTTT	8	7	1
GTCCTTGCAAGCTTCT	1	1	0
GGGCATCAGATTAGAC	2	2	0
CCCGTTCTGAAGTGCC	1	1	0
TCCAGAAGAATGTTTG	1	1	0
TACCTCCCTGTAGTTT	3	3	0
CACTAACCCCTATTCA	6	6	0
ATTTCCATAGATGGCT	12	12	0
TCTGATTTAGGCAGTT	1	1	0
TAATGTGGGGTCTGAC	0	0	0
TCTTTGACGGGTGTAT	2	2	0
ACCACAGAAGCAGAAC	1	1	0
GTGTCACCACGAAACG	8	8	0
CGTGGGATATGGATTA	1	1	0
GGACTTCTTTTGGGAG	2	2	0
GTCTAATCGTGTCGGA	1	1	0
TGGAAAGCGAGAATTG	1	1	0
CCACGTTGTGGAGGAG	1	1	0
GATGTGGCAGGATTCA	1	1	0
AAGTGAGAGCACCTCT	1	1	0
ATCCCACCCACAACAG	1	1	0
AGTCCGTGGAGTTTCG	1	1	0
AAACACTAAATGTTTG	1	1	0
GATTACTTGTCATATT	2	2	0
CTCACATCAAACTCGA	2	2	0
AACTGCCTTAGTGTTT	1	1	0
GTCAGGTTCGTATCGG	1	1	0
CGTGGGATATATACCT	2	2	0
GGACTTCTCAATACTT	2	2	0
ACGGCAGTAGGATTCA	11	11	0
ATTCTGAGGATGTATT	1	1	0
GGCACTTCACGCCATT	10	10	0
GGCACTTCCTTGGTGT	1	1	0
CCATATGAGAAGTGCC	1	1	0
GGAGGTTTTAGAAATG	2	2	0
GTAAACAACCATTACT	1	1	0
TAGCGGATGCAAAGCC	1	1	0
ATAAGCTACTTACGGG	2	2	0
TAAGGGCCTAGTCGCA	33	32	1
GGGATTACGACAGATA	1	0	1
CTGAGCGTAAGGTAAT	1	1	0
TACGCGAGTGGCCTGT	1	1	0
TACCCTGCTTGAGGGT	1	1	0
CCGACTTTTCGAAGCT	0	0	0
CTCCTCCAAAAGTCGG	2	1	1
ATTATTCGGGGTGTAT	1	1	0
CCCTCTTGGGAATAGA	1	1	0
GTCCGTCAAAAGTCGG	1	1	0
CACTTGATTCGGTACG	1	1	0
ATCCGCATAAGCGTAC	50	50	0
TGGTGTCTTAGTGTTT	0	0	0
CAATCTAGAATTCCCA	13	13	0
TAGGCTTTCGACTCCT	1	1	0
GCGCTGATAGAGGTGG	1	1	0
CGAACCGATGTGGCTA	1	1	0
GTCAGGTTAAAGTCGG	10	10	0
GCCTGGTAGCTTTCCA	1	1	0
CCATCCACCGCCTTGA	1	1	0
CTCTGCGTCCGTGTTT	3	3	0
ATTCTGAGGGGTGTAT	1	1	0
CGTTGCCTTCCAGTCC	1	1	0
CCGTCTTATTAGGACC	1	1	0
AGTAATGGAGAGGTGG	5	5	0
GATACGCAGGCCCTTA	2	2	0
ATCAGGGACGACGTCA	6	6	0
CATGACGATTATCTGT	13	13	0
TCGACTGCTAGTGGAC	2	2	0
AAGTATTGTCCGTCCA	1	1	0
TACCTCCCGGGAACCT	1	1	0
CCCTTGCACAGATTAC	5	5	0
CTGCTAGACCGCAACT	1	1	0
ACCACAGAGGCTACTA	2	2	0
AAACAAACAAACTCGA	2	2	0
TGCCGGTAAAACTCGA	1	1	0
TGGAAAGCTCGGTTTA	1	1	0
AGAAGCTTTCCTTATT	11	11	0
ATGCGGAGCAAGAGGG	4	4	0
CGAACCGATGCGACAG	5	4	1
GCGCTGATTCCGTCCA	0	0	0
GATTTCCCGATCTCGG	33	33	0
CTAACGCCCCATTTGA	2	2	0
CATTCATTAGAACGGG	1	1	0
GGTTACACGCAAAGCC	3	3	0
CCAGACAGAGATGGCT	1	1	0
CCCTCTTGTGTGGCTA	1	1	0
CTTTGGACGGGTGTAT	1	1	0
AAGAAGGTGGGTTGGT	1	1	0
CAATCTAGTCCCGTAG	5	5	0
ACGGAGCAGGGTTGGT	1	0	1
GCATCACTCGAGATGT	1	1	0
GTACGGACGCAAAGCC	11	10	1
TATGTGAAGAGAGTAT	1	1	0
ATTTCCATGCAAAGCC	1	1	0
ATTGGCCCCGGGTAGT	2	2	0
AAACACTAGGAGAAGC	2	1	1
CTGTTGTGGCCTCTTT	3	3	0
GGCACTTCGGGAGGTA	1	0	1
AGAAACCACGCTAGTC	3	3	0
ACCCATGCGTTACCGC	3	3	0
AATATGACTTTACCCT	3	3	0
TAATGTGGATTCAGTA	1	1	0
GCCAACATGAGTTTCG	1	1	0
TACTGAATTTGGACTT	9	9	0
TGCTTGGGCCTGACAC	1	1	0
CCACCTCTTTGCATAT	8	7	1
CCACCTCTCCCTTGGT	1	1	0
CGATGGCAAGGCAACG	1	1	0
CCAGCGAACCTGACAC	0	0	0
TCGAGTTTAGGAGCTT	1	0	1
TATCTGTCCAAGTCAT	0	0	0
AAAGCCCGATGACCGA	1	1	0
AGTTGCGGGAAGCACT	1	1	0
ACCCATGCGTCATATT	1	1	0
AATCGAAGTCCAGGGA	15	14	1
AAACACGGGAGTTTCG	1	1	0
TACCTCCCTTGTGACT	8	8	0
GCCTGGTACCTATTCA	4	4	0
CTAGTAGGTCGGTTCG	5	5	0
CGTCGAATAGCGTAGG	8	8	0
GTCAAGAGGCAGGGTA	0	0	0
CGACATTTGTTTGTTT	1	1	0
CTAGCACGGGTTAGTG	11	11	0
CACTAACCTATTGCCT	7	7	0
ACTCATACTACAAACT	1	1	0
TATGTGAACTTACGGG	2	2	0
TGGTGTCTAACAATCC	2	2	0
AGGTTCCCCCACATTA	1	0	1
GTGTCACCCGGGCTTT	2	2	0
TGGTTAACGGTTAGTG	1	1	0
CATGCTGCGGGAGGTA	1	1	0
ATATGGGTAAATGTCG	1	1	0
CTCACATCTACAGCCG	1	1	0
ACCAAGGGGCGTTGCT	1	1	0
ACCAACCCGAGAGTAT	2	2	0
CCCTTGCAGAGTTTCG	5	5	0
TCCAGAAGGAGAGTAT	1	1	0
GCAAACTGTTGTCGCC	14	14	0
AAACGATCGTTAACCA	40	40	0
TAATGTGGCGAATAAT	3	3	0
CTCACATCACCCATAT	1	1	0
GGACTGGAGGGTGTAT	1	1	0
TATGTGAAGAACGATT	1	1	0
TGCTGACGAGGATTCA	3	3	0
GTGTCACCTAACTACT	6	6	0
GTGTCACCCACTTTCT	6	6	0
ATGCATATCGACGTCA	1	1	0
AGTCCGTGGGGTGTAT	1	1	0
GTCAGGTTGTAACGTT	1	1	0
CTTAGTGTGAGTTTCG	2	2	0
TGCTTCATACGTATAC	14	14	0
TACCTCCCGAAGCACT	37	37	0
CTGGGTATAAGCTTCT	0	0	0
AGACCTCAGAATTCGT	1	1	0
TCAAGGCGAAATGTCG	1	1	0
GTTGTCCGGTTTACGT	1	1	0
ACAATCTTGGGTGTAT	1	1	0
GAATGCGCTTCACATA	9	9	0
CTGCTAGAGAGAATTG	1	1	0
CTCGGTGACTAGATTG	15	15	0
TCATTTCATCCAGTCC	1	1	0
ACGAATTCGCTTTCCA	1	1	0
TAAGGGCCTTGAGGGT	30	30	0
CTGGAACACTCGATGC	1	1	0
CCCTCTTGTCGGTTTA	1	1	0
CAATCTAGGTTTGTTT	0	0	0
GAGAAACCGGTCTGAC	52	51	1
ACCCATGCTACAAACT	2	2	0
ACCTTCCCTGGAGGAG	9	9	0
GGATTGTTGGCTACTA	1	1	0
AGCAACGCGTGTAACC	34	34	0
TCGCAATCCTGCGTTG	1	0	1
ACGCTTAAGCAGCATG	0	0	0
TCCCTGGAATACTCTT	2	2	0
TAGATCAACGTCAGCA	13	13	0
CTGTTTCCTAGTGTTT	1	1	0
TACCTCCCGAAGGCTT	2	2	0
TCTATTCCCCGCTGTT	3	3	0
CGATCCAAGAGTTTCG	0	0	0
AGGAGTCGAATGAATG	1	1	0
TCTTTGACAAGCGTAC	0	0	0
ATATGCAACGGGCTTT	13	13	0
TAGGTACGCACGGACT	1	1	0
TGCTTCATGAGAGTAT	1	1	0
AACAGCGGATATGCAT	0	0	0
CGAACCGATGGAGGAG	1	1	0
CTACGGGATCATGAGG	1	1	0
ACGGCAGTCGCTAGTC	1	1	0
GTGTCACCATGCATGG	13	13	0
CTGGGTATTTGGACTT	34	34	0
TGCGACTATTGATTCT	0	0	0
ATCCGCATGTTGTCAT	2	1	1
CGTGGGATGGTGGGAT	2	2	0
AGCAACGCCCCTTCAG	1	1	0
ACCTTCCCTGTAAAGG	1	1	0
CTAGCACGGCAGTCGA	1	1	0
AAATTCCGCGGGTAGT	2	2	0
TGTTATCAGGGTTGGT	1	1	0
GTCAGGTTGAGAATTG	5	5	0
ACCTTCCCTGAGGTCT	5	5	0
TCTGATTTAGATGGCT	1	1	0
GGGATTACACCTTGCC	1	1	0
CGAAACTCAGGATTCA	13	13	0
CCCTGTTTTCATGAGG	2	2	0
CCATATGAATTTCCGG	1	1	0
ACCACAGAGATGTGAG	0	0	0
GCTCGTAGACGCTCAG	5	5	0
ACCAGTTTGTGTAACC	3	3	0
GTGATAAAGGGTTGGT	1	1	0
AGTCCGTGGAATACGC	3	3	0
CGAAGAAGATTCGACG	1	1	0
GATTAAAGCTTTCTTT	6	6	0
GCGTGCAACTTACGGG	1	1	0
ACTGCTGGGGCGGTTT	1	1	0
CCGACTTTGCAGTCGA	7	6	1
CGTTGCCTAGCGTAGG	1	1	0
CCGTCTTATACAAACT	8	8	0
ACGAATTCTGATGCCC	1	1	0
ATTGAAGTGTTCAACT	0	0	0
CCCTCTTGGTCAAAGA	3	3	0
CCGGAAATTGTACACG	1	1	0
ACGTAAACGGTCACAG	4	4	0
GCGCTGATTGGAGGAG	2	2	0
CTGTCGCAATATACCT	0	0	0
ACTACCCGAAAGTCGG	1	1	0
GCTACCGTCGCCTTGA	1	1	0
GTCAGGTTATGACTTT	3	3	0
TAGGCTTTAGATGGCT	0	0	0
TGCTGACGCGAATAAT	3	3	0
GGAGGTTTGGTCCCTT	1	1	0
AGTAGTTAGTCTCTCT	36	35	1
ACCTTCCCGGGAGGTA	14	14	0
ATGCGGAGATACTCTT	1	1	0
GTACGCTTATCAAGTG	38	38	0
CAGATGGGCGTACCTA	3	3	0
AGAAGCTTGAGTTTCG	1	1	0
AGCATGCCTGTTTGAG	10	10	0
CGTTGCCTGGGAGGTA	0	0	0
AGGCCGAATCACCGAG	2	2	0
CTTAGGCCCTGCGTTG	1	1	0
CAGTTTAAAGATGGCT	5	5	0
ATCCGCATGTCTCTCT	1	0	1
AGTCACAAGATTAGAC	16	16	0
TGGGAATTTGGTATGA	1	1	0
AAGTGAGATGATAACA	4	4	0
AAGTATTGCCCGAATG	6	6	0
CGTTGCCTGGTTAGTG	1	1	0
GCCTGGTATCGGTTTA	1	1	0
CGTTTCGTCTACGAGC	9	9	0
AGCTTCGATGCGTATC	1	1	0
CGAAGAAGGGTCTGAC	1	1	0
GAAGATATGAGCGGTA	4	3	1
ACCAGTTTTGTGCTCA	1	0	1
AGGACACATGAAATGA	2	2	0
AACTCAGTAGAAGTCC	1	1	0
GCTAAGTTCAACGTGG	1	1	0
ATGCATATTCGGTTCG	1	1	0
TCCAGAAGAAGCGTAC	1	1	0
TGAATCCTGGACTTCC	1	1	0
TCTGATTTTGGTATGA	6	6	0
CTTTGGACGGCGGTTT	1	1	0
CTGTTAAAGAGAATTG	0	0	0
TACCGCTCCTAGATTG	1	1	0
AGTTGAACGGGTGTAT	1	1	0
TCGTTCCCACCCATAT	1	1	0
ATGCGGAGAGATGGCT	1	1	0
GTCAGGTTTGTAGTTT	3	3	0
GGTAAATCTGGAGGAG	0	0	0
CTGCTAGACCTACTAG	1	1	0
CTGGAACATCATATGG	1	1	0
TGCGACTATGTTCCAG	3	3	0
CAATTCTCAATGTTTG	1	0	1
AATATGACTGGCTACC	1	1	0
AACGTTACGAAAGACC	2	2	0
CACTAACCCTGCGTTG	0	0	0
CACAACCTTTGGCGTT	2	2	0
AGTGCTTCTGGCTACC	1	1	0
ACGAATTCTCGACACC	1	1	0
TATTAGCGGGTTAGTG	1	1	0
AGTGCTTCGGCGTTAG	0	0	0
AAGAAGGTGTGTCGGA	3	3	0
TAACTTCTGGTCCCTT	1	1	0
TGAGAGCGGAGTTTCG	1	1	0
TAGTAGCCGAGTTTCG	1	1	0
TCTAAACTCCGTGTTT	1	1	0
GAAGATATGCAAGGAC	1	1	0
GGGTCATTATATGCAT	0	0	0
CAGTTTAACTCGCGTA	1	1	0
ATATGGGTGGGTGTAT	1	1	0
CGTACCGAGAACGATT	1	1	0
CACTTGATTAGTGTTT	1	1	0
ACAAAGATAAACTCGA	2	0	2
AACGATTTTTCACATA	5	5	0
CAGATGGGGACAGATA	7	7	0
TAGATCAAGTTGTCAT	23	22	1
AGGCGTTTGGGAGGTA	1	1	0
TCGTTCCCGGGCCAAT	1	1	0
GATTTCCCAAACAGGG	3	3	0
ATGGTCTGAAGCTTCT	1	1	0
AAAGCCCGGGGAACGA	7	6	1
TACCTCCCGGGTTGGT	1	1	0
ACGGAGCAGAGTTCAC	0	0	0
ATCAATCGGGGAGGTA	1	1	0
ATTGGCCCTGATGCCC	1	1	0
AAGGATGAATTCGACG	55	54	1
GCCAACATTGAGGTCT	1	1	0
AAAGAGGCGGCGGTTT	1	1	0
TACCCTGCCCGTGTTT	1	1	0
CACAACCTCTTCAGGT	2	2	0
ATCCCACCTTGAGGGT	2	2	0
AAGGGACCGGTGGGAT	1	0	1
CTGCGATGGTCTCTCT	1	1	0
CCGATACGGAGTTTCG	0	0	0
AGCAACGCGGGTGTAT	9	9	0
ATCGCGCTACTAGCCA	0	0	0
TCCTATATAAATGTCG	1	1	0
AGTGCTTCACTGAGTT	2	2	0
ATCGCGCTGATTGCGA	5	5	0
CACTAACCAAACGCCT	6	6	0
TAGCCACATGCGACAG	8	8	0
AATATGACTTGTTTAC	8	8	0
AGCCATCTAGGCAACG	8	8	0
GTGTCAGGTTTGGGAG	1	1	0
AAATAGCAGATCGTTT	2	2	0
GTGCCCATTTAAACTG	3	3	0
GACTAGCGCGGCTTAC	1	1	0
GTGTCACCGTGGATGG	1	1	0
AACGCCAAATCAGCGC	0	0	0
ATGACAACCATACATT	3	3	0
ATCAGGGAAATGAATG	1	1	0
CCCTCTTGTGGCCTGT	36	35	1
GAATCCCACGTAGAAG	1	1	0
AATAAGGAGGGCCAAT	2	2	0
CCGTCTTAGTCCGTAC	1	1	0
TGAATCCTTGGAGGAG	2	1	1
CCACGTTGGCTCTAGT	2	2	0
AATATGACGGCCCTTA	1	1	0
GTCCTTGCTAGAAATG	1	1	0
AAACCGCCGCTCTAGT	10	10	0
GGTGTCGATGTCTTTC	1	1	0
GTGATAAATGGAGGAG	0	0	0
CAGATGGGCTACTTGT	2	2	0
AGAAACCAGTACCTTG	0	0	0
ACATGGACAGACACCA	1	1	0
GTGTCACCGAAGCACT	15	15	0
CCATCGTCCCGCTGTT	1	1	0
ACTAGAGCGCGTTGCT	3	3	0
CCTTTGTCAGGCAACG	2	2	0
ATAGATGTCGAGATGT	1	1	0
AAATTCCGAATGAATG	1	1	0
CGTCGAATTATTGCCT	1	1	0
CCGACTTTCCGTGTTT	0	0	0
AACAGAACGGTTAGTG	6	6	0
TGCTTCATTCCAGTCC	1	1	0
TGCTTCATGGGAAATC	2	2	0
GCATCACTGCCTCTTT	35	35	0
TCTAAACTATGGATTA	11	11	0
AAATAGCAAGAGACTA	2	1	1
AAACTACAACGAAACG	1	1	0
ATCAGGGATGGAGGAG	1	1	0
AGGGACTGAGTTTAGA	1	1	0
GTCCTTGCCTGCGTTG	1	1	0
TGTTATCAACTAGCCA	1	1	0
TCAGCCTCGGGAGGTA	2	2	0
ACAATCTTACGTATAC	1	1	0
TCGACTGCAAACTCGA	1	1	0
TCTATTCCGAGTTTCG	1	1	0
TAGGTACGGGGTTGGT	1	1	0
GGGATTACGCAGGGTA	1	1	0
AAGTCCAATTGTGACT	4	4	0
ATCCCACCGGGAAGGT	6	5	1
ACCTTCCCGGGTTGGT	2	2	0
TATCCACGGTCATATT	1	1	0
ACCTTCCCGGGAAATC	4	4	0
GCATCGAGGAGAGTAT	1	1	0
GTCTAATCACCTTCTT	1	1	0
GGAAGTCCGGATAAAG	2	2	0
GTCCACTAAATTCCCA	3	3	0
CAGACTCGTTGTTTAC	1	1	0
CTGGGTATAGCGAAGT	1	1	0
ATTGGCCCAGAAGTCC	5	5	0
ATTGGCCCGAGCGGTA	0	0	0
AATCCGGCGGGAGGTA	1	1	0
ATTACCTTTTATCTGT	0	0	0
AGCTCCACGTACCTTG	3	3	0
AACAAATGGATGTGAG	0	0	0
TGGACGGAAAGGTAAT	1	1	0
GTCAGGTTCCACATTA	1	1	0
ATTTCCATAGAAGTCC	3	3	0
AAGTCCAAGCACCTCT	9	9	0
GCGTGCAATTCCGAGT	6	5	1
AACGATTTGTTTGTTT	1	1	0
CACTTGATACGCCATT	4	4	0
ACCTTCCCAAAGTCGG	14	14	0
AAACACTATTGGACTT	1	1	0
CTAACGCCCTGGTGCA	3	3	0
GGCGACAACTTCGATT	1	1	0
ATCCCACCGAGTTCAC	1	1	0
ATTACCTTGGGAGGTA	1	1	0
ACCTTCCCGATTGCGA	6	6	0
AGACGAGGGTCAAAGA	1	1	0
AACGTTACCGCTAGTC	1	1	0
CTCCTCCACTCGATGC	22	19	3
ACAGGCCATGGAGGAG	1	1	0
AGGAGTCGGTATGAGT	7	7	0
ACCTTCCCGACAACTT	1	1	0
GTCTGGAAGTTGTCAT	12	12	0
AAACTGTGCAGACCAT	49	49	0
CCGTCTTAGAGCGGTA	1	0	1
CCGTCTTAACCCATAT	0	0	0
CCACGTTGAGTGATGC	0	0	0
ACGACGACGGTCCCTT	4	4	0
TAGCCACAGTTCAACT	1	1	0
GTGCCCATCCGTGTTT	77	77	0
ACCAGTTTCCACATTA	1	1	0
AAACACTATCTGCATC	1	1	0
GGGAGATGCCGTGTTT	1	0	1
CGGTGAGTAAGATTGT	1	1	0
CAACGCAGGGGTTGGT	4	4	0
CGAAGAAGAAGCGTAC	1	1	0
ACATGGACATGGGCAC	1	1	0
TGGTGTCTAAAGTCGG	20	20	0
CGTGGGATGTTTGTTT	1	1	0
AAGAGTATTTGGACTT	1	1	0
GCATCGAGTGCAAGGG	0	0	0
ATGTGCCGCTGCGTTG	5	5	0
AACGTTACAGCGCCTT	7	7	0
GAAGATATGGAATAGA	1	1	0
GGTAGCCAAGCGCGAT	1	1	0
GACACAAATGGCCTGT	0	0	0
GTACGCTTGTGGATGG	1	1	0
ACATCTCGCCCATAGC	1	1	0
CCATGCATTTTGTGTC	1	1	0
AGAAAGTGGGCGGTTT	2	2	0
AACTCAGTCTTACGGG	2	1	1
TAGGCTTTATGACTTT	1	1	0
CCGTAGCTTTGTCGCC	1	1	0
ATGACAACGATTTACC	1	1	0
CTGTTTCCCGAGATGT	3	3	0
CCTATTTATTCCGCTC	1	1	0
CCGAGATCCTGAGTGC	1	1	0
AAAGAAAGTGCAAGGG	1	0	1
ATCAATCGTAGTGTTT	1	1	0
TCCGACACGGCGGTTT	1	1	0
ACCTTCCCAGATGGCT	1	1	0
TCAGCCTCCTTACGGG	5	5	0
AGTGCTTCTGCGACAG	1	1	0
ATATGGGTCTTACGGG	3	2	1
ACAGATAAGATGTGAG	42	42	0
GGCTTTGCGTTGCACG	0	0	0
GCCTTGTGAAACAGGG	1	1	0
CGTTTCGTATTCAGTA	1	1	0
CGTGCAACCTCGATGC	1	1	0
GGTCCTAAGAAAGACC	1	1	0
TGGGAATTACGTATAC	2	2	0
GTGTCACCGAAGGCTT	10	9	1
CACTAACCACGTATAC	15	14	1
TCCGCTGTCGACTCCT	1	1	0
GTCAGACCGTATGAGT	1	1	0
GTTCTGCTGGGTTGGT	1	1	0
CGAAGAAGGGCATGCT	2	2	0
CCCTGTTTACTGCCGT	1	1	0
CACTAACCATGAAGCA	0	0	0
CGACATTTATGCATGG	6	6	0
TGCACCAGTAGAAATG	2	1	1
GTGCGAAGGGGAGGTA	4	4	0
ACCACAGACGTGCTAG	3	2	1
TAACTTCTCCATTACT	2	2	0
AAATAGCAAAACAGGG	1	1	0
TACCTAAGGTTACCGC	27	27	0
GGTTAGGGTTGATTCT	0	0	0
GACTAGCGGTTGCACG	1	1	0
ACTACCCGCAGGTGTC	1	1	0
ATTTCCATAGAAGTTA	2	2	0
TCCGACACTTGCACGC	1	1	0
GTGTCACCTACAGCCG	8	8	0
CTGCGATGACGCCATT	4	3	1
ACAATCTTACTGAGTT	1	1	0
CGATGGCATTGATTCT	2	1	1
CATGCTGCCTGTTCTT	9	8	1
CGGTGAGTTTGGCGTT	4	4	0
CGATCCAATGAGGTCT	7	7	0
CGGACTAAGTCCGTAC	13	13	0
TAAACCGACTTACGGG	4	4	0
AATAAGGAGTTTGTTT	1	1	0
CGAACCGAAACACACG	4	4	0
AAAGTCATAGACACCA	1	1	0
AAACGATCCGTGGATA	1	1	0
GTGTCACCCCATTACT	2	2	0
ATGTGCCGACTAGCCA	1	1	0
TAATCCATTGGAGGAG	1	1	0
GTGTCACCGAGAGTAT	18	18	0
GCTATGGGTACCAGGC	2	2	0
CGACATTTCTACTTGT	1	1	0
CCGAGATCCTCCGCAT	1	1	0
GGCAAGGTCCTCGTCT	1	1	0
GCTAAGTTTGCAAGGG	1	1	0
CTTAGTGTAAATGTCG	1	1	0
GAAATACGGAAAGACC	1	1	0
TCGACTGCCAAGAGGG	9	9	0
TATCCACGCCGTGTTT	15	15	0
GCTAAGTTGGGAGGTA	1	1	0
CGGACTAACTTTCTTT	19	19	0
GTCAAGAGGTGGATGG	1	1	0
GGTAGCCAAGGAAGAC	0	0	0
AATCGAAGGGCGTTAG	1	1	0
ACCTTCCCGATGTGAG	5	5	0
TATCTGTCCGACGTCA	3	3	0
AGCAACGCTCACGTTT	8	8	0
CAACGCAGTAAGACGG	2	2	0
GATGGTTAGGGAAGGT	0	0	0
TCCGCTGTAAATGTCG	1	1	0
AGGCCGAAAATCGGGT	0	0	0
GATTTCCCAGCGCCTT	1	1	0
AGGAGTCGTCTGTGGT	1	1	0
CGTGTGTTCTATAGAG	1	1	0
ACCAGTTTCTTACGGG	1	1	0
GTCAGGTTAAGTAATC	8	8	0
GTCAGGTTAATTCCCA	1	1	0
TGCTGACGCAGATTAC	46	45	1
AACTCAGTTCTGCATC	16	16	0
AGAGAGACTCCGTCCA	8	8	0
CAATCTAGTTATAGCC	1	1	0
AAAGAAAGGATTAGAC	1	1	0
GTAAACAACGAGATGT	1	1	0
GTAAACAATTCCGAGT	58	49	9
GTCAGGTTGGCATGCT	1	1	0
GTCAAGAGCTACTTGT	0	0	0
CTCACATCCGTGGATA	1	1	0
CTGCGATGGGGCCAAT	2	2	0
AAACGTGAGTCGTCGT	1	1	0
TCTAAACTTGGAGGAG	2	2	0
ACGCTTAAAGAGGTGG	0	0	0
AAGAGTATAGAAGTTA	1	1	0
GTCAAGAGGGTTTCTC	1	1	0
CTGTTTCCAAATGTCG	1	1	0
ACCTTCCCGTGGATGG	2	2	0
CTTAGTGTGGCGTTAG	6	6	0
AAACACTAGGGAAGGT	4	3	1
AAGAAGGTTGATGCCC	7	7	0
CGAAGAAGGTAACGTT	0	0	0
ATGACAACAGAGGTGG	1	1	0
CGAGGCTATGTTTGAG	1	1	0
GGGATTACGTTACCGC	15	13	2
TGACGTCGCGACGTCA	2	1	1
CACTAACCTACAAACT	3	3	0
CGATCCAATTGGATCG	2	2	0
CTGGAACAGACAAAGG	1	1	0
CGAAGAAGTCCAGGGA	1	1	0
ACGGGTTAAACCTGAC	2	2	0
TGCGACTAGAGAGTAT	1	1	0
TACCTCCCAGGTTGTG	2	2	0
AACTCAGTTACTTGTG	1	1	0
ACCTGAAGTACCAGGC	1	1	0
TACTGAATGTTGTCAT	1	1	0
CATTTCTAGCGTTGCT	17	17	0
TAGTAGCCGGCGGTTT	1	1	0
CGAAACTCCTCTTGAC	1	1	0
AGTAATGGGGTTAGTG	2	2	0
CAGATGGGCAACAAAT	1	1	0
GGGCATCATTAGGACC	3	3	0
CTGTGACCCGCTAGTC	8	7	1
AAACACGGTTAGTCCG	5	5	0
TCCGACACGTACCTTG	1	0	1
CAGATGGGCTCCGCAT	1	1	0
ATCGCGCTACTCACCG	1	1	0
GAAGATATTGCTATTT	2	2	0
ATGACTTGGAGTTTCG	1	1	0
AGCACGTATCGGTTTA	0	0	0
AGTAATGGGGCGGTTT	3	3	0
GTGTCACCAGAGACTA	5	5	0
CCAGCGAAGGGAAGGT	0	0	0
ACGACGACCTTCGATT	2	2	0
TAACTTCTTCGGTACG	1	1	0
TGCTGACGGGGTGTAT	1	1	0
ATAACAGGTGGCTACC	7	7	0
GGTTAGGGAGAGGTGG	1	1	0
ACAAAGATCAAGAGGG	15	15	0
CTCACATCGGCGGTTT	2	1	1
TGCTTGGGCTAGATTG	1	1	0
GCAAACTGAATGAATG	1	0	1
ACTAATTGATATCTTC	1	1	0
GCCTGGTACGTAGAAG	0	0	0
GGTAAATCACTAGCCA	1	1	0
ATAACAGGCCTGTTAT	8	8	0
ACTAATTGTTCGTTCC	1	1	0
GGACTGGAACCACGCT	1	1	0
AGAGAGACAGTGATGC	26	26	0
ACCCTCAAGTGGATGG	1	1	0
TAATGTGGAAGCGTAC	2	2	0
GAAGATATACATCTAT	2	2	0
CTTTCACTTACAAACT	1	1	0
CGATCCAATAGTCTAG	1	1	0
TACCTAAGGAGAATTG	0	0	0
AATAAGGAAACCTGAC	4	4	0
ACATCTCGCAACGTGG	1	1	0
CCCTGTTTTGCAAGGG	1	1	0
ACGGCAGTTCATATGG	2	2	0
GTAAACAATTGGATCG	5	5	0
ATGCATATTTGAGGGT	2	2	0
TACCCTGCGGGTTGGT	0	0	0
CATTTCTACGAGATGT	2	2	0
CATTCATTCGGCTTAC	1	1	0
CCAGACAGACGCCATT	4	4	0
CCCTGTTTGAACGATT	0	0	0
GAAATACGGCATGGGT	27	25	2
GTCCTTGCAGGATTCA	1	1	0
ATCGCGCTTAGTGGAC	3	3	0
TCATACCATATTGCCT	1	1	0
ACCAAGGGCTACTTGT	2	2	0
CGTGTACAATCAAGTG	1	1	0
AGGGTAAAACTGCCGT	0	0	0
AAGTGAGAATCAAGTG	5	5	0
ACATGGACCTTCGATT	1	1	0
ATCTTGGCATCTTTGT	1	1	0
CCATCCACTGACCAGT	2	2	0
CCACCTCTTGACCAGT	1	1	0
GTGTCAGGAGAGGTGG	1	1	0
ACCTTCCCGTACCTTG	9	9	0
TATCCACGAGAGGTGG	1	1	0
AAATAGCACGACTCCT	1	1	0
CTCAAACATCGAAGCT	2	2	0
ATACACCCATGCGGAT	1	1	0
AAATTCCGGGGAAGGT	2	2	0
TGGTTAACAGGTTGTG	1	1	0
TAGCCACAGCCGGATT	1	1	0
ACGAATTCAAGCGTAC	20	20	0
TACCTAAGGAAGGCTT	1	1	0
TGCTGACGGGTGGGAT	1	1	0
AGCAACGCGTGGATGG	3	3	0
TAAACCGAGAATACGC	31	31	0
CTCACATCTGCTCCGT	1	0	1
AAGTATTGTGTACACG	0	0	0
GAATGCGCGGTGGGAT	18	18	0
ATCGCGCTTTGTGACT	0	0	0
CTGCTAGACGTAGAAG	1	1	0
ACCTGAAGTCGGTTTA	1	1	0
ATTTGTTGCGAGATGT	3	3	0
GGGAGATGAAACTCGA	2	2	0
AGTGCTTCGATTGCGA	11	11	0
AAGTATTGCTCTTGAC	0	0	0
TAGCGGATATATCTTC	1	0	1
ACCACAGAAATCGGGT	4	4	0
TGAATAGGGGAAACAG	1	1	0
ATCTTGGCACGCTCAG	1	1	0
ATGACAACAAGCTTCT	3	3	0
CCATATGACTGCGTTG	1	1	0
GTCCTTGCCGGACAAC	18	18	0
AAAGAAAGTGGAGGAG	2	2	0
GGAACGAAGAGAATTG	0	0	0
TCGACTGCTTGGATCG	1	1	0
ATCCTAGTTGGAGGAG	1	1	0
GTGATAAAATATCTTC	1	1	0
ATTACCTTCACGGACT	14	14	0
AGCAACGCCACAACAG	4	4	0
ACTACCCGACATCTAT	1	1	0
CTCCCAAACGTCAGCA	1	1	0
ACGGGTTAATGGAAAT	6	5	1
TCGCAATCGAGTTTCG	1	1	0
CAAGGTACTGACCCTC	18	16	2
CTAGACTAAGAGGTGG	1	1	0
CTAACGCCAGGATTCA	1	1	0
AGGGACTGTGAGGTCT	2	2	0
GTCCGTCACGGGCTTT	1	1	0
GCATCGAGGGAATAGA	1	1	0
ATAGATGTCACAGTTT	1	1	0
ACCAACCCGAGCGGTA	1	1	0
GTGTCAGGACTAGCCA	1	1	0
ACGGGTTACGTCAGCA	12	12	0
ATTGGCCCATACTCTT	3	3	0
TAGTAGCCATGCATGG	0	0	0
AGGTTCCCGCCGGATT	2	2	0
AGACGAGGTTATCTGT	2	2	0
GGTTGAGACGACGTCA	1	1	0
AATGGCGTAATGTTTG	11	11	0
CTAACGCCACCCATAT	5	5	0
GCATCGAGAGGAAGAC	1	0	1
TATCCACGTACAAACT	22	22	0
AGTAGTTAGAAGTGCC	0	0	0
GAGGGTCACCGCAACT	1	1	0
TCCGCTGTTGGAGGAG	3	3	0
TACCTCCCTACAAACT	40	40	0
TCCAGAAGTGGAGGAG	1	1	0
ATTCTGAGTGGCCTGT	1	1	0
ACGGCAGTGAGAATTG	0	0	0
ATACTCTCAGCTACGG	1	1	0
GTCAGGTTGATCGTTT	1	1	0
CGTTTCGTAGCAGAAC	1	1	0
TCGTTCCCAACTTAGC	19	18	1
AGAGGTGCCCCGACTT	61	60	1
AAGTCCAAGGTCACAG	36	35	1
CTTAGTGTAAGATTGT	1	0	1
AATCCGGCAGAGACTA	1	1	0
AGCTCCACTAGCTTAT	0	0	0
CAGACTCGTCGGTTCG	6	5	1
TCCCTGGACGTACCTA	0	0	0
CCTTTGTCCGAGTCTG	0	0	0
GGCCCAATTAGAAATG	1	1	0
CAGATGGGCGCTAGTC	1	1	0
CAAACATTGGAAACAG	5	5	0
AGTTGCGGTCTCAACC	0	0	0
GTACGCTTGTTGCACG	0	0	0
GGTCCTAAGGACTTCC	7	7	0
CCTATTTACTTACGGG	10	9	1
CTGTTTCCTTCCGCTC	1	1	0
CACAACCTAGGAGCTT	1	1	0
GTCAAGAGGGGAGGTA	1	1	0
ATACTCTCGCTTTGGC	7	7	0
CTGTTGTGAAGGTAAT	2	1	1
GCAAACTGCACTTTCT	2	1	1
GTGAGGCAATATACCT	5	3	2
ATGCGGAGCCCTAACC	1	1	0
TAGTAGCCCGTAGAAG	1	1	0
TAAACCGAGTGTCGGA	0	0	0
CGAAACTCTGTGCTCA	6	6	0
TCTAAACTTTTGGGAG	9	9	0
CTTAGTGTTGGAGGAG	2	2	0
TGAATAGGCCCTTCAG	1	1	0
TGGGAATTCTAGATTG	1	1	0
CGGTGAGTTACAAACT	1	1	0
CGAACCGAACGGTAGC	1	0	1
GGACTTCTCGTACCTA	1	1	0
ATGCATATTAACTACT	1	0	1
AACGATTTCCCTTCAG	0	0	0
ATATGGGTGTTTGTTT	1	1	0
TCATACCAGGGTGTAT	4	4	0
TCTTTGACTCTCACTT	3	3	0
AAACGATCTTGATCTA	0	0	0
ATCCCACCAAACAGGG	1	1	0
AACTCAGTCCTCGTCT	4	4	0
GATTGGGAGAAGGCTT	1	1	0
GGACTTCTTAAATAGG	1	1	0
AAGAAGGTGAGAATTG	1	1	0
TCGACTGCGGGTGTAT	1	1	0
TGCACCAGGTTGCACG	0	0	0
GTACGGACGTGGATGG	1	1	0
GTCAGGTTACTAGCCA	4	4	0
CAATCTAGACGTATAC	0	0	0
TAGGTACGCTTTCTTT	7	7	0
AAGAGTATACCACGCT	3	3	0
ATTGAAGTGTTCTGTT	1	1	0
AGAGAGACGAGAGTAT	1	1	0
AACGGTAGAAGCTTCT	0	0	0
CCTATTTAGTCAAAGA	3	1	2
GGTTACACCGACGTCA	9	8	1
GTCAAGAGTGGAGGAG	2	1	1
GTCTAATCAGCGCGAT	1	1	0
ACGGAGCAATATACCT	0	0	0
GGAAGTCCAGAGGTGG	1	1	0
CCTCATGACTTACGGG	2	1	1
GTATACGTAGAAGTCC	1	1	0
GAAGATATCGAGATGT	1	1	0
ACGGAGCAAAACCTCC	0	0	0
TGAATAGGTGCCTCAC	5	5	0
CGTTTCGTAGGAGCTT	1	1	0
CATTCGGGATTGGGCC	1	1	0
CACAAGTAGGGTGTAT	1	1	0
TCTAAACTACGGTAGC	1	1	0
CGTGCAACTGGAGGAG	1	1	0
ACAGATAAGGGAGGTA	1	1	0
CTCACATCCCTACTAG	1	1	0
AACGCCAATTGTTTAC	0	0	0
GGCGACAACTGGTGCA	0	0	0
AAGTCGGGGGCCTAAG	37	37	0
ACGTAAACTTGAGGGT	1	1	0
AGTAATGGCTCCGCAT	1	1	0
AGCTCCACGTACACTC	1	1	0
CCTATTTATGATGCCC	1	1	0
GGACTTCTGCGTTGCT	4	4	0
ACCACAGAGGGTTGGT	0	0	0
GCATCACTCTGGTGCA	1	1	0
CTGCTAGATCATATGG	1	1	0
TGGACGGAGGTCACAG	1	1	0
GTATACGTAGGAGCTT	0	0	0
CAATTCTCGAGAATTG	1	1	0
GAATCCCATGATAACA	1	1	0
CCCTGTTTAAATGTCG	1	1	0
GTACGCTTGCCACATC	1	1	0
CAGACTCGTGCCTCAC	0	0	0
CTACGGGAAACCCTTG	1	1	0
AGGGTAAATGGAGGAG	1	1	0
AAACCGCCGAAAGACC	1	0	1
AGTAATGGCCCGAATG	1	1	0
CTACGGGAACCTTCTT	1	1	0
GTGTCACCGTCCAAAG	9	9	0
ACGAATTCGGCATGCT	1	1	0
CTTTCACTGGTGACAC	10	9	1
CCATCCACGGGTTGGT	1	1	0
ACCAGTTTTGGGATTC	10	10	0
CAGTTTAAACGAAACG	1	0	1
CGTGGGATAGGAAGAC	25	25	0
ATACACCCATCTTTGT	2	1	1
ACCAACCCGAACGATT	1	1	0
ATATGGGTGGAATAGA	0	0	0
CTAACGCCAGGTTGTG	1	0	1
GTCCGTCAAGCGCGAT	3	3	0
CAATTCTCCGTGGATA	1	1	0
CATTTCTAAGGCAGTT	0	0	0
AGTAATGGGTTCAACT	1	1	0
CAGACTCGCATACATT	1	1	0
GGCAAGGTATATGCAT	0	0	0
CCGACTTTGGTGGGAT	1	1	0
AGCAACGCGAGTTTCG	2	2	0
CGTGTACATCGGTACG	2	2	0
ATCCCACCGTTTGTTT	4	4	0
TACGCGAGGTTGCACG	0	0	0
TGCGACTATAGCTTAT	0	0	0
CTCAAACATCTGCATC	1	1	0
CCTCATGATGACGGAC	1	1	0
CCGTCTTACTAGATTG	1	1	0
GGCACTTCACGAAACG	1	1	0
AGGGACTGTAGTGGAC	1	1	0
GACACCTGGAAGGCTT	7	7	0
CATGCTGCTACAAACT	2	2	0
ACTGCTGGGTTCAACT	1	1	0
CTCCCAAATGGGATTC	6	6	0
AAGCTCCTTTATCTGT	1	0	1
CCCTCTTGACAGCGGA	1	1	0
CATGCTGCCGGCTTAC	2	1	1
CTGTTAAATAACCATC	16	16	0
CTGTGACCAAACAGGG	2	2	0
TGCGACTAATTTCCGG	1	1	0
AGGTATATGTTTGTTT	1	1	0
TCCGACACAAATGTCG	1	1	0
TATCCACGCACAAGGC	2	1	1
AGACGAGGGGTTAGTG	1	1	0
AGTTTGTATACCGGCA	1	1	0
ACTACCCGTCGAAGCT	2	2	0
GTCCGTCAAGGATTCA	2	2	0
TACCTCCCACCCATAT	24	24	0
AAGTCGGGCGACTCCT	11	9	2
CACAAGTAGGAATAGA	1	1	0
ACATGGACGGGAGGTA	1	1	0
CGATCCAAAGGAGCTT	1	1	0
GCGCTGATGAACGATT	0	0	0
GCGTGCAAGTCCATGT	1	1	0
GTGTCACCATATGCAT	4	4	0
AGCTTCGATGGAGGAG	1	1	0
GTAAACAAATTCCTTG	1	1	0
ACCCGATTAATCGGGT	3	3	0
ACCACAGACTAGATTG	1	1	0
CCATCCACTTAAGCGT	1	1	0
GTGAGGCACATCGCAG	1	1	0
GTGAGGCACTTAGGTA	1	1	0
AGAAAGTGAGCGAAGT	1	1	0
ACTAATTGTCATCCTT	1	1	0
ATGACAACTCGGTACG	2	1	1
TACCTCCCATTGGGCC	17	17	0
AAGCCTTCCCCGAATG	1	1	0
CCGGAAATGGGTTGGT	1	1	0
ATTTCCATGAGAATTG	3	3	0
ACTCGGAATTGGCGTT	1	0	1
ACCCTCAAGCTCTAGT	3	3	0
CGAAGAAGGTGTAACC	52	49	3
CTCACATCACTAGGAT	3	3	0
CTGGAACAGTTCTGTT	14	14	0
CTTTCACTCCATTTGA	4	4	0
CCCTCTTGTAACCATC	8	8	0
AACAAATGGCTTTGGC	9	9	0
ATACTCTCTAGAAATG	2	1	1
GATGCAGAGGTCACAG	18	18	0
TCCGACACAGTGAAAG	1	0	1
CTGAGCGTATACCCAG	1	1	0
GTGTCACCCGTATCGG	1	1	0
TAGCCACAAGATGGCT	2	2	0
GGGATTACAGGAGCTT	1	1	0
CGTCGAATGTTGCACG	0	0	0
ACCTTCCCATCAGCGC	1	1	0
GCGCTGATAAATGTCG	1	1	0
AACTCAGTGTGTAACC	1	1	0
GGGAGATGATATACCT	2	1	1
AGAGAGACTCTAGCAG	9	9	0
GTGTCACCAATCGGGT	1	1	0
CCTATTTAAGCGCCTT	0	0	0
GATTAAAGCTAGATTG	0	0	0
AGAATCAAAAAGTCGG	1	1	0
GACACAAAGGGAAGGT	1	1	0
ACGGGTTACGACTCCT	1	1	0
AGTTTGTACTTACGGG	2	2	0
AGCCATCTGGCTACTA	1	1	0
CAATCTAGCCACATTA	1	0	1
GTATACGTAGGAAGAC	1	1	0
CTGTGACCATCAGCGC	1	1	0
GTGTCACCGTCAATAC	5	5	0
TCAGCCTCCTAGATTG	38	37	1
TGCTTGGGGAACGATT	9	9	0
AGACCTCACGAATAAT	0	0	0
CTCACATCCGTAGAAG	5	5	0
TGAGCACATAGCCTCG	1	1	0
ATTGGCCCGACAGATA	1	1	0
GTCCGTCACTAGATTG	7	7	0
GATTTCCCTAGTGGAC	2	2	0
CGTTTCGTTACCAGGC	1	1	0
AAATTCCGAGCGAAGT	4	4	0
GGAACGAACGCCTTGA	0	0	0
GTGTCACCAGCGAAGT	3	3	0
ACGTAAACGGGTGTAT	1	1	0
AAAGAAAGGAGAATTG	1	1	0
AACGCCAAGGGTTGGT	1	1	0
CCATCCACAGAGGTGG	2	2	0
GGTTGAGAGAGAGTAT	2	2	0
CATTCGGGAACCTGAC	2	2	0
ATACACCCCCGCTGTT	2	2	0
AAAGAGGCATGACTTT	11	11	0
GGCAAGGTCTGCGTTG	17	17	0
GTCAAGAGGGGAACCT	1	1	0
GATTACTTGTATGAGT	0	0	0
GGAGGTTTATTGGGCC	1	1	0
ACCTTCCCGGGCCAAT	3	3	0
ATTATTCGCCCATCTG	1	0	1
CCCTTGCATGGCCTGT	7	7	0
ATTCTGAGCGGCTTAC	5	5	0
ACGGCAGTTCCCTGAT	26	26	0
CATTCATTTGTGTCCT	6	6	0
CTTTGGACAATCGGGT	1	1	0
GTGTCACCCATTTGTT	2	2	0
GTCTGGAACTTACGGG	4	3	1
GTGTCACCGGGAGGTA	1	1	0
ACGGTTGGGAAGTGCC	6	6	0
GGTAGCCATTCCAGAC	1	1	0
CCGGAAATAGGAGCTT	0	0	0
TAGGCTTTTTTAACAG	1	1	0
GTAAACAAGTTGCACG	1	1	0
CCGGAAATATGTTGGC	1	0	1
ACCTGAAGGCGTTGCT	1	1	0
GACTAGCGAAGCTTCT	1	1	0
GGTAAATCAGAGACTA	2	1	1
ACCTTCCCTAAATAGG	2	2	0
GTCAGGTTTTAGTCCG	1	1	0
CTCAAACAAGAGGTGG	1	1	0
AAGAAGGTAACCTGAC	1	0	1
CCTTTGTCAGCGCGAT	2	2	0
GGTAAATCGTTACCGC	1	1	0
AAGTCCAACTGAGTGC	1	1	0
AGTAATGGCGGCTTAC	1	1	0
AAACCGCCTTCACATA	0	0	0
ATGACTTGAGCAGAAC	1	1	0
AGGTTCCCAGCAGAAC	1	1	0
GTCTGGAAAATGACCC	0	0	0
GTGTCAGGCTTACGGG	1	1	0
GGGAGATGTTTGTGTC	0	0	0
CTCCTCCAGAGTTTCG	2	2	0
TAATGTGGGGTCCCTT	6	6	0
TAGCCACACCCAAGCA	12	12	0
ACTGCTGGCGGAATTT	3	3	0
GGATTGTTGATGTGAG	1	1	0
TAACTTCTTTTGGGAG	3	3	0
TCTTTGACGGGTTGGT	1	0	1
CACAACCTTGGCCTGT	0	0	0
AAGTGAGAACCACGCT	4	4	0
ATGCATATGGGAACGA	1	1	0
ATGCATATCAAGAGGG	11	9	2
CCACCTCTACTGCCGT	0	0	0
GTCCACTAGCCAAGAT	1	1	0
ATTTCCATCTATAGAG	1	1	0
ACCGTCGAGTTCTGTT	24	22	2
AGTTTGTAGATTTACC	13	13	0
ACCTGAAGCTTCAGGT	1	1	0
TGCCGGTAGCTTTCCA	2	1	1
ACCTTCCCCTTTAATC	1	1	0
CTAACGCCCCGCTGTT	2	1	1
TCGACTGCCATACATT	1	1	0
CCCGTAAGGTTGCACG	1	1	0
ATCGTAACGCCTCTTT	1	1	0
TAGTCTCTTCATCCTT	0	0	0
CAACGCAGCTCGATGC	2	2	0
CTAACGCCCTGCGTTG	1	1	0
GACACAAACTTAGGTA	1	0	1
GAGAAACCGGTGGGAT	6	5	1
GAGGAGTGATGGGCAC	1	1	0
TACCTCCCAATGAATG	2	2	0
CCCGTTCTGGTCACAG	1	1	0
CCACCTCTTAGTGTTT	2	2	0
GTCAGGTTTCATATGG	1	1	0
TGCTGACGCCTCGTCT	2	2	0
ACAATCTTGAGAATTG	1	0	1
GGACTGGATGGAGGAG	1	1	0
ACTAGAGCTTCACATA	1	1	0
AATGGCGTTGTGTCCT	1	1	0
CTCCCAAATTGAGGGT	8	8	0
AGTAATGGTGGTATGA	1	1	0
ACAAGTAGAGCAGAAC	1	1	0
GTCAGGTTTTGTCGCC	1	1	0
CTGTTTCCATCAAGTG	35	34	1
GTGTCACCACCCATAT	3	3	0
GTGAACTCTGTTTGAG	1	1	0
ACGGGTTACGGGTAGT	1	1	0
TAATCCATGAGTTTCG	6	6	0
ATAGATGTAGAACGGG	1	1	0
AGGGTAAAGAAGTGCC	1	1	0
GAGGAGTGCGCTCTCA	1	1	0
TAAACCGATCGTCATG	0	0	0
ACAAGTAGGGGTTGGT	0	0	0
AAGTATTGTGACGGAC	1	1	0
AGCAACGCCCCTAACC	0	0	0
GCGGTAACCCCATAGC	5	5	0
ACCTTCCCCCACATTA	2	2	0
TACGCGAGCAGTCCCT	1	1	0
CACTAACCCGCTCTCA	1	1	0
ACTGCTGGGGAATAGA	1	1	0
GAAGATATATGGGCAC	1	1	0
CAAGGTACACTAGGAT	1	1	0
GAGAAACCCTGTTCTT	1	1	0
CTCCCAAACGTGCTAG	1	1	0
TCCGACACACGTATAC	2	2	0
CCTTTACACATTTGTT	2	2	0
AATATGACAATGTTTG	2	2	0
ACCTTCCCACTCACCG	1	1	0
TACCTCCCTTAAGCGT	1	1	0
TCTTTGACGGCGTTAG	0	0	0
CTACGGGAGAAAGACC	1	1	0
TGCTGACGTGTGGCTA	3	3	0
AAACACGGCACGGACT	1	1	0
AGACGAGGCTACTTGT	1	1	0
GTACGGACGCGTTGCT	1	1	0
GGGAGATGGAGAATTG	1	1	0
CCTTTACACATCGCAG	1	1	0
TGACGTCGGGCGGTTT	1	1	0
AGCAACGCCTAGACCC	14	14	0
TACCCTGCGGGAGGTA	3	3	0
CCCTTGCAGGCGGTTT	1	1	0
ACGACGACAGGTTGTG	2	2	0
TGAGAGCGTTGCACGC	1	1	0
AGCTCCACCCACATTA	4	4	0
CATGACGAAAACTCGA	4	4	0
AAGTATTGAGCGCGAT	1	1	0
CCCTCTTGGCGTTGCT	17	16	1
GAAGATATTACAGCCG	1	1	0
TCGTTCCCAGAACGGG	0	0	0
TATGTGAATCCAGTCC	1	1	0
ATGACTTGTCGGTTCG	2	1	1
TAATCCATGAGAATTG	0	0	0
GTGTCACCGGCCCTTA	5	5	0
CTGGAACAACTAGGAT	1	1	0
GTATACGTGTTGCACG	1	1	0
CTTAGGCCCTTACGGG	0	0	0
ACCCTCAACCATTACT	1	1	0
AGCCATCTAAACTGGT	2	2	0
AGGTTCCCATTTCCGG	1	1	0
AACTCAGTTTGGACTT	1	1	0
ACGTAAACCTTCAGGT	1	1	0
CTACGGGATCCAGGGA	11	11	0
TACGCGAGGAACGATT	2	2	0
GTGATAAAAAACTCGA	1	1	0
ATTTCCATTCTCACTT	1	1	0
CTGTTTCCCACAGTTT	2	2	0
AATATGACGCTCTAGT	0	0	0
AAAGAGGCGGCTACTA	1	1	0
CAGTTTAAAGGAAGAC	1	1	0
TGCGACTAGTGTAACC	1	1	0
GCACTCAGTATTGCCT	2	2	0
AAACACGGCTTCTGGA	3	3	0
TAAACCGAAGAAGTCC	1	1	0
CTTCTACGAAAGTCGG	0	0	0
GTTACTAGGAGTTTCG	1	1	0
TAGTAGCCGTTACCGC	1	1	0
TCGTTCCCATTCGACG	1	1	0
CCCTTGCATCCAGTCC	1	1	0
ATTTCCATCTCTTGAC	2	2	0
TCTTTGACGCCACATC	1	1	0
TGCTTGGGGTGTCGGA	2	2	0
CCTACGCTCAATACTT	7	7	0
TGCTGACGCTTGGTGT	3	3	0
GCGTATTCCTTCTGGA	1	1	0
TCAAGGCGCGGCTTAC	1	1	0
AGTGCTTCCTTCGATT	1	1	0
CGGTGAGTGGCGGTTT	1	1	0
AAGTCGGGGTTACGAT	1	1	0
CCAGCGAATGGAGGAG	1	1	0
TGGAAAGCGGATAAAG	1	1	0
ACGGAGCAAAGGTAAT	8	8	0
TCCGCTGTGAAAGACC	9	9	0
TAGCCACATGGTTTCT	2	1	1
TCGCAATCGGGAAATC	1	1	0
CCACGTTGACTAGGAT	0	0	0
AGAGAGACGGCATGCT	2	2	0
CCATCCACAGCAGAAC	1	1	0
ATGACAACAAATGTCG	1	0	1
ACCTTCCCGGCGGTTT	3	3	0
ACGTAAACCCGTGTTT	1	1	0
TGAGAGCGGAGAATTG	1	1	0
GTCAGACCCTAGTAAC	1	1	0
CTAACGCCGCTCTAGT	2	2	0
CGGTGAGTGAGTTTCG	1	1	0
AACTGCCTCCGTGTTT	0	0	0
ATCTTGGCAAGATTGT	1	1	0
GTGTCAGGCGACTCCT	1	0	1
ACCAACCCAAACTGGT	6	6	0
ACTCATACGTCGTCGT	3	3	0
GGCAAGGTGAGTTTCG	2	2	0
ACGAATTCGACGATGG	4	4	0
GGTAGCCACGTAGAAG	0	0	0
GCACTCAGTGGAGGAG	1	1	0
AAGGATGATACAAACT	1	1	0
TGAGAGCGGCCACATC	1	1	0
ATCCCACCTCACGTTT	2	2	0
CCACCTCTTACAAACT	5	5	0
GGTAGCCACCACATTA	1	1	0
AGGTAAGCGTTGTCAT	1	1	0
ACCCTCAATCGGTTCG	1	1	0
AACGGTAGCTACTTGT	1	1	0
CTAACGCCATCAGCGC	1	1	0
CTGCGATGTGGGATTC	1	1	0
CGAAGAAGGAAGCACT	1	1	0
AAAGCCCGTGCCTCAC	1	1	0
CTCACATCAGGAGCTT	1	1	0
ATACACCCCTTCAGGT	5	5	0
TCGTGGGTCTAGACCC	33	33	0
ACAGGCCAAGAGACTA	1	1	0
AACTCAGTAGCGCGAT	1	1	0
AGCCATCTAACCCTTG	3	3	0
CAAGGGTTTACAAACT	1	1	0
AACGATTTCCCAAGCA	1	1	0
GATACGCAAAACGCCT	0	0	0
CGTCGAATGGTCACAG	1	1	0
CAGATGGGGGTTTCTC	1	1	0
ACCGTCGAGGGCCAAT	3	3	0
GGCCCAATGAAAGACC	1	1	0
CCTCATGATACAGCCG	3	3	0
AGGCCGAAGAGCGGTA	6	6	0
CCTTTACACTTCGATT	1	0	1
CAGTTTAAGGCCCTTA	0	0	0
TGGTGTCTAGGAGCTT	1	0	1
TCAAGGCGCGAGATGT	1	1	0
AGAGGTGCTGCCATCG	1	1	0
AAGGATGATGGTTTCT	1	1	0
ACAGGCCAATGCATGG	10	8	2
ACTAATTGTGGTTTCT	1	1	0
GTTCTGCTCTCCGCAT	23	23	0
ATCAGGGAGGACTTCC	1	1	0
TCGTTCCCATACCCAG	3	3	0
AGCACGTACGACGTCA	1	1	0
GCATCACTCTAGTAAC	6	6	0
GTTACTAGAAACAGGG	2	2	0
GTATTGACTTCCGAGT	0	0	0
ACGGGTTAGCTCTAGT	1	1	0
ACGGTTGGACTCACCG	1	1	0
TCCGCTGTCTATAGAG	3	3	0
ATACACCCGTCTCTCT	0	0	0
CACTAACCCAGATTAC	1	1	0
AAGTGAGAGTTCAACT	1	1	0
TGAATAGGAATGTTTG	2	2	0
CAAGGTACGCCTCTTT	1	1	0
TACTGAATCTAGTAAC	8	8	0
TGCGACTAAGAACGGG	2	2	0
CCCTCTTGTTCGCTGG	5	5	0
CTTTCACTTTCCAGAC	1	1	0
GGTAGCCACTTTAATC	0	0	0
GGGCATCACGTATTTC	0	0	0
GCATCACTAGCGCGAT	5	5	0
GGACTTCTCTGTCTGG	0	0	0
CCACCTCTGAAGCACT	0	0	0
ACGAATTCTGCCTCAC	1	1	0
GTGTCACCTTAAACTG	3	3	0
ACCAACCCGGGAGGTA	2	2	0
AAGCCTTCAGAAGTTA	1	1	0
TACTGAATCCGCTGTT	1	1	0
GCCAAAGCTTCCAGAC	18	17	1
AATATGACGTCTCTCT	1	1	0
GCATCACTCCGTGTTT	1	0	1
AATGTATGGCGTTGCT	1	1	0
ACTCATACGTGGATGG	1	1	0
ACCCTCAACGAATAAT	1	1	0
TAGTCTCTGATGTGAG	1	1	0
CAAACATTTGTACACG	1	1	0
GATTGGGAGGAGAAGC	1	1	0
TCTGATTTGGAATAGA	5	5	0
ATCAATCGGTTAACCA	1	1	0
AGTAATGGGGTGGGAT	3	3	0
ACAGATAAAGTGATGC	1	1	0
ATCTTGGCGTTCAACT	17	17	0
AGTAGTTAGGGAGGTA	0	0	0
GTCCTTGCAAAGTCGG	1	1	0
GTATTGACGAGAATTG	1	1	0
AGTTGAACGAGTTCAC	2	2	0
ACCTTCCCGTTTACGT	3	3	0
CCTACGCTAAAGTCGG	1	1	0
CCGACTTTCCTCGTCT	6	5	1
CTGAAGGGCAGGTGTC	1	1	0
TCAGCCTCCGTGGATA	1	1	0
TGAGAGCGACTGCCGT	1	1	0
ATTTGTTGTGGAGGAG	1	0	1
AGAGGTGCTCATATGG	1	1	0
CTTTATCCCCGCAACT	7	6	1
GGTCCTAAAGAGACTA	1	1	0
TCTATTCCCTTTCTTT	1	1	0
AGTTGAACCGACTCCT	1	1	0
CTTTATCCATGCGGAT	1	1	0
GAAAGACAAAATGTCG	1	1	0
CATTCATTCCATTTGA	1	1	0
TCGGTCATTTGGACTT	7	7	0
ATATGGGTGATTAGAC	1	1	0
GGTAGCCAATACCCAG	4	4	0
AAGGGACCTCGGTTTA	1	1	0
ACCAACCCCCCATCTG	1	1	0
ATTACCTTGTTTACGT	2	2	0
GTGAGGCAAACACACG	1	1	0
GTGTCACCGTACCTTG	2	2	0
GTGATAAAATCCGCTA	0	0	0
AAACACGGCCCGAATG	1	1	0
TCTATTCCGGCGGTTT	1	1	0
GATTTCCCCGAGATGT	2	2	0
ACCGTCGAAAAGTCGG	1	0	1
CATGCTGCGAGCGGTA	1	1	0
CGGCTGTAACGCTCAG	1	1	0
CACTAACCCTACTTGT	3	3	0
TCGTTCCCAGCGCCTT	3	3	0
ACGTAAACTGGAGGAG	0	0	0
TCCGACACCTAGATTG	0	0	0
GAGCGGAACCATTACT	0	0	0
CTGTGACCAGCTACGG	1	1	0
ATCAATCGAGAGGTGG	1	1	0
TGCTTCATAAACGCCT	1	0	1
CGATCCAAGTTTGTTT	1	1	0
ACGTAAACGGTTAGTG	0	0	0
TCGTTCCCGCGTTGCT	4	4	0
TAGCGGATGCAGGGTA	1	1	0
CTGTCGCAACTCACCG	0	0	0
TAGTCTCTGGGAAGGT	2	2	0
ATGACAACCAACAAAT	1	1	0
GATTTCCCTCGAAGCT	1	1	0
GACACAAAGAGTTTCG	1	1	0
AACAAATGTTGTCGCC	1	1	0
TAGGTACGGGCGGTTT	1	1	0
ACGGTTGGTGAGGTCT	1	1	0
GTGTCAGGCCCGAATG	1	1	0
GAGGAGTGAAATGTCG	1	1	0
CGACATTTAAAGCCTA	0	0	0
GTGTCACCATGCGGAT	2	2	0
GGCACTTCATGGGCAC	1	1	0
GCCAACATGTTTGTTT	1	1	0
AAGGGACCTCGACGGT	27	27	0
AACTGCCTTCGGTTCG	1	1	0
TCTGATTTCGAGATGT	7	7	0
ATTGGCCCCGTAGAAG	1	1	0
AGGCGTTTTTGGATCG	1	1	0
CACAAGTAACTGCCGT	1	1	0
ACGGAGCATGCTCCGT	2	2	0
ACCAACCCCTGCGTTG	1	1	0
CTGCGATGATCTTTGT	1	1	0
GGAGTAAGCACAACAG	1	1	0
GTGTCACCACTGAGTT	0	0	0
GAGGGTCATCGAAGCT	3	2	1
TAGGTACGAGCTATGA	1	1	0
AGTCCGTGGTCCATGT	10	10	0
ATCCCACCTTGGACTT	13	13	0
CTAGCACGGAGAATTG	13	13	0
GTCAGGTTAGGCAACG	2	2	0
AGGCAATAGAAGCACT	3	3	0
TGACGTCGTACAAACT	2	1	1
CTGAAGGGAGCGTAGG	1	1	0
TGCTGACGAAATGTCG	1	1	0
GAGGAGTGGGTTAGTG	9	8	1
ACCTGAAGGGGAACCT	17	17	0
CGATGGCATTCCAGAC	1	1	0
GATACGCATACGTGCT	1	0	1
ACGAATTCGGTCCCTT	1	1	0
GTGAACTCTGATGCCC	2	2	0
CAGTTTAATGCGTATC	4	4	0
ACGGGTTATCTCACTT	1	1	0
GCGCTGATGATTGCGA	1	1	0
ATCAATCGATACTCTT	9	9	0
ACGGGTTATGCCTCAC	1	1	0
TACCTCCCAGAAGTCC	1	1	0
TCCGCTGTATATACCT	1	1	0
ACGCTTAATGCCATCG	4	4	0
ATGGTCTGTCGGTTCG	11	11	0
AGCTCCACAAATGTCG	1	1	0
GTGTCACCAAACAGGG	7	6	1
GTGCCCATTAACCATC	1	1	0
TACCTCCCTAAATAGG	1	1	0
AATCGAAGGGTGGGAT	0	0	0
TCCAGAAGTATTGCCT	1	1	0
GTGTCACCAAATGTCG	13	13	0
ACCAACCCCTTCAGGT	11	11	0
ACCGTCGAAAGATTGT	57	57	0
GTCCACTAAAAGTCGG	1	1	0
ATTTCCATGCAGGGTA	1	1	0
ATCCTAGTCTGAGTGC	1	1	0
CTCTGCGTCTGTCTGG	1	1	0
ATTTCCATTTGGACTT	1	1	0
TGACGTCGGCGTTGCT	2	2	0
GAGAAACCATCAAGTG	1	1	0
TAAGGGCCCTACTTGT	3	3	0
AGGAGTCGACGAAACG	15	15	0
GTCAAGAGGGAATAGA	0	0	0
CAGATGGGGTGGATGG	1	1	0
ATGTGCCGCTTACGGG	0	0	0
CGAGGCTATAGTCGCA	12	12	0
AAATTCCGACGCTCAG	1	1	0
GCCTTGTGATTCAGTA	1	1	0
CCACCTCTATGCATGG	0	0	0
GACACCTGACCTTGCC	6	6	0
CTGCGATGCGAACGTA	4	4	0
CGTACCGAATTCAGTA	1	1	0
TCTAAACTTGGCCTGT	1	1	0
ATGACTTGGTAATCCC	11	11	0
GTGTCACCTGACGGAC	8	8	0
GTCCGTCACAACGTGG	0	0	0
GAAAGACAGTCCATGT	2	2	0
ATATGGGTCGTGCTAG	1	1	0
CGGCTGTAGGCATGCT	1	1	0
AGAATCAATCACGTTT	8	8	0
CAATTCTCGGGAAGGT	1	1	0
CAGATGGGGGATAAAG	1	1	0
AGTGCTTCCGGACAAC	6	6	0
TAAGGGCCGAATTCGT	1	1	0
AGAGAGACTCGGTTTA	1	1	0
ACCAAGGGGGTCTGAC	1	1	0
AGTCCGTGTGGAGGAG	1	1	0
ACGTAAACTGATAACA	1	1	0
GTCAGGTTTTGGATCG	2	2	0
GTCTGGAATCTCAACC	1	0	1
ATCCCACCAGCTACGG	1	1	0
GATACGCAAGGTTGTG	1	0	1
TAGATCAATGCAAGGG	2	2	0
AGGCCGAACTTTCTTT	40	39	1
GTGAGGCACAAGAGGG	2	2	0
GAAGATATCATCGCAG	1	1	0
CTCACATCAAATGTCG	1	1	0
TGCTTGGGGGCGGTTT	1	1	0
TATCCACGGAGCGGTA	1	1	0
CCCTTGCACTTACGGG	2	2	0
CCATCGTCATTTCCGG	15	15	0
CTCACATCGGATAAAG	4	4	0
CGTGTACATTGGATCG	1	1	0
AAACTACAAGACACCA	0	0	0
ATAAGCTAGACAACTT	1	1	0
CGAAACTCTGGTTTCT	1	1	0
TCTAAACTCTTCAGGT	1	1	0
GTACGCTTAGGATTCA	1	1	0
CCCTGTTTTCCAGGGA	8	8	0
CGTTGCCTACTAGGAT	2	2	0
TGACGTCGTGGAGGAG	1	1	0
CGATCCAATCGGTTCG	1	1	0
CAAGGGTTTTGGACTT	7	7	0
TCTGATTTAAGGTAAT	1	1	0
GAGGGTCATCTCAACC	2	2	0
AGTAATGGACTGAGTT	1	1	0
CTCACATCTGGAGGAG	3	3	0
CCACGTTGGTACCTTG	1	1	0
ATTACCTTATCTTTGT	2	2	0
CATGCTGCATTCAGTA	9	9	0
AGCTTCGAGAACGATT	1	1	0
ATGACAACTTGAGGGT	1	1	0
CTGGGTATCTGGTGCA	1	1	0
CTACGGGAAACAATCC	5	4	1
AGAGAGACGGTTTCTC	1	1	0
ATATGGGTGGGAAATC	1	1	0
AGGTAAGCGCGCATTC	12	12	0
GTCAGGTTTGTCTTTC	1	1	0
GTCAGGTTTCGGTTCG	1	1	0
TGCTTGGGGGATAAAG	1	1	0
GTGTCACCGGAAACAG	10	10	0
CTGTTTCCGTCAAAGA	1	1	0
ACACCAAGAAACTGGT	1	1	0
CGATCCAAATGAAGCA	24	23	1
AAGGATGAACGCCATT	19	19	0
ACTACCCGAATCGGGT	1	1	0
GCATCACTAAACTCGA	1	1	0
ACAAAGATGGGTTGGT	1	1	0
ACAATCTTAGATGGCT	1	1	0
ACAATCTTCGTATTTC	1	1	0
AGGCCGAAGAGTTCAC	2	2	0
CCACCTCTAGCGCGAT	7	7	0
GTCAGGTTGTCCAAAG	1	1	0
CGATGGCAGGTGGGAT	1	1	0
GTAAGCCGGGGAAATC	1	1	0
CCCTCTTGGCCTCTTT	1	1	0
GTCAGGTTGTGTAACC	3	3	0
TGCTTGGGTGGAGGAG	3	3	0
GTCCGTCATAGAAATG	1	1	0
CTGTTTCCTGAGGTCT	3	3	0
AGCAACGCATCCGCTA	1	1	0
GAGTGTACCTGGTGCA	7	7	0
CTTTCACTGTTTGTTT	1	1	0
AAGGATGAAGAGGTGG	0	0	0
CCCTTGCATCATGAGG	2	2	0
ACCCTCAAGAGCGGTA	1	1	0
AGCAACGCCGTCAGCA	3	2	1
CCATATGACTACTTGT	1	1	0
CCACCTCTTTAAACTG	1	1	0
AACAGAACGTGGAGCT	0	0	0
ACGAATTCTTCACATA	1	1	0
GATTACTTGGGTTGGT	1	1	0
GATGCAGAACAGCGGA	1	1	0
ACGCTTAACCCGAATG	4	4	0
GAAAGACATGCTATTT	1	1	0
AACGTTACCGTGCTAG	9	9	0
ACGACGACGACGATGG	1	1	0
CCTCATGACTCAGAAT	2	2	0
CAATTCTCCGGGCTTT	1	1	0
GCCAAAGCACTCACCG	9	9	0
AATGGCGTAATGACCC	1	1	0
ACCAAGGGTGTGCTCA	1	1	0
AGTGCTTCGGATAAAG	1	1	0
ACCTTCCCATCTTTGT	1	1	0
ATTTGTTGTGGTTTCT	1	1	0
ATACACCCAAACCTCC	2	1	1
AGCAACGCAGGAGCTT	2	2	0
CCATCCACACGCCATT	1	1	0
AGCACGTAAAAGTCGG	1	1	0
GTGTCACCCATCGCAG	4	4	0
CCATATGAGGTCTGAC	1	1	0
AAACGTGATCCCTGAT	5	5	0
CCGAGATCACGTATAC	2	2	0
CATGACGAGAGTTCAC	1	0	1
CACAACCTGTTCAACT	10	10	0
AAGGGACCAGAAGTCC	0	0	0
AAAGCCCGCTTTCTTT	6	6	0
ACGAATTCCCCTTCAG	1	1	0
AGCACGTATTCACATA	3	3	0
AAAGAGGCCGGGCTTT	11	11	0
AATATGACATGCATGG	6	6	0
CCTATTTAAGGCAACG	1	1	0
CGAGGCTAATTGGGCC	1	1	0
CGTGCAACGAGTTTCG	1	0	1
AGTAATGGGTACACTC	1	1	0
ATAGATGTTACAAACT	1	1	0
GATGTGGCCCCATAGC	1	1	0
TAGCGGATCGCCTTGA	3	2	1
GTCTAATCTTCGGCCT	1	1	0
AAGAAGGTCCTATTCA	1	1	0
TACCCTGCAGCGCGAT	4	4	0
TATTAGCGGGAAACAG	32	32	0
AACGGTAGCGAGATGT	1	1	0
GTCAGGTTAAACAGGG	4	4	0
GACACCTGACCCACGA	11	10	1
CCGTCTTATGACCAGT	1	1	0
GACTAGCGGAGTTTCG	1	1	0
GAATGCGCTAGCTTAT	1	0	1
AATACATCGCACCTCT	15	15	0
GTGTCAGGTCCTTATT	2	2	0
CATTCATTGCAGCATG	2	2	0
GGCGACAATGATAACA	1	1	0
GCATCGAGCTGGTGCA	1	1	0
AGGACACACTCCGCAT	1	1	0
CCACGTTGCCCGAATG	0	0	0
GTCTTCCTCGTCAGCA	1	1	0
GGCCCAATGACAACTT	1	1	0
ATGACAACGGGTGTAT	1	1	0
GAGCGGAAGGTGACAC	0	0	0
GCATCGAGTGGCTACC	0	0	0
ACAGGCCATTGGCGTT	0	0	0
CCACGTTGCCACATTA	1	1	0
ACGAATTCCATCGCAG	1	1	0
TACTGAATAAATCAGA	1	1	0
CCAGCGAAAAACCTCC	1	1	0
TGAGAGCGGGCGGTTT	1	1	0
AGCACGTAGTTGCACG	1	1	0
ACCTTCCCACGCAGAG	1	1	0
CATTCATTCGAGATGT	2	2	0
GCGTGCAATACGTGCT	1	1	0
ACACCAAGTTGAGGGT	1	1	0
CAATCTAGAAGATTGT	12	12	0
GGAGGTTTCCCGAATG	1	1	0
ATTGGCCCCGCTCTCA	1	1	0
ATCAATCGGAGTTTCG	0	0	0
AGTGCTTCGGGAGGTA	1	1	0
GACACAAAGATCGTTT	1	1	0
AGGTAAGCGGGTTGGT	1	1	0
CGTGTACAGGTCACAG	108	108	0
TAGCGGATAGGAGCTT	9	9	0
CAGACTCGAACACACG	1	0	1
AGACCTCAGAGAATTG	2	1	1
AGCGTGGTTGGGATTC	1	1	0
CCTACGCTGTTTGTTT	0	0	0
AAGAACAGCCCTAACC	2	1	1
GATACGCAGATTGCGA	1	0	1
CTGAAGGGTGGTTTCT	1	1	0
TGCTGACGGGGAACCT	0	0	0
ATCCTAGTATACTCTT	1	1	0
TAGCGGATTGATGCCC	1	1	0
TCGCAATCAACCTGAC	1	1	0
AAACAAACTGTGCTCA	1	1	0
TAGATCAACCATTACT	3	3	0
ACTACCCGCGCTCTCA	1	1	0
AGGCAATACTGTCTGG	1	1	0
ATCAGGGAAAAGTCGG	1	1	0
CTTAGGCCCGTATCGG	1	1	0
CCATGCATGTTTACGT	2	1	1
CGTGTGTTGGGAACGA	1	1	0
AGTTTGTAGTTTGTTT	1	1	0
TAGTAGCCTTCCGAGT	1	0	1
GACACCTGAGGCAACG	0	0	0
CCTCATGAGGCCTAAG	2	1	1
AATGTATGGTAATCCC	6	6	0
ACTACCCGCAGTCCCT	1	0	1
TCCAGAAGCGGGCTTT	0	0	0
TAGGTACGAGAAGTCC	1	1	0
AGACGAGGGTGTCGGA	0	0	0
AGCTTCGACGAGATGT	1	1	0
ATCCCACCCTTCAGGT	9	9	0
CTAACGCCAATCGGGT	1	1	0
AGCTTCGATGCGACAG	0	0	0
TAGTAGCCCGAGATGT	1	1	0
AGCTCCACGGGAAGGT	1	0	1
AACAGCGGTGCGACAG	0	0	0
GGGTCATTCGAGATGT	1	1	0
TGTTATCAACCACGCT	10	10	0
AAGAAGGTCCCTTCAG	1	1	0
ATGCATATTGACCCTC	2	2	0
ACACCAAGGCTCTAGT	1	1	0
CTTCTACGGGGTTGGT	1	1	0
CACTTGATGGGTTGGT	1	1	0
AGTAATGGCTTACTCC	3	3	0
TCGGTCATCAACAAAT	2	2	0
ACGCTTAAGATTTACC	1	1	0
ATGACTTGCCGTGTTT	1	1	0
TCTATTCCACGCTCAG	10	10	0
CCCTCTTGTACGTGCT	2	2	0
ACGGTTGGGAGTTTCG	2	2	0
TGAGCACAAGAACGGG	2	1	1
CCCGTTCTCGAGATGT	1	1	0
AAACCGCCGAGAATTG	3	1	2
AAGAACAGAGCGCCTT	1	1	0
CCGACTTTAGCGCCTT	0	0	0
GTCTAATCCAGTCCCT	22	22	0
TATGTGAAAGCGCGAT	1	1	0
CCGACTTTTGGAGGAG	0	0	0
TGCGACTAGGGTTGGT	1	0	1
GATACGCAGTTCAACT	1	1	0
CATTCATTGGTTAGTG	1	1	0
ACAAAGATGGGTGTAT	1	1	0
GTTGTCCGGGCGGTTT	1	1	0
TCATAGCTAAATGTCG	1	0	1
AAACAAACCCCAAGCA	1	1	0
CACAAGTAACGTATAC	0	0	0
GTGTCACCGTACACTC	3	3	0
TACCCTGCCGCTAATA	13	13	0
CTAACGCCCTTCGATT	12	12	0
AACGATTTGAATTCGT	1	1	0
AACGATTTGGCATGCT	2	2	0
ATTTCCATGAGTTTCG	4	4	0
TCGAGTTTACCACGCT	1	1	0
ACGACGACTAGCCTCG	8	8	0
AGCCATCTTTAAACTG	1	1	0
GTATACGTCTACGAGC	2	2	0
GGAAGTCCGGTTAGTG	1	1	0
AGCACGTAGACAAAGG	1	1	0
CACAACCTTGTGGCTA	1	1	0
AGTAATGGGCGTTGCT	2	2	0
TGGCTAGTGGGAGGTA	1	1	0
AATGGCGTGGTCTGAC	1	1	0
ACCAGTTTAAATGTCG	1	1	0
TCCGCTGTAAGCGTAC	4	4	0
CGAACCGATTCGCTGG	0	0	0
AAAGCCCGTTGGCGTT	2	2	0
AAAGCCCGGAACGATT	1	1	0
CGTTGCCTTGGAGGAG	1	1	0
AAGGGACCGCATGGGT	2	2	0
ACATCTCGAATCGGGT	1	1	0
CCGATACGCTACTTGT	1	1	0
CATGCTGCGGGAAGGT	1	1	0
AGTAATGGTGCTATTT	1	1	0
TGCGACTAGTTACGAT	14	14	0
GCTATGGGGAAGCACT	1	1	0
TACCTCCCGAATTCGT	2	2	0
AGGCCGAACAATTAGT	1	1	0
CGAGGCTAATCAAGTG	1	1	0
AATCGAAGGAAAGACC	1	1	0
CGGACTAAGTAATCCC	2	2	0
ATGACTTGGCAAGGAC	6	6	0
GTCTTCCTAAATGTCG	1	1	0
AAAGAAAGTTGGCGTT	1	1	0
TGCTTGGGCAGGTGTC	4	4	0
AAGTCCAATAGTGGAC	1	1	0
AACAGCGGCATACATT	0	0	0
CCTCATGAAGGAGCTT	1	1	0
AGGCCGAATGGAGGAG	5	5	0
CTGTTTCCTTGTTTAC	4	3	1
GTGTCACCTGAAATGA	7	7	0
CATTTCTATAACCCGT	3	3	0
AGAGAGACTGGTATGA	0	0	0
AATACATCTACAAACT	1	1	0
CTCACATCGAGTTCAC	1	1	0
GTCCGTCATGTAGTTT	1	1	0
ACCAACCCATTTCCGG	2	2	0
CTGAAGGGGGGAAGGT	1	0	1
AGTAATGGAAACCTCC	1	1	0
GTGTCACCCAATACTT	33	33	0
AGAAGCTTTGTCTTTC	1	1	0
CCGAGATCGGCGGTTT	0	0	0
GGGCATCAGGCATGCT	2	2	0
GGGAGATGATGACTTT	1	0	1
CAATTCTCATTGGGCC	2	2	0
ACTCATACATGGATTA	1	1	0
ACCAAGGGACTTCAAT	2	2	0
ACAATCTTTCGGTACG	1	1	0
GAATGCGCCTTCGCAC	4	4	0
ATGACAACTGAGGTCT	0	0	0
CAATTCTCAGCTATGA	1	1	0
ACCCTCAACGTAGAAG	2	2	0
ATAAGCTAGGGTGTAT	1	1	0
AAACACTATGGAGGAG	1	1	0
CAATTCTCGATCGTTT	7	7	0
ATCCCACCAGAAGTCC	0	0	0
AATCGTTCGTTTACGT	11	11	0
TCAAGGCGCCAGCAGT	2	2	0
ACCTTCCCTAGTGGAC	3	3	0
TCATAGCTAATCGGGT	1	1	0
CTGGGTATGGAGAAGC	9	9	0
TGAGCACAGATTTACC	19	19	0
TATCTGTCGAGAGTAT	1	1	0
GTGTCACCGGGTGTAT	1	1	0
TACGCGAGCTTAGGTA	1	1	0
ATCCTAGTTTAAGCGT	2	2	0
GGGAGATGTGCCTCAC	2	1	1
TCCGCTGTAGACACCA	1	1	0
GAGGGTCAGGGAAATC	1	1	0
AACGCCAAAAGCGTAC	1	1	0
AGCACGTATAACTACT	1	1	0
CTGAAGGGGTCCATGT	1	1	0
CAGGTTGCATGACTTT	1	1	0
AGTTGAACTCCCGTAG	1	1	0
AGGCCGAAGATTTACC	1	0	1
ACGACGACATCAGCGC	1	1	0
AGACCTCACAACAAAT	1	1	0
GGGCATCATGTGTCCT	8	8	0
ACAGGCCAATATACCT	1	1	0
AGAAAGTGGCGTTGCT	1	1	0
AAACCGCCTGGTTTCT	1	1	0
GATTTCCCGGCGGTTT	1	1	0
AGGCAATATCGGTTTA	1	1	0
CATTCATTCTTAGGTA	5	5	0
TCGTTCCCCAAGAGGG	1	1	0
AGGTTCCCCATTTGTT	4	4	0
CTGTGACCCGTCAGCA	2	0	2
CTGCTAGATACCAGGC	1	1	0
GGAACGAACTACTTGT	1	0	1
GTGCCCATAGCGCCTT	1	1	0
GTATACGTTCCAGTCC	1	1	0
TAACTTCTAGCGCGAT	7	6	1
GTGTCACCTTGTGACT	2	2	0
CGACATTTAAGCGTAC	1	1	0
GTCTGGAAGACGATGG	1	1	0
AACTGCCTACTAGGAT	1	1	0
AATGGCGTAAAGCCTA	1	1	0
TACCCTGCGAGCGGTA	8	8	0
ATAAGCTAATGGATTA	1	1	0
GTGCGAAGGATTTACC	4	4	0
CTGAAGGGGTTGCACG	0	0	0
ACGGAGCAATTGGGCC	3	3	0
AATCGTTCTTATCTGT	1	1	0
AACAGCGGGGTTAGTG	0	0	0
GTCCACTATTCGGCCT	1	1	0
TGCACCAGACGTATAC	2	2	0
GCGTGCAAAGAGACTA	0	0	0
GCGTGCAAATGGGCAC	22	22	0
CCCGTTCTGGCGGTTT	1	1	0
ACGAATTCGGGAACCT	1	1	0
CTCACATCTCTAGCAG	1	1	0
AATGGCGTTCCCGTAG	0	0	0
TGCTGACGCGCTAATA	1	1	0
GAAATACGAGTGAAAG	1	1	0
GCTTCTCCCTACTTGT	1	1	0
ACGCTTAATTCGGCCT	0	0	0
CCTACGCTCTGCGTTG	1	1	0
AACAGAACCTTTCTTT	23	23	0
GAATGCGCCAACAAAT	19	19	0
ATCCTAGTATGTTGGC	1	1	0
TGCACCAGAGAGGTGG	2	2	0
GATTTCCCTTATCTGT	1	1	0
GATACGCAGACAACTT	7	6	1
CTGTGACCGTTACGAT	1	1	0
ACGACGACGGCCCTTA	8	8	0
AGAAGCTTTAACTACT	2	1	1
CGTGCAACACCCACGA	2	2	0
TGGACGGATGTGTCCT	1	1	0
ATCGCGCTCCTATTCA	1	1	0
GAATGCGCAATGAATG	2	2	0
TAATGTGGGAGAATTG	2	2	0
GGTCTTTCGCACCTCT	0	0	0
CCAGACAGGAACGATT	1	1	0
TCGAGTTTTGGCTACC	13	13	0
TGGGAATTGTTTGTTT	2	1	1
GCGCTGATGTACCTTG	2	2	0
GTGCCCATCTGCGTTG	0	0	0
ATTTCCATCTACTTGT	1	1	0
AGAGAGACATCAAGTG	1	0	1
CCAGCGAACCGCAACT	6	6	0
ATCAATCGAGATGGCT	3	3	0
GGAACGAAGTGGATGG	1	1	0
AGACCTCAGACGATGG	1	1	0
AATGGCGTGAGTTTCG	1	1	0
GGAGTAAGCTTACGGG	1	1	0
CGTGTGTTGAACGATT	1	1	0
ATTTCCATGCTTTGGC	0	0	0
ATCAGGGACCTGACAC	1	1	0
AAGAACAGTTGTGACT	5	5	0
ACATCTCGTGAGGTCT	7	7	0
AGGCAATACTCCGCAT	13	13	0
TCCGACACGATTAGAC	1	0	1
GTCAGGTTACTGCCGT	1	1	0
ACCACAGATAGAAATG	2	2	0
CAATCTAGCGGACAAC	1	1	0
CCATCCACCTACTTGT	1	1	0
TAAGGGCCCAGATTAC	0	0	0
GCCTTGTGCTTAGGTA	4	4	0
CGGTGAGTTATTGCCT	2	2	0
AACAGAACCGTATCGG	1	1	0
GTGCCCATTAGTGGAC	1	1	0
ATTTCCATTAGTCGCA	1	1	0
GGGCATCATAACCATC	1	1	0
AAACACTAGAAGGCTT	1	0	1
ACCCGATTTGGTTTCT	1	1	0
AGACGAGGGAAGCACT	1	1	0
TAGCGGATACAGCGGA	1	1	0
GTCCGTCAGCGTTGCT	4	4	0
ACCCTCAAAGAAGTCC	1	1	0
GATTTCCCGTTTGTTT	4	4	0
CCATCCACACACTAAG	1	1	0
TACGTTCGGTCTCTCT	1	1	0
CTCACATCAGATGGCT	1	1	0
CAAACATTGCCAAGAT	10	10	0
AAACAAACGAAGCACT	1	1	0
GAAGATATAGGTTGTG	5	4	1
GGCAAGGTATGCATGG	9	9	0
GTAAGCCGCGTCAGCA	1	1	0
TCGTTCCCCCATTACT	1	1	0
AGAAAGTGGGGCCAAT	1	1	0
AAGGGACCATGTTGGC	1	1	0
GTGATAAAAAATCAGA	0	0	0
AAGGCGCTAGGCAGTT	6	6	0
CTCCCAAAAACCTGAC	1	1	0
ATTCTGAGTTATAGCC	6	6	0
GAGGAGTGGATTAGAC	8	8	0
GCATCACTAACACACG	3	3	0
AATCGAAGCCGCTGTT	9	9	0
ACCCTCAAGGGTTGGT	8	8	0
CATTTCTACCGCTGTT	41	38	3
ACAAAGATCTTACGGG	3	1	2
CTTCTACGGTACCTTG	0	0	0
GTGTCACCGCTCTAGT	3	3	0
ACCGTCGAGGGTGTAT	1	1	0
AGGTATATTGGAGGAG	1	1	0
GTCAGGTTGTCTCTCT	1	1	0
ACGTAAACGCAGGGTA	11	11	0
AACAGCGGGGCTACTA	1	1	0
AGAATCAAGTTTACGT	1	0	1
AGCGTGGTTCTCAACC	1	1	0
CCCTGTTTTTAGGACC	2	2	0
GTGCGAAGATGGATTA	2	2	0
ATGACAACCTCCGCAT	1	1	0
ATCCCACCCTGGTGCA	4	4	0
TCCGACACGATCGTTT	1	0	1
GTACGGACTCCAGGGA	5	5	0
TGCGACTACATCGCAG	1	1	0
CCCTGTTTTGGAGGAG	1	1	0
CTTCTACGCACGGACT	1	0	1
AGACGAGGGAACGATT	2	2	0
TCTGATTTTTAAACTG	10	10	0
GCAAACTGATCCGCTA	2	2	0
GGACTTCTATACTCTT	13	13	0
ACCTTCCCAATCGGGT	3	3	0
CCGGAAATCCCTAACC	9	9	0
CTCCCAAACCGCTGTT	2	2	0
ACCACAGAGGATAAAG	1	0	1
CGATCCAACGAACGTA	0	0	0
ATTCTGAGTAGCCTCG	1	1	0
GAATGCGCGTTTGTTT	2	1	1
GTTACTAGCCGCTGTT	3	3	0
ATGACTTGTGGAGGAG	1	1	0
AACAGAACTAACTACT	1	1	0
CGTTGCCTTTGTGACT	2	2	0
AACTCAGTCGTGCTAG	1	1	0
CCGTCTTAGTCTCTCT	1	0	1
CCACCTCTGGATAAAG	1	1	0
CATTCATTGTGGATGG	1	1	0
AATATGACTTCCGAGT	10	10	0
AAGGCGCTTAGTCGCA	5	5	0
CACTAACCTTCGGCCT	1	1	0
ATTTCCATTCCAGTCC	1	1	0
AGAGAGACTGGCCTGT	2	2	0
CCCTCTTGGGTTAGTG	0	0	0
ACTAATTGAACTTAGC	11	11	0
CCTTTGTCCTGCGTTG	1	1	0
GCACTCAGCACTCCTC	1	1	0
TAGCCACATGTGGCTA	1	1	0
AGAGGTGCTTAAACTG	1	1	0
ATTACCTTCCGCTGTT	1	1	0
TGGTGTCTGTGGAGCT	1	1	0
GTATACGTCCATTTGA	1	1	0
TGAGAGCGCCCATCTG	0	0	0
TGACGTCGAGATGGCT	0	0	0
CGTGTACATAGCCTCG	1	1	0
GAGAAACCATGAAGCA	1	1	0
CGAACCGACAGTCCCT	5	5	0
GATTACTTAGAGGTGG	1	1	0
GTGTCACCGACAGATA	9	9	0
TCGACTGCGGCGGTTT	1	1	0
CCCTTGCAGCGTTGCT	1	1	0
GCAAACTGTCTGCATC	9	9	0
TGCCGGTAATGGGCAC	0	0	0
ATTTCCATTGGTATGA	1	1	0
AAGTCCAAGTGTCGGA	1	1	0
AGTTGAACCATACATT	4	4	0
AACGCCAAGAAAGACC	1	1	0
AAGAACAGGCGCATTC	7	6	1
GTGTCACCTAACCCGT	1	1	0
GGAACGAATTATCTGT	1	1	0
GATTTCCCTTGGACTT	20	20	0
TAGATCAATTGCATAT	1	1	0
GTCAAGAGATGACTTT	1	1	0
CCACGTTGCACAAGGC	2	2	0
AATGTATGGAGTTTCG	1	1	0
CATGACGATGACCCTC	1	1	0
ACCGTCGAGGGAAGGT	1	1	0
TCGACTGCATATGCAT	1	1	0
AAATTCCGCTCAGAAT	1	1	0
AACAAATGGTGTAACC	2	1	1
TCGACTGCGAACGATT	1	1	0
AAACTACAAATGTTTG	0	0	0
CTGCGATGGCATGGGT	1	0	1
CCATCCACCGAATAAT	1	1	0
CGTCGAATAGGTTGTG	1	1	0
AAACTACAAGAGGTGG	1	1	0
GTCAGGTTCTGCGTTG	1	1	0
GAAGATATTGTCTTTC	3	2	1
ATTTCCATTAACCATC	1	1	0
CAATTCTCCTTACGGG	2	2	0
ACCCTCAATCGACACC	1	1	0
GTGAACTCACCTTCTT	1	0	1
ACACCAAGGGCTACTA	1	1	0
AATCGTTCGAGTTCAC	0	0	0
TCTATTCCATATACCT	2	2	0
CACTTGATGCGTTGCT	1	1	0
ATTTCCATAGAACGGG	1	1	0
ACTCATACAATCGGGT	1	1	0
ATCGCGCTTGGGATTC	1	1	0
AATGTATGTAGCCTCG	1	0	1
AACAGAACAATCGGGT	7	6	1
GCCAAAGCAGAACGGG	0	0	0
AACAGCGGTCGAAGCT	1	1	0
ACAGATAATTGTCGCC	1	1	0
AACTCAGTGAGTTCAC	4	4	0
AAAGAGGCTGTACACG	1	1	0
CAATCTAGCTACTTGT	4	3	1
CTGGAACAGGCGTTAG	1	0	1
GCGCTGATCTAGATTG	0	0	0
CGTGCAACACGTATAC	1	1	0
CCTTTACAGGATAAAG	1	1	0
GAGCGGAAGTTGTCAT	1	1	0
GCTACCGTCTACCGTT	2	2	0
TGAGCACATCTAGCAG	1	0	1
ATACACCCACGGTAGC	10	10	0
CTCGGTGACGTACCTA	1	1	0
AGGAGTCGAGGATTCA	0	0	0
ATCGCGCTCTTCTTCG	8	8	0
TAGTCTCTTACAGCCG	1	1	0
CAATTCTCATACCCAG	1	1	0
AAACGTGAGCAGTCGA	1	1	0
GCATCACTACGGTAGC	2	2	0
GTCAGGTTCCTGTTAT	1	1	0
ATTATTCGAAACTCGA	4	4	0
ACCAAGGGAGATGGCT	1	1	0
GACACCTGCCCTAACC	10	10	0
CAACGCAGAGAAGTTA	2	2	0
AAACTGTGTGTTCCAG	1	1	0
ACATCTCGTAGTCTAG	1	1	0
ACCTGAAGCAGGTGTC	2	2	0
GCGGTAACCGCCTTGA	1	1	0
TGAATCCTCGTGGATA	6	6	0
AGAAACCAACACTAAG	22	22	0
TGAGCACATAACCATC	1	0	1
GTCTGGAATAGTGTTT	1	1	0
ATCAGGGATGTGTCCT	3	3	0
ACCGTCGAGTTAACCA	3	3	0
CCCTGTTTTTGTCGCC	1	1	0
AGGGACTGGGAGAAGC	1	1	0
ACCCTCAATGGTATGA	0	0	0
CCTACGCTTTCACATA	0	0	0
TGGTTAACCTGCGTTG	1	1	0
GGTCTTTCTACAGCCG	1	1	0
GTAAACAACTCTTGAC	4	4	0
AAGGATGATAAATAGG	17	16	1
CGTGTACAATCTTTGT	1	0	1
AATCGAAGTACAAACT	1	1	0
GGGCATCACTAGACCC	1	1	0
AATCGTTCCGCTAATA	1	1	0
ATCGCGCTATGGAAAT	0	0	0
AGTAATGGGGGAGGTA	5	5	0
ACATCTCGACACTAAG	7	7	0
AAATAGCAGCTCTAGT	3	3	0
TCGACTGCAGGAGCTT	1	1	0
AAGCTCCTTTAAACTG	1	1	0
AAACACGGAGGAGCTT	2	2	0
AGCAACGCTTGTTTAC	2	2	0
AGTAATGGCTACCGTT	1	1	0
CGACATTTAGGTTGTG	1	0	1
CACAACCTGGTGGGAT	1	1	0
GTCAGGTTTTGGCGTT	1	1	0
ATCGTAACTCTGCATC	1	1	0
GTCAGACCGACAACTT	2	2	0
CCACCTCTATATAGGA	1	1	0
GGACTTCTGTCCATGT	2	2	0
GGTTACACATGCATGG	10	10	0
GAGAAACCTTCACATA	1	1	0
GGAACGAACTTTAATC	0	0	0
CGAGGCTAAATCGGGT	24	23	1
CGTACCGAGAAGTGCC	1	1	0
CTGCGATGTCTCACTT	6	6	0
CGTACCGAGGGAAGGT	0	0	0
AAACAAACGGGAAGGT	7	5	2
ATTTGTTGGTCAAAGA	2	2	0
AGTGCTTCACCTTCTT	1	1	0
TGACGTCGATGGGCAC	1	0	1
CTCGGTGAGGGAGGTA	1	1	0
AAGGCGCTCTTAGGTA	1	1	0
AAAGCCCGTCGGTTTA	1	1	0
AGTGCTTCTGAAATGA	6	6	0
CTCCCAAATTAGTCCG	6	6	0
GCTACCGTTTGTCGCC	1	1	0
CTAGACTAAATGACCC	4	4	0
CGAAGAAGGGAAACAG	1	1	0
ACCTTCCCAAATCAGA	2	2	0
TATCCACGACTGAGTT	1	1	0
AGGCAATACTGGTGCA	1	1	0
CTGAAGGGTTGTGACT	1	1	0
ACGAATTCAATCGGGT	1	1	0
CAATTCTCAACTTAGC	2	2	0
CAATCTAGGTGGAGCT	1	1	0
CTCACATCAAGATTGT	0	0	0
ACGACGACAAAGCCTA	1	1	0
AATATGACCGCCTTGA	0	0	0
ATCCTAGTTTTATCAC	1	1	0
ATAAGCTACAAGAGGG	1	1	0
CTGGGTATGGGTTGGT	2	2	0
CCGTCTTAGTTCAACT	1	0	1
CGATCCAAACGTATAC	0	0	0
AAGGGACCAGAGGTGG	1	1	0
AGGTTCCCCAGATTAC	2	2	0
TAATGTGGAATGAATG	1	1	0
GTCAGACCTTTGGGAG	1	1	0
GTATACGTATTTCCGG	1	1	0
AGGCAATACTTCTTCG	2	2	0
CGAACCGAAAGCTTCT	2	2	0
AAGAACAGTGTAGTTT	0	0	0
GGCGACAACACTTTCT	1	1	0
ATGCGGAGGGGAAGGT	1	1	0
TGGTTAACTCTCAACC	6	6	0
ATGACAACGGGAAGGT	1	1	0
GAAGATATGGAAACAG	2	2	0
AGTTGCGGGACAAAGG	1	1	0
TAGCCACATTTAACAG	1	0	1
GGAAGTCCCAGATTAC	1	1	0
ATCAGGGATCGGTACG	2	2	0
CCCTTGCAGAGTTCAC	1	1	0
CGATGGCATCTAGCAG	0	0	0
TACCTCCCATGAAGCA	1	1	0
GATGTGGCGAGTTCAC	4	4	0
CGACATTTCTTACGGG	2	2	0
TAACTTCTGTGGATGG	1	1	0
TGCTGACGAAAGTCGG	1	1	0
CATGACGAGAAAGACC	1	1	0
TCGGTCATAGAGGTGG	1	1	0
AGGACACAAAACTCGA	1	1	0
AGACCTCACGTACCTA	4	4	0
CATTCATTCTTCGATT	1	1	0
ATTTCCATGTTACGAT	1	0	1
GAAGATATAAACGCCT	2	2	0
AGCTCCACTGTGTCCT	1	1	0
CATGACGAACTAGCCA	1	1	0
CCTATTTAGGGTTGGT	1	1	0
ACTTCGCTCTACTTGT	1	1	0
CCAGCGAAAATGAATG	2	2	0
TAGTAGCCGGTCACAG	31	30	1
GCTAAGTTCTTTCTTT	10	10	0
ATTGAAGTGAGTTTCG	1	1	0
CCGACTTTGTGGAGCT	1	1	0
TGCTGACGGGCGGTTT	1	1	0
CGAACCGAGTGGATGG	1	1	0
AGGCCGAACAGTCCCT	1	1	0
CTCACATCTAGCTTAT	1	1	0
TCCAGAAGATGCGGAT	1	1	0
GTGTCACCACAGCGGA	2	2	0
ACGACGACCCGCTGTT	4	4	0
GAAGATATACGCAGAG	2	2	0
GTGAGGCAAGGAGCTT	1	0	1
AAGAGTATATGACTTT	1	1	0
AGGGACTGCGCTCTCA	1	1	0
CCTCATGATATTGCCT	1	1	0
AAGAAGGTGAGCCCAT	5	5	0
TGGAAAGCCACAACAG	4	3	1
CATTCATTGAGAGTAT	1	1	0
AGCCATCTCCAGCAGT	1	1	0
ACCAAGGGTTGGATCG	2	2	0
ACCTTCCCGAAGGCTT	9	8	1
CTGAAGGGTGGAGGAG	1	1	0
TCCGCTGTCCGCTGTT	1	1	0
CTGGAACACTAGATTG	1	1	0
TCTGATTTTAAGACGG	18	18	0
AATCGTTCCTGGTGCA	1	1	0
AGTAATGGGAGTTTCG	3	3	0
TGCGACTAAGATGGCT	1	1	0
AAACTACACCCTTGGT	5	5	0
TGGGAATTACTGAGTT	1	1	0
GCCTTGTGAGGATTCA	2	2	0
AACGTTACGGTCTGAC	3	3	0
CGAACCGATCCAGTCC	2	2	0
CTTCTACGGATCTCGG	2	2	0
ACCCATGCATGACTTT	0	0	0
AATAAGGAGTTGCACG	1	1	0
CCACCTCTGGGAAGGT	1	0	1
GATTTCCCTGCAAGGG	1	1	0
ACGTAAACAATCGGGT	1	1	0
CGAAGAAGGTATGAGT	1	1	0
AAGTATTGGTGGAGCT	0	0	0
AGAATCAATCGGTTTA	44	42	2
AAACACTACGAACGTA	1	1	0
AGAAACCACCGCTGTT	2	2	0
CAACGCAGGTTGCACG	1	1	0
AATCGTTCCTTAGGTA	11	11	0
ATGTGCCGGATCGTTT	7	6	1
TCCAGAAGGGGTTGGT	2	2	0
AATATGACAACACACG	1	1	0
AGTTGCGGGCACCTCT	1	0	1
AAACCGCCTCATGAGG	1	1	0
ACGCTTAAGGGAAGGT	1	0	1
TACGTTCGAGACACCA	1	1	0
GTTCTGCTAACCTGAC	2	2	0
ACCCTCAATACAGCCG	1	1	0
AACTCAGTTTTACCCT	5	5	0
ACGGCAGTCTGTTCTT	0	0	0
ATCGCGCTGTTCAACT	1	1	0
GTCAGGTTTGGAGGAG	4	4	0
AATAAGGAGGTGGGAT	1	1	0
ACCAACCCCGAGATGT	2	2	0
AGTAATGGCTCAGAAT	1	1	0
TCCAGAAGTAGTGGAC	0	0	0
AAACCGCCACCACGCT	1	1	0
GATTGGGAGTACCTTG	1	1	0
ATACACCCGGGAGGTA	1	1	0
ACCTTCCCATACTCTT	1	1	0
ATATGCAAGGAAACAG	1	1	0
TAACTTCTTGGAGGAG	2	2	0
GAAGATATAATGTTTG	1	1	0
CACTAACCAAACTGGT	1	1	0
CTAACGCCACACTAAG	0	0	0
ATGACAACAGCTACGG	1	1	0
TGCACCAGGTGGATGG	2	2	0
CTCTATAGGATGTGAG	0	0	0
TGCGACTAGATGTGAG	0	0	0
ACGGAGCATCTGCATC	1	1	0
AGAAAGTGTTGTGACT	1	1	0
GTGTCACCCCACATTA	3	3	0
CGGACTAACTGCGTTG	0	0	0
AGGACACACCCAAGCA	2	2	0
GCATCGAGAGGAGCTT	0	0	0
ACCCATGCTAAGACGG	2	0	2
CTGGAACAGGGAAGGT	1	1	0
AGAATCAAGGGCCAAT	2	2	0
GATTTCCCCACTCCTC	1	1	0
CCTCATGAGCCAAGAT	1	1	0
CCCTTGCACGATTGAT	2	1	1
GTCCTTGCTAGTGTTT	1	1	0
AAACTACAAGAAGTCC	1	1	0
TGGTTAACGAACGATT	1	1	0
AAGGATGACTTACGGG	1	1	0
GGGATTACCGTATCGG	0	0	0
TACTGAATGTTGCACG	1	1	0
ACCGTCGAATGCGGAT	1	1	0
TATCCACGGGTGGGAT	0	0	0
ATCAGGGAAAATGTCG	1	1	0
AGGCGTTTCTAGTAAC	2	2	0
TATTAGCGCTAGATTG	1	1	0
ATTTCCATATTTCCGG	2	2	0
AATCGAAGTTAAGCGT	2	2	0
GGCTATAAAGGCAACG	1	0	1
GAATCCCAGGGAAGGT	8	8	0
GGAACGAACAGTCCCT	1	1	0
AAGCTCCTCTTACGGG	1	1	0
ATCAGGGAGGCCCTTA	2	2	0
AAACAAACGTGTAACC	1	0	1
ATCTTGGCCTACTTGT	6	6	0
CTGTTGTGTTGATCTA	0	0	0
AGCTTCGAAATCGGGT	1	1	0
GAATGCGCCGTGGATA	10	9	1
ATTTGTTGCTCGCGTA	18	18	0
AGCTCCACAGCGCCTT	20	20	0
GGGCATCAAGCGCGAT	0	0	0
GTACGCTTAACCCTTG	22	22	0
ACGAATTCTGCAAGGG	1	1	0
ACTGGTCAAAGTAATC	1	1	0
ATATGCAATTATAGCC	1	1	0
AGAAAGTGTCATCCTT	1	1	0
ATGCGGAGAGCGTAGG	3	3	0
CGTGTACAGTCTCTCT	2	1	1
GTGGTGCTTAGCCTCG	1	1	0
GGAACGAAGCAGCATG	1	1	0
GTGTCACCTAGTGGAC	3	3	0
ACGAATTCAGCAGAAC	2	2	0
AGTAGTTAACATCTAT	1	1	0
AAGTCCAACTTACGGG	2	2	0
CGAAGAAGAACAATCC	1	1	0
GCCAACATAAACAGGG	2	2	0
GGACTTCTGGCCCTTA	6	6	0
CATTCATTCGGAATTT	1	0	1
CCCTGTTTGACAACTT	1	0	1
AAATTCCGTACAAACT	1	1	0
AAACACGGGGACTTCC	1	1	0
GTACGGACGGGAGGTA	1	1	0
AATGGCGTCACAACAG	1	1	0
CGATCCAAGCGTTGCT	1	1	0
GCGGTAACAAACTCGA	4	4	0
AAACCGCCTAGTGGAC	1	1	0
ATCGCGCTCGGAATTT	0	0	0
AAGTGAGATGGCCTGT	1	1	0
AGGACACATTTAACAG	1	1	0
GAGGGTCATTTATCAC	6	6	0
AAAGTCATCTTCAGGT	1	1	0
ACAGGCCAACAGCGGA	4	4	0
GTGTCACCCACAACAG	13	13	0
GTGTCACCCTACTTGT	1	1	0
AAGTTGTCAAGCGTAC	2	2	0
ATCCGCATGTTGCACG	1	0	1
AGGTAAGCTTTGGGAG	1	1	0
GTCTGGAAGGTCTGAC	18	17	1
AGTTTGTAGCGTTGCT	4	4	0
GTGTCACCAGGAAGAC	13	13	0
AACAAATGGCTCTAGT	1	1	0
CCACCTCTGTGGAGCT	1	1	0
TCATACCATCCTTATT	1	1	0
CCATCCACAAATGTCG	1	1	0
GTCAGGTTTTGATTCT	1	1	0
CTGTTAAAAGCGCGAT	1	1	0
AAGTCCAATGGTTTCT	1	1	0
CCTTTACAAAACTGGT	2	2	0
GCGGTAACATACTCTT	1	1	0
GTCTAATCAAAGTCGG	1	1	0
GAAAGACATACCGGCA	1	1	0
ATAAGCTAGCTTTCCA	5	5	0
AGACGAGGAGAGGTGG	1	1	0
GGGAGATGTTAGGACC	5	5	0
TGAGAGCGATATGCAT	4	4	0
TGAATCCTGGGAGGTA	1	1	0
AAACAAACTCGGTACG	6	6	0
ACCAAGGGAAACTGGT	1	1	0
CAAACATTATATACCT	1	1	0
CAGTTTAATACAAACT	1	1	0
CCGAGATCGGGAAGGT	1	1	0
ACGAATTCGCAGGGTA	9	9	0
TAGGTACGACTAGGAT	1	1	0
AAGAGTATAAGATTGT	1	0	1
ACCTTCCCATCAAGTG	1	1	0
ATTTCCATGAAAGACC	1	1	0
TCCGACACGGGAACCT	2	1	1
CGTGTACACTGTCTGG	7	7	0
CTGGAACACCGTGTTT	9	9	0
CTGAAGGGCTTCTTCG	1	1	0
AAGAACAGATGGATTA	1	1	0
AAACAAACTCATGAGG	1	0	1
AGCGTGGTCTAGTAAC	14	13	1
GCTACCGTCGACTCCT	11	10	1
AGTTGCGGTGGCCTGT	1	1	0
AAATTCCGGGAAACAG	1	1	0
GTGTCACCCAGGTGTC	1	1	0
TGAGAGCGGTGGATGG	1	1	0
GGCGACAAGGATAAAG	2	2	0
GTGGTGCTCGAGATGT	1	1	0
GATTGGGAAAATGTCG	1	1	0
AACAGCGGTAAATAGG	1	1	0
CACTTGATCGCTCTCA	1	1	0
CAGTTTAAGTCGTCGT	2	2	0
CACTTGATGGTCCCTT	1	0	1
GGGAGATGTGTAGTTT	0	0	0
AGTGCTTCTTGATTCT	1	1	0
ATATGGGTTGGTATGA	2	2	0
CAACGCAGCTGGTGCA	1	1	0
CGAAGAAGGGGAAGGT	10	10	0
GGTTAGGGTGGTATGA	0	0	0
AGGGACTGAAACAGGG	1	1	0
ACCCGATTTGTAAAGG	1	1	0
GCTCGTAGACTGCCGT	0	0	0
CAGATGGGACATCTAT	28	25	3
CTAACGCCCAAGTCAT	1	0	1
TCGTTCCCTACCAGGC	3	3	0
TAGCGGATTACAGCCG	2	2	0
GCGTGCAACGGACAAC	1	1	0
AAGGATGATGCCTCAC	1	0	1
AGTCCGTGAAACTCGA	1	1	0
AAACTACAGGGCCAAT	1	1	0
TCATAGCTCTACTTGT	2	2	0
GTGTCACCCTTCTGGA	1	1	0
GAAGATATCTGCGTTG	5	5	0
CTAGTAGGCTTCTTCG	1	1	0
CCTTTGTCAAATGTCG	1	1	0
CTCACATCAATCGGGT	2	2	0
TATTAGCGGTGTAACC	4	4	0
GGATTGTTGTTGTCAT	1	1	0
TCAAATGGATATACCT	1	1	0
CCTATTTAGTTGCACG	0	0	0
GTGTCAGGGTTTGTTT	0	0	0
AACGGTAGACCCATAT	2	2	0
GGGTCTAGAAACTGGT	1	1	0
ACGGCAGTTTGTTTAC	1	1	0
GTCAGGTTAGCTACGG	5	5	0
CCATCCACCGTCAGCA	10	9	1
ATACACCCTAGTGGAC	0	0	0
CATGCTGCGGAATAGA	1	1	0
GTGTCAGGGTTCTGTT	1	1	0
ACGACGACAGAGACTA	1	1	0
AAGGATGATCGGTTTA	1	1	0
AGAAGCTTCGCTCTCA	1	1	0
CTGTTGTGTGCGTATC	1	1	0
GGTAGCCAGTAATCCC	1	1	0
GACTAGCGCTTCGATT	0	0	0
AGACGAGGGGTCCCTT	1	1	0
TCGTTCCCGAACGATT	3	3	0
GAGTGTACGCGCATTC	2	1	1
CTGTTAAAACCTTGCC	1	1	0
AAGAGTATGTTGTCAT	0	0	0
CCACCTCTTACAGCCG	0	0	0
GATGCAGAGTTGTCAT	1	1	0
CCACGTTGTCGACACC	1	1	0
GTCTAATCTTGGCGTT	4	4	0
TGGAAAGCTTAGGACC	1	1	0
ATACACCCTGCTCCGT	3	2	1
AGCATGCCCAGATTAC	6	6	0
ATATGCAACGTATCGG	1	1	0
ACCAAGGGTGTCTTTC	1	1	0
AAACGTGAGTCCATGT	2	2	0
AGCAACGCCCGCAACT	1	1	0
ACCGTCGAGGTGGGAT	1	1	0
AACAAATGGCTTACCT	1	1	0
ACGAATTCGGTCTGAC	1	1	0
TGACGTCGTCTCACTT	1	1	0
GTGTCACCTTATAGCC	3	3	0
ACGAATTCTTTGTGTC	1	1	0
TCCAGAAGATGTTGGC	3	3	0
GCTTCTCCCGATTGAT	1	1	0
ATTCTGAGTTGATTCT	1	1	0
GTAAACAATGCAAGGG	0	0	0
AGTTGAACAGGTTGTG	1	1	0
GTGTCACCTATTGCCT	2	2	0
CGAAGAAGTGAGGTCT	4	4	0
ATCGCGCTTGATGCCC	2	2	0
TGAATCCTGTAATCCC	1	1	0
ACCAAGGGATACTCTT	2	2	0
AACAAATGTCCTTATT	0	0	0
AATGGCGTGCTCTAGT	1	1	0
TCTTTGACGTCTCTCT	1	1	0
ACCACAGATTGGACTT	1	1	0
GGTCTTTCTGGAGGAG	1	1	0
AGCGTGGTTAAATAGG	1	1	0
AGACCTCAAACACACG	12	11	1
GAATGCGCTGCAAGGG	7	7	0
AATCGTTCGGCGGTTT	0	0	0
GGTTAGGGTATTGCCT	1	1	0
GTATACGTTGAAATGA	1	1	0
CTGAAGGGAGCACCAC	1	1	0
TAATCCATCTTCGCAC	1	1	0
ATAGATGTCCTGACAC	3	3	0
GAGGAGTGGGGAGGTA	1	1	0
ACGGTTGGGTCTCTCT	1	1	0
GGCACTTCTTGATTCT	1	1	0
ACCACAGAGCTCTAGT	1	1	0
GCCTTGTGCAATTAGT	1	1	0
ACTCGGAAGGGTGTAT	1	1	0
CGATGGCACTACTTGT	1	1	0
GAGTGTACCTTGGTGT	1	1	0
CTACGGGAAGAAGTCC	38	38	0
ACTACCCGCTTTCTTT	6	5	1
ATACTCTCCTCTTGAC	0	0	0
CATTCATTGGCGGTTT	1	1	0
AGGTATATCTCCGCAT	12	12	0
ACACCAAGAATCGGGT	1	1	0
GTGTCACCATCCCACG	4	4	0
TGAGAGCGAAATGTCG	1	1	0
AACAAATGACCTTGCC	1	1	0
TGGGAATTGAGTTTCG	1	1	0
TACTGAATTACAAACT	1	1	0
GGTTACACGTAATCCC	2	2	0
CATTTCTAGTCATATT	1	1	0
GGTTGAGAGTCCGTAC	1	1	0
CACTAACCGATGTATT	1	1	0
TATGTGAAAGGCAACG	1	1	0
AAACACTACCGTGTTT	2	2	0
GGGTCTAGTACAGCCG	1	1	0
ACCAACCCTAGAAATG	1	1	0
GCATCACTGGATAAAG	1	1	0
GGTGTCGACACAACAG	1	1	0
TAGTAGCCTGAGGTCT	1	1	0
GTCAGGTTAATGACCC	1	1	0
GGTCCTAACTTTCTTT	1	1	0
ACTACCCGCTCCGCAT	1	1	0
AGTAATGGAGCGCCTT	5	5	0
AGCACGTAGCATGGGT	1	1	0
GGTAAATCAAGCTTCT	1	1	0
TCAAGGCGCAATTAGT	4	4	0
TAGTAGCCGAAAGACC	15	15	0
AGAAAGTGAAACTGGT	2	1	1
AGGGACTGTTATAGCC	0	0	0
GAATCCCAAGGAGCTT	1	1	0
AATCGAAGGCAAAGCC	1	0	1
GGACTTCTCCACATTA	3	3	0
CATGACGAGGTGGGAT	1	1	0
ACGGTTGGACCACGCT	7	7	0
ATCCTAGTCAAGTCAT	1	1	0
GAAATACGGAAGTGCC	4	4	0
AAACACGGTGCAAGGG	8	8	0
ACCCATGCGTAACGTT	1	1	0
CAGTTTAAAATGTTTG	1	1	0
CCGGAAATGGCTACTA	1	1	0
CCATATGAGAGTTTCG	1	1	0
CCCGTTCTGATTTACC	1	1	0
TGCTGACGCCGCTGTT	2	2	0
AGAGGTGCCTCAGAAT	1	1	0
AAGGGACCTTCGGCCT	11	10	1
ACCCGATTAACCTGAC	1	1	0
GGGAGATGCAACAAAT	1	1	0
CACAAGTACAACGTGG	1	1	0
GTGTCACCCTACGAGC	2	2	0
GTCTTCCTACATCTAT	1	1	0
ATCCCACCGCGTTGCT	4	4	0
CGTGCAACATGAAGCA	1	1	0
GATTTCCCACTCACCG	1	1	0
CTTTGGACCTTAGGTA	3	2	1
AACGCCAAAATGACCC	0	0	0
CCTTTGTCGAATACGC	1	1	0
CAACGCAGATCCGCTA	1	1	0
CTGCGATGTGCGACAG	1	0	1
AACAGAACACGTATAC	1	1	0
GGGATTACCTGTCTGG	1	1	0
CCCTCTTGCTTCAGGT	1	1	0
CGGCTGTACAGATTAC	17	16	1
GAATCCCAGGGTTGGT	2	2	0
CCAGACAGCTCTTGAC	45	45	0
TACTGAATGAGTTCAC	1	1	0
ACCACAGAATCCGCTA	1	0	1
AAACGATCACCACGCT	1	1	0
ATCGCGCTTTGATTCT	1	1	0
TGCTTGGGTCCGTCCA	4	4	0
ACTCATACCCTATTCA	4	4	0
GTCCGTCAGATTGCGA	1	1	0
ACGGTTGGGAAAGACC	1	1	0
TGCGACTATGAGGTCT	1	1	0
GTGTCACCCGGACAAC	10	9	1
CTGCGATGCAGTCCCT	1	1	0
GTGAGGCACATTTGTT	2	2	0
AGGACACACTTCAGGT	1	1	0
ACTACCCGAAACGCCT	2	2	0
CATTCGGGAAATGTCG	1	1	0
TAGTAGCCGAACGATT	0	0	0
ACCACAGACGACTCCT	1	1	0
ATCCCACCCCTGACAC	1	1	0
CGAACCGAACTCACCG	1	1	0
ATTTCCATAGCGCCTT	1	1	0
CTTCTACGAGCGCGAT	3	3	0
TAGTCTCTACCCATAT	2	2	0
AGCGTGGTGTTTACGT	1	1	0
CGTGTACACTTACGGG	1	1	0
CCCTCTTGATCCGCTA	2	2	0
GGCAAGGTTGCTATTT	1	1	0
AGTCACAATAGTGTTT	1	1	0
GTATTGACCGTCAGCA	15	15	0
CTTAGTGTTAACCCGT	1	1	0
ACTAATTGGCAAAGCC	2	2	0
TCAGCCTCTAGTGTTT	1	1	0
CGATGGCACTTAGGTA	22	10	12
ACAAAGATTCCAGTCC	1	1	0
GTGTCACCAAATCAGA	27	27	0
GTCCACTACCGCTGTT	1	1	0
ATATGCAATAACCCGT	1	1	0
GGGCATCATGCGACAG	8	8	0
CTTTATCCGGTCACAG	7	7	0
AACGCCAAGTTGTCAT	2	2	0
ACGGCAGTAGGTTGTG	1	1	0
ATCCGCATAATCGGGT	1	1	0
CCATCCACACTTCAAT	1	1	0
TAGTCTCTATCCGCTA	1	1	0
GTATTGACCACAAGGC	14	14	0
CCAGCGAAGCCTCTTT	2	2	0
CTGAAGGGAATGAATG	1	1	0
ACTACCCGCGATTGAT	0	0	0
ACAATCTTAGGCAGTT	5	5	0
CTAGACTAGAATTCGT	0	0	0
ATACACCCAGGAAGAC	1	1	0
GGTAGCCAGATCGTTT	1	1	0
TACCGCTCACTAGCCA	1	1	0
GGCGACAATGCAAGGG	6	5	1
ACTGGTCATTAAACTG	1	1	0
AAAGCCCGTTTATCAC	1	1	0
ACCCTCAATTCACATA	1	1	0
ACCGTCGAACACTAAG	1	1	0
AAGAAGGTTTCGTTCC	1	1	0
AAACACTATGGTTTCT	1	1	0
AAGAACAGTCTGTGGT	1	0	1
TCAGCCTCTAACCCGT	1	1	0
ACTAGAGCGGGTTGGT	1	1	0
TACCGCTCAATGACCC	1	1	0
AACAGCGGTATTGCCT	0	0	0
GAAGATATGAGTTCAC	1	1	0
GGACTTCTCTTACGGG	1	1	0
ACTCATACCCGCTGTT	1	1	0
GTCTGGAAGCACCTCT	8	7	1
AGCTTCGAAGAAGTCC	7	7	0
GGGCATCAACTGAGTT	1	1	0
TACCTCCCATACTCTT	1	1	0
GGGATTACCTTCTTCG	1	1	0
GCTAAGTTAGGAGCTT	1	1	0
GTGCCCATAAAGTCGG	0	0	0
GGTCTTTCGAACGATT	1	1	0
GTCCGTCACGTAGAAG	1	1	0
GAGCGGAAGGCGTTAG	2	1	1
ACAGGCCATTAGGACC	1	1	0
ATGGTCTGAGCGCGAT	1	1	0
GTGTCACCGGGAAGGT	2	2	0
TCAGCCTCTGGAGGAG	2	2	0
CTTAGTGTAGAGGTGG	1	0	1
AAGGGACCTTTAACAG	1	1	0
CCGATACGGTGTCGGA	1	1	0
CTCACATCTCCCGTAG	3	3	0
ACGGGTTAACCTTCTT	9	9	0
AGTTGAACGAAGTGCC	1	0	1
AGACCTCAATCAAGTG	12	11	1
TACCTCCCAGCTACGG	1	1	0
TACGCGAGCGCCTTGA	2	2	0
ACTAGAGCCTTACGGG	2	2	0
GTGTCACCTTCCAGAC	4	3	1
GTCAGGTTAGCGCGAT	3	3	0
ATTTCCATTTGAGGGT	1	0	1
TAGCGGATAGCGCGAT	1	1	0
ATCCTAGTTCCAGTCC	1	1	0
ACTAGAGCTTGTCGCC	1	1	0
CTCCTCCACACAACAG	1	1	0
ATCCCACCTTGGATCG	1	1	0
AGGGTAAAGGTGGGAT	1	0	1
CTTTATCCGAGTTTCG	1	1	0
ACTACCCGCTGGTGCA	1	1	0
AGCACGTAGCCTCTTT	2	1	1
AGGTTCCCGTCCATGT	7	7	0
ACCACAGAATTCAGTA	1	1	0
GTTGTCCGGCGTTGCT	1	1	0
AGTGCTTCTTGTTTAC	1	1	0
TCGAGTTTGGCGGTTT	2	2	0
ACTCATACACGGTAGC	1	1	0
TGGCTAGTGTGTCGGA	1	0	1
TAGTAGCCGTTTGTTT	3	1	2
TACCTCCCTGTACACG	1	1	0
ACAATCTTGGTCTGAC	1	1	0
CAACGCAGAAACTCGA	1	1	0
ACCACAGACCATTACT	5	5	0
CTGTTAAATTGGACTT	3	3	0
AGGTATATCTTCAGGT	5	5	0
AAACGATCTGCTCCGT	2	2	0
CCTTTACATTTGTGTC	0	0	0
TAGCGGATCTACTTGT	3	1	2
ACGAATTCTTCCGAGT	1	1	0
ACTTCGCTACGAAACG	1	1	0
TCATTTCACGAATAAT	1	1	0
TACCGCTCTAACCATC	0	0	0
GCATCGAGTCGGTTTA	1	1	0
AATGGCGTTTCGCTGG	1	1	0
CCCTTGCAGTAACGTT	1	1	0
GCCAAAGCAAGCTTCT	0	0	0
GCCTTGTGGAGAGTAT	1	1	0
ACGTAAACGCCAAGAT	0	0	0
GATTGGGACTACTTGT	0	0	0
ACTGCTGGAGAGGTGG	1	1	0
ATGGGCTCAGCGCCTT	1	1	0
CACTTGATAGGATTCA	1	1	0
GCTTCTCCGGGAACGA	33	33	0
TGGAAAGCGGGAACGA	1	1	0
ACCCATGCGGGTGTAT	1	1	0
CTGAAGGGGCCGGATT	1	1	0
ACTGCTGGTGTACACG	1	1	0
GTAAACAAACGAAACG	1	1	0
TCATTTCAGACGATGG	1	1	0
GTGAACTCTAACTACT	0	0	0
AATCGTTCACGAAACG	2	2	0
TAACTTCTATGACCGA	9	9	0
CCACCTCTAGCAGAAC	3	3	0
GTCAGGTTTTATCTGT	0	0	0
GCCTGGTATGGCCTGT	1	1	0
GTCAGGTTACGAAACG	4	4	0
AATGGCGTTCCTTATT	1	0	1
GACACCTGTTGCATAT	1	0	1
GGTTACACCGTAGAAG	0	0	0
GATTGGGAGGACTTCC	0	0	0
AAGTCGGGATACTCTT	3	3	0
GGGTCTAGGGTGGGAT	1	1	0
GCTCGTAGGTGTAACC	1	1	0
CTGAAGGGCTCGCGTA	1	1	0
ATCGCGCTCGGCTTAC	1	1	0
CATGACGACCCTAACC	6	6	0
GACACAAATAGTGGAC	1	1	0
GTGTCACCGAACGATT	8	8	0
CATTCATTGAGTTTCG	1	0	1
GGCTATAATACGTGCT	11	11	0
TCAGCCTCAGGCAACG	1	1	0
ATATGCAAACTAGGAT	1	1	0
GGTTGAGAAGCGTAGG	1	0	1
AACGATTTTCGAAGCT	14	14	0
CTGAGCGTGGCCCTTA	2	2	0
AAATTCCGAGGATTCA	1	1	0
GGACTGGAACGCCATT	1	1	0
GCCTGGTAAGCGAAGT	1	1	0
CTACGGGACAACAAAT	1	1	0
CGTTGCCTTTAAACTG	1	1	0
TAACTTCTATCAAGTG	1	1	0
CCTCATGAATCCCACG	1	0	1
TCCTATATAAAGTCGG	1	1	0
CTGTTTCCAGCGCGAT	2	2	0
AACTGCCTATTCCTTG	1	1	0
CCGACTTTAACCCTTG	1	1	0
GAAGATATAGGAAGAC	2	2	0
GTCAAGAGACGTATAC	1	1	0
TAACTTCTCGAGATGT	4	4	0
AAAGAGGCCTTACGGG	1	1	0
TAACTTCTTGAGGTCT	8	8	0
ACGAATTCCTTACTCC	2	2	0
GTGCCCATTAACTACT	28	28	0
CCACGTTGATTCAGTA	1	1	0
GTGTCACCCGTCAGCA	3	3	0
ACGAATTCCAACGTGG	3	3	0
CAAACATTGTTACGAT	4	4	0
CCACCTCTATGACTTT	2	2	0
CTCCTCCACGACTCCT	0	0	0
ACGAATTCGAATACGC	1	1	0
ATTGGCCCCACAACAG	1	1	0
ACAAGTAGATCCGCTA	1	1	0
GAAGATATCCGTGTTT	1	1	0
TAGTAGCCCCCGAATG	2	2	0
TCGAGTTTCGCTAATA	1	1	0
AAAGCCCGAGCGCGAT	0	0	0
CTGTTTCCGCGTTGCT	2	2	0
TCATTTCAAGTTTAGA	6	5	1
CTGAGCGTCGTGGATA	3	3	0
AACGCCAAGAAGGCTT	5	5	0
AAACAAACAGCGCGAT	5	5	0
TCGAGTTTCGACTCCT	1	1	0
AATCCGGCGACAAAGG	8	8	0
GTCAGGTTTAAATAGG	2	2	0
CAATTCTCAAGCTTCT	1	1	0
GTAAACAAAATCGGGT	1	1	0
CTGAAGGGAGGAAGAC	1	0	1
ATAAGCTACCGCTGTT	1	1	0
AGGTATATAAACTCGA	2	2	0
AGGGACTGCCGTGTTT	0	0	0
ACCCATGCGGCCCTTA	1	1	0
GCCTTGTGAGGAGCTT	1	1	0
AGAGGTGCGGGAAGGT	7	7	0
CATTCATTTTGTGACT	1	1	0
TCCCTGGATAACCATC	4	4	0
GGCTATAATCATCCTT	1	1	0
GATTAAAGTGCGACAG	1	1	0
AAACGATCGCTTTCCA	1	1	0
TACCTCCCGGCTACTA	1	1	0
AGCGTGGTTGGAGGAG	1	1	0
ATCGCGCTTGACGGAC	1	1	0
GTCCGTCATACAAACT	1	1	0
TAGATCAACCGCAACT	1	1	0
CATTCGGGGTATGAGT	1	1	0
ACATCTCGTTCGGCCT	1	1	0
TCCCTGGACATACATT	1	1	0
GTAAGCCGTAGTCGCA	1	1	0
CTTTATCCCCCTTGGT	3	3	0
AGGCGTTTGTTTGTTT	5	5	0
TCGTGGGTGCGTTGCT	2	2	0
CTCACATCCCCTAACC	2	2	0
AGTAATGGAGCAGAAC	1	1	0
GTATACGTAGATGGCT	2	2	0
AACGCCAAAATCGGGT	3	3	0
ACTACCCGCTTACGGG	3	3	0
GTGCGAAGTGTCTTTC	2	2	0
GTGTCACCGTCCGTAC	4	4	0
GTCAAGAGCCAACCGT	0	0	0
TCCAGAAGGTCCATGT	6	6	0
ATGCATATATACTCTT	1	1	0
TGCGACTAGGAGAAGC	6	6	0
ACATCTCGCTTACTCC	6	6	0
AAACAAACTAACCATC	2	2	0
TCAGCCTCACCACGCT	1	1	0
CATTCGGGCCCGAATG	2	2	0
CACTAACCAGGAGCTT	1	1	0
TCCCTGGACCGTGTTT	1	1	0
TACCTCCCGAAGTGCC	5	5	0
AAACTACAGGTTAGTG	1	0	1
GGTGTCGACTTACGGG	9	8	1
CGTGGGATGGGAAGGT	1	1	0
TACCTCCCGAAAGACC	18	18	0
CGACATTTTACCAGGC	1	1	0
AACAGCGGTCGACGGT	2	2	0
ACTCGGAAGAAGTGCC	1	1	0
GTGTCACCAGACACCA	43	43	0
AGCAACGCAGATGGCT	1	1	0
GTCAAGAGCGAGATGT	1	1	0
AACTCAGTCTGCGTTG	0	0	0
AGCTCCACAGCTACGG	1	1	0
TCCGACACAAGCTTCT	1	1	0
GGGCATCAGAGAATTG	2	1	1
CAGGTTGCTAAATAGG	1	1	0
ACTGCTGGCCCTAACC	9	9	0
GAGCGGAACACAGTTT	0	0	0
TACCTCCCCCTATTCA	1	1	0
GCAAACTGCGAATAAT	1	1	0
TGGTGTCTCTTACGGG	1	1	0
TCGCAATCTTAAACTG	1	0	1
CGGTGAGTGAGAATTG	1	1	0
CCAGACAGATCAGCGC	1	1	0
GATTGGGAAAATCGTT	1	1	0
GTCAGGTTGTTGCACG	4	4	0
AAGTATTGTGGAGGAG	1	1	0
CCTATTTAGACAGATA	0	0	0
AATCCGGCGCTCTAGT	1	1	0
CCAGACAGCGCTAATA	1	1	0
CGTCGAATTGATAACA	1	1	0
TAAGGGCCACTAGGAT	9	9	0
ACAGGCCACTCCGCAT	0	0	0
ACTCGGAACTTACGGG	2	2	0
GGCTATAAAAACTCGA	3	3	0
ATTGGCCCCTGTCTGG	1	1	0
TCAGCCTCGGACTTCC	1	1	0
ACAGGCCAGAGTTCAC	6	6	0
ACTGCTGGTTTACCCT	1	1	0
ACGGCAGTTTATAGCC	1	0	1
CTCACATCTTTATCAC	1	0	1
GCCAACATTGGTTTCT	1	1	0
AGGGTAAAACCTTGCC	1	1	0
AAACAAACGCATGGGT	4	4	0
ACATGGACCGGCTTAC	1	1	0
CTGTGACCATCCGCTA	0	0	0
ACCAACCCGAATACGC	1	1	0
CTGTTGTGGGAATAGA	1	1	0
TCTGATTTTTGAGGGT	1	1	0
CACAACCTTATTGCCT	5	5	0
TAATGTGGTGGAGGAG	2	2	0
ACGGGTTACCGCTGTT	1	1	0
TATTAGCGAATCGGGT	2	2	0
CTGTCGCAGAGAATTG	1	1	0
TACCGCTCGCTCTAGT	2	2	0
AAGGCGCTAGAGGTGG	2	2	0
TCGCAATCGTCCGTAC	1	1	0
ATATGGGTCTGGTGCA	1	1	0
CATGACGAAACCTGAC	2	2	0
AAAGTCATCGCTAGTC	1	1	0
TCGACTGCGAAGCACT	3	3	0
GTACGCTTGGTTAGTG	1	1	0
GGGTCTAGCGACGTCA	12	12	0
CCATATGACCGTGTTT	1	1	0
CCTTTACAAGCGCCTT	2	2	0
CTGAGCGTGTTGTCAT	1	1	0
ACCGTCGACTTTAATC	1	1	0
CGGACTAAAACCTGAC	1	1	0
CTACGGGACCCATAGC	3	2	1
CGGTGAGTGCGCATTC	1	1	0
CCACGTTGAAGGTAAT	6	6	0
CTGCGATGGGCCTAAG	1	1	0
ACAAAGATCTTTCTTT	1	0	1
TACCTCCCCGGGCTTT	22	21	1
GATGGTTAGAAAGACC	1	1	0
AAGTTGTCCACAGTTT	5	5	0
AACTGCCTGTAACGTT	2	2	0
ATCCCACCGGGAACCT	1	1	0
GTACGCTTCTAGATTG	2	2	0
AGACGAGGCGGCTTAC	8	8	0
GTCAGGTTAGGATTCA	10	10	0
AGGCGTTTGCAAGGAC	1	1	0
AGAATCAATTGCATAT	7	7	0
CCCTCTTGTGGTTTCT	0	0	0
GAGGAGTGGCACCTCT	6	6	0
AGCTCCACCCCATCTG	2	1	1
CGTGTACAGGCGGTTT	1	1	0
AGGCAATATCCGTCCA	1	1	0
ATTTCCATGCCGGATT	14	14	0
AATAAGGACGTACCTA	2	2	0
ATCTTGGCTGAGGTCT	1	1	0
TACCTCCCACGTATAC	2	1	1
TATGTGAAACGTATAC	0	0	0
CTAGCACGACGAAACG	2	2	0
GTCAGGTTTTGAGGGT	2	2	0
GTCCTTGCTGAGGTCT	12	12	0
GCATCGAGTCGGTTCG	1	1	0
ACCCTCAAATACTCTT	1	1	0
CCAGACAGAGGTTGTG	6	6	0
ATCCTAGTGGGAGGTA	1	1	0
AAACACTAATGCGGAT	9	9	0
TACCTCCCGTGGAGCT	1	1	0
TACCTCCCTAACTACT	3	3	0
TCATACCAAGATGGCT	0	0	0
CAGACTCGGGAATAGA	1	1	0
ATTTCCATGTTTGTTT	1	1	0
TCATACCATTGTCGCC	2	2	0
AACAGCGGTTAGTCCG	0	0	0
ATCCGCATAATGTTTG	1	1	0
TAGTAGCCGTCAAAGA	1	1	0
GAGCGGAACGCTAATA	3	3	0
CGAGGCTACTCGATGC	1	1	0
ACGAATTCCGAGATGT	1	1	0
TGGACGGAGAGAGTAT	1	1	0
CTCTATAGGAAGTGCC	0	0	0
AGCAACGCGGCCCTTA	1	1	0
GTCAGGTTGCAGCATG	1	1	0
TGGGAATTCTGGTGCA	1	1	0
GGGATTACTGTAAAGG	1	1	0
AAGCTCCTCCGTGTTT	0	0	0
GCTACCGTAATCGGGT	1	1	0
AAACGTGAGGGCCAAT	1	1	0
CGGCTGTATTGGATCG	1	1	0
TCATAGCTCCCGACTT	1	1	0
ACGACGACCTCGCGTA	1	1	0
CAGACTCGCCAGCAGT	1	1	0
GCTTCTCCGAACGATT	1	1	0
CAGTTTAAAAATGTCG	5	5	0
ATCAATCGCTTACGGG	3	3	0
GTGCGAAGAGAAGTCC	2	2	0
CAAGGTACACCACGCT	1	1	0
TCGCAATCAAACTCGA	14	14	0
CTGCTAGATTTAACAG	1	1	0
TGCTGACGATTCAGTA	2	2	0
AGCTCCACTACAAACT	2	2	0
CCATGCATCGAGATGT	1	1	0
GGACTGGAGGAGAAGC	1	1	0
GGTGTCGATGGCTACC	1	1	0
CCACCTCTGATCGTTT	0	0	0
TGCCGGTAGCGTTGCT	2	2	0
AAACACTATAGAAATG	1	0	1
TCTTTGACACTCACCG	1	1	0
TACGCGAGTGTTCCAG	1	1	0
GTCAGACCGTTGCACG	1	1	0
CAAACATTCAGTTTGC	2	1	1
ACTCGGAATGCTCCGT	1	1	0
AAGCTCCTGAGAATTG	1	1	0
CGTGCAACATGTTGGC	0	0	0
ACATCTCGGATCTCGG	0	0	0
CACAAGTAAATGAATG	2	2	0
CTCCTCCATGGAGGAG	3	3	0
GCCTTGTGATGGAAAT	1	1	0
AACGATTTCGTCAGCA	2	2	0
AGTAGTTAGTGGATGG	1	1	0
GTGCGAAGTGACGGAC	2	2	0
ACAATCTTAGTGAAAG	1	0	1
GACACAAAAATTCCCA	9	9	0
AAAGCCCGAGAGGTGG	1	0	1
ACCCATGCATGGAAAT	10	10	0
AAACACTAAGAACGGG	1	0	1
TGCTTCATGTGGATGG	1	1	0
AACGCCAAGCCGGATT	1	1	0
AGGCCGAAACTGAGTT	6	6	0
TACCTCCCTCGACACC	1	1	0
CTGCTAGACGCTAGTC	1	1	0
GTCTTCCTCCTACTAG	1	1	0
AAGCTCCTGGCTACTA	3	2	1
AGTAATGGTGGAGGAG	5	5	0
TGCCGGTAGTCTCTCT	1	1	0
AGAAGCTTCAATTAGT	0	0	0
ATAAGCTAAAATCAGA	0	0	0
TCCGACACAAGTAATC	2	2	0
CTGTTGTGTTGAGGGT	2	2	0
GAAGATATGCAGGGTA	1	1	0
TAGGCTTTGGTCCCTT	2	2	0
GCCTTGTGTGGGATTC	0	0	0
ACCGTCGAGACAGATA	12	12	0
GTGTCACCAACTTAGC	2	2	0
TAACTTCTTTGAGGGT	2	2	0
CACTAACCCGAGATGT	2	1	1
ACATGGACTGATAACA	0	0	0
GCCAACATCTGGTGCA	2	2	0
CGACATTTGTTAACCA	1	1	0
ATCCGCATCACTTTCT	12	12	0
AAAGTCATCCAGCAGT	10	10	0
GTCAGGTTGCTTACCT	2	2	0
TACCTCCCAAGCTTCT	41	41	0
TACCCTGCGTGTCGGA	1	1	0
CCGTCTTAACGAAACG	1	1	0
GAATCCCACGAGTCTG	1	1	0
AGAATCAAATATACCT	1	1	0
AGCAACGCAGAGGTGG	4	4	0
CAACGCAGTGTAAAGG	4	4	0
CGTACCGATTCACATA	1	1	0
ATAACAGGCGGCTTAC	7	7	0
ACGAATTCATATCTTC	14	14	0
GCCAAAGCTCCAGTCC	1	1	0
AAACAAACTAACCCGT	1	1	0
ATTACCTTTACAAACT	1	1	0
GTTGTCCGTCTGTGGT	1	1	0
AATGGCGTCTTACGGG	3	2	1
GATTTCCCTTGTGACT	1	1	0
ACCACAGAAAGCGTAC	1	1	0
CTGAAGGGCTGAGTGC	1	1	0
TACCTAAGGAAAGACC	1	1	0
AATCGTTCCCGTGTTT	1	1	0
AGTTTGTAGGTGGGAT	1	1	0
AACGGTAGACCTTCTT	9	9	0
GACACAAAATGGAAAT	1	1	0
GAATGCGCAAATGTCG	1	1	0
ATCGCGCTTCGTCATG	0	0	0
CCGAGATCATGGATTA	0	0	0
ATCCCACCTGGAGGAG	3	3	0
ACCCTCAAAGAGGTGG	1	1	0
CCGTCTTACTTACGGG	1	1	0
ACTAATTGCGTATTTC	1	1	0
GGCTATAAGAGAATTG	1	1	0
GCAAACTGGCTCTAGT	1	0	1
CTCTATAGGCTTACCT	1	1	0
TAGATCAATTGAGGGT	1	1	0
ACGGAGCAGTTTGTTT	1	1	0
AATATGACCCGCAACT	3	3	0
ACCCATGCATTGGGCC	1	1	0
GTATTGACCCTGACAC	7	7	0
CGAAGAAGTGTACACG	1	1	0
TGCACCAGCCGTGTTT	0	0	0
AACTGCCTAGAGGTGG	1	1	0
GGCTTTGCCTAGATTG	2	2	0
TACCTCCCGATTGCGA	1	1	0
TCCAGAAGAATCGGGT	3	3	0
GCTTCTCCGTTGCACG	1	1	0
GCATCACTAAATCAGA	1	1	0
AACGATTTGGTTTCTC	8	8	0
TGCGACTAGAAGGCTT	0	0	0
AATGGCGTCGACGTCA	1	1	0
CAAGGTACAATTCCCA	3	3	0
AAACACGGGTTCAACT	1	1	0
TATGTGAATACTTGTG	5	5	0
TACCTCCCTTAGTCCG	2	2	0
AGCCATCTGAAGTGCC	2	2	0
ACCTGAAGGGCGGTTT	1	1	0
GAGCGGAAAGGAGCTT	1	1	0
CCATCCACTATTGCCT	3	3	0
CGTTGCCTCTGAGTGC	3	2	1
TCAGCCTCCACAACAG	2	2	0
AGTCCGTGCCATTTGA	1	1	0
TCCCTGGAACGCAGAG	1	1	0
AGCAACGCGAAGGCTT	1	1	0
ATCCGCATCCGTGTTT	0	0	0
TCTATTCCCCGTGTTT	0	0	0
TGGCTAGTAGCTACGG	3	3	0
AAGAACAGATCCGCTA	1	0	1
CGAACCGAAAACGCCT	2	2	0
TACTGAATTGCTATTT	0	0	0
TCTGATTTGCAAAGCC	1	0	1
AGTAATGGCCATTTGA	1	1	0
CTCACATCCTCCGCAT	2	2	0
GTCAGACCTGGCCTGT	1	1	0
TCGACTGCTTCGGCCT	1	1	0
ACTTCGCTAGGATTCA	1	1	0
GGACTTCTATATACCT	1	1	0
TATCTGTCAGAGGTGG	1	1	0
CTACGGGAAGATGGCT	0	0	0
CCACCTCTCTGGTGCA	2	2	0
CTGTCGCAATGACTTT	1	1	0
AACAGAACAGAACGGG	1	1	0
CGATCCAACTAGATTG	1	1	0
AGTGCTTCTTCCGAGT	1	1	0
TATCCACGCTTCGATT	1	1	0
GCTTCTCCTGGAGGAG	1	1	0
ACCCGATTTCATGAGG	1	0	1
ACCAACCCCAAGTCAT	1	1	0
ATACTCTCTGCTCCGT	12	11	1
AATACATCAATCGGGT	1	1	0
GCCTTGTGAGCGAAGT	1	1	0
CTCACATCGCTCTAGT	3	3	0
GATTAAAGGCAGGGTA	1	1	0
GTTCTGCTGGGAGGTA	0	0	0
CGTCGAATAAATGTCG	1	1	0
ACAAGTAGTGTCTTTC	3	3	0
AGACGAGGGAAGTGCC	1	0	1
GATACGCAAAATGTCG	2	2	0
AGCAACGCCTCCGCAT	1	1	0
GATGTGGCTCATCCTT	1	1	0
GTCAGGTTCTTGGTGT	1	1	0
ATATGGGTGGTGACAC	4	4	0
CTGCGATGCTGCGTTG	1	1	0
GCCAAAGCAGTGAAAG	0	0	0
AAACACGGTTAAACTG	1	1	0
CCCTCTTGCGTGGATA	3	3	0
AGGGTAAACGAACGTA	1	1	0
GTCAGGTTTGACGGAC	1	1	0
AGTAATGGCAAGTCAT	1	1	0
AACAAATGGTCGTCGT	1	0	1
AAAGCCCGCTAGATTG	1	0	1
CTGAGCGTATGGATTA	1	1	0
GATACGCAGTTACCGC	1	1	0
ATGCGGAGCTGAGTGC	1	1	0
AGCTCCACAATGTTTG	1	1	0
AACTCAGTTAAGACGG	4	4	0
GGCTATAAAGGAAGAC	2	2	0
AAGGATGAATGTTGGC	0	0	0
AACGGTAGATATCTTC	10	10	0
CCTCATGACGAGTCTG	1	1	0
CGTGGGATAGGAGCTT	1	1	0
TCCGCTGTAACTTAGC	1	1	0
CTAGCACGTCCAGTCC	1	1	0
ACAAGTAGTTTACCCT	1	1	0
ATCTTGGCCTTACGGG	1	1	0
ATGTGCCGCGCTCTCA	1	1	0
CTCTATAGGTTTACGT	1	0	1
TACCTCCCGCGTTGCT	1	1	0
AGAGAGACAGGAAGAC	1	1	0
ATTGGCCCGTATGAGT	1	1	0
ACCCATGCAACTTAGC	8	8	0
ACCTGAAGGCATGGGT	2	2	0
CTTTCACTCCCATCTG	8	8	0
TGCTGACGGTTACCGC	1	1	0
GGTAGCCATTGCACGC	5	5	0
ATATGGGTGGCCTAAG	2	2	0
ATTTCCATCTCCGCAT	1	1	0
ACGAATTCGTTTGTTT	3	3	0
TGGTTAACTACCAGGC	1	1	0
ACCTTCCCCGTATCGG	2	2	0
ACCGTCGAGGGAGGTA	1	1	0
TAATGTGGCGCTAATA	5	5	0
CAGACTCGCGCTCTCA	1	1	0
TATCTGTCCGAACGTA	1	1	0
ACCTGAAGCCATTACT	1	1	0
TCTGATTTTCGGTTCG	1	1	0
ACGAATTCAATGTTTG	13	12	1
ACATCTCGTTGGATCG	1	1	0
TCGACTGCTGGAGGAG	2	2	0
CTGCGATGCTTTCTTT	1	1	0
ACGGTTGGGGTTAGTG	2	2	0
GAGTGTACTCATGAGG	1	1	0
CTAGACTACCAACCGT	5	5	0
CCTTTGTCGCCTCTTT	1	1	0
ACTTCGCTATCAAGTG	0	0	0
CGATCCAACCTACTAG	1	0	1
ACTTCGCTGGCCTAAG	2	2	0
ATTATTCGTAGTCTAG	2	2	0
TACCCTGCTTGTCGCC	5	5	0
AACTGCCTTTGTGACT	1	1	0
ACGAATTCTTATCTGT	1	1	0
ACGACGACTGCCTCAC	1	1	0
AAACACTATACTTGTG	1	1	0
TGCACCAGGCCACATC	1	1	0
TCCTATATGGGTTGGT	1	1	0
ACGGGTTATCATGAGG	1	1	0
CCCTGTTTGTTTGTTT	3	2	1
TCCAGAAGAGGTTGTG	1	0	1
CATGACGAGGGAAGGT	1	1	0
CGTGCAACGTCTCTCT	1	1	0
ATCAATCGACCCACGA	1	1	0
CTGTGACCCCCGAATG	1	1	0
CCACCTCTATCTTTGT	0	0	0
GCTATGGGGGCCCTTA	1	1	0
CGAACCGATGCCTCAC	0	0	0
AGTCCGTGATGTTGGC	1	1	0
ACTAATTGCCATTTGA	1	1	0
AGGGTAAAGACAAAGG	2	2	0
GTCAGGTTCAGTTTGC	1	1	0
TAGTAGCCAGGTTGTG	1	1	0
CAAGGAATCGAGTCTG	0	0	0
AGAGGTGCAGTTTAGA	1	0	1
CCCTTGCAGGGAAGGT	2	1	1
GATTAAAGGAGCCCAT	1	1	0
CAATTCTCGGCGTTAG	2	2	0
AACAAATGTCATATGG	1	1	0
TGGGAATTACCTTCTT	1	0	1
ACGTAAACTACGTGCT	1	1	0
ATTGAAGTCTTACGGG	2	2	0
GTTCTGCTAGGTTGTG	1	1	0
CTCACATCAGGTTGTG	3	2	1
AACAAATGATGTTGGC	15	14	1
AAAGTCATAATCGGGT	0	0	0
AGTAATGGCAGATTAC	1	1	0
ACTACCCGCACAACAG	1	1	0
TGAGCACACTGTTCTT	1	1	0
ATTTCCATCATTTGTT	1	1	0
ACTGCTGGTTGCATAT	3	3	0
ATAGATGTTGGAGGAG	0	0	0
CTTAGTGTAAACAGGG	1	1	0
CACTAACCCAGGTGTC	1	1	0
GTTACTAGGGGTTGGT	1	1	0
CGATGGCAGCTCTAGT	1	1	0
AGAGGTGCTAGTGTTT	10	10	0
CGGACTAATTCACATA	2	2	0
GGAACGAACAAGAGGG	1	1	0
GACACCTGTAACTACT	2	2	0
GAAGATATGGATAAAG	2	2	0
AATCGTTCCTTACTCC	1	1	0
CCTACGCTAGCGCGAT	1	1	0
TGGGAATTCCATTTGA	1	1	0
ACCAACCCAGGTTGTG	1	1	0
TGGGAATTTTGTCGCC	1	0	1
GGAAGTCCTGATGCCC	1	1	0
CATGCTGCCTCTTGAC	1	1	0
ACCTTCCCTACAAACT	1	1	0
ATAGATGTCTACTTGT	4	4	0
ACGGTTGGGATTGCGA	1	1	0
CTCACATCATCCCACG	1	1	0
GTGTCACCGGGAAATC	10	10	0
AGGTTCCCTCCCGTAG	3	3	0
ACCTTCCCCTTTCTTT	1	1	0
CACTAACCAGCGCGAT	2	2	0
AAAGAGGCCCATTACT	1	1	0
ACCCTCAAATGACCGA	1	1	0
GAAGATATCAAGTCAT	1	0	1
ATCAGGGAAGGAAGAC	2	2	0
TCATAGCTGATGTGAG	1	1	0
AAGAACAGAGCGCGAT	2	2	0
ATATGGGTAAACAGGG	1	1	0
ATTATTCGGTCAATAC	1	1	0
ATTATTCGGCTTACCT	1	1	0
GGGATTACGGGAACGA	1	0	1
CTGCTAGAAAACCTCC	1	1	0
AGCATGCCAGCAGAAC	1	1	0
ATTGGCCCGTTGCACG	2	2	0
CGTGTGTTGCAACCTG	8	8	0
GTGTCACCAGGTTGTG	1	1	0
ACCAGTTTTCTGCATC	1	1	0
GAAGATATTAGTGGAC	3	3	0
CTTTGGACTTCCGCTC	7	7	0
CTGCGATGTCATGAGG	1	0	1
GTCAAGAGGAGAATTG	0	0	0
TCCAGAAGTTTGGGAG	1	1	0
GATTACTTTAGTCGCA	1	1	0
AAGTCGGGTGGAGGAG	2	1	1
GAAGATATAGTGAAAG	3	3	0
AAACTGTGGCGTTGCT	1	1	0
TACCTCCCGAGTTCAC	1	1	0
ACTCATACAAACTCGA	2	1	1
CGTGGGATTTGCACGC	0	0	0
GCTTCTCCGTTCTGTT	1	1	0
CACTTGATTCACGTTT	2	2	0
AGGAGTCGGGCGTTAG	1	1	0
GTACGGACCCATTTGA	1	1	0
CCTTTGTCAGAACGGG	1	1	0
CATGACGAGAGGCTGA	1	1	0
AATCCGGCATACTCTT	2	2	0
CGTACCGATCACCGAG	1	1	0
AAGTATTGCTGCGTTG	1	1	0
TAGGCTTTTTATCTGT	1	1	0
AGTAATGGGAACGATT	1	1	0
AACGGTAGGAAGGCTT	1	1	0
TCCGCTGTTGAGGTCT	1	1	0
ACTTCGCTGCTCTAGT	2	2	0
GAGGAGTGTTGATCTA	1	1	0
ATCGCGCTCACAACAG	1	1	0
TGGCTAGTAGCGTAGG	1	1	0
TACCGCTCCGATTGAT	2	1	1
CCCGTTCTACGAAACG	1	1	0
GATTGGGACCTGACAC	0	0	0
CTCCTCCAACGTATAC	2	2	0
GCGTGCAATTGAGGGT	1	1	0
AGAAACCACCAGCAGT	9	9	0
GCTTCTCCGGCGGTTT	1	1	0
AACTCAGTGTCTCTCT	1	1	0
CCATCCACGGTGGGAT	1	1	0
AAACCGCCGGGAGGTA	3	3	0
ACTAATTGAAACTGGT	2	2	0
AGTTGAACACGAAACG	0	0	0
GTCCACTAACGTATAC	1	1	0
CTGCGATGAAGCTTCT	2	2	0
CTCCCAAAGGTCACAG	1	1	0
ACTGGTCAGATGTATT	2	2	0
GTATACGTGAGAATTG	2	2	0
ATCCGCATTCCCGTAG	4	4	0
AGCATGCCGAAGTGCC	2	2	0
CATTCGGGCCAGCAGT	1	1	0
AAACGATCAGGCAGTT	1	1	0
AGTAATGGCGGGCTTT	0	0	0
CCATGCATATTGGGCC	0	0	0
GGACTGGATTGTTTAC	0	0	0
AACAGAACGAAGGCTT	2	2	0
AGCAACGCCGTAGAAG	1	1	0
AAAGAGGCGTGGAGCT	1	1	0
ACCAAGGGACGAAACG	1	1	0
AGTTGCGGTGGTATGA	1	1	0
ACCGTCGATTAGTCCG	2	2	0
TCTGATTTATGAAGCA	0	0	0
AAGTGAGAAGAGGTGG	2	2	0
GTGTCACCACGCAGAG	2	2	0
GTTGTCCGGAGCGGTA	1	1	0
GAAATACGTCCGTCCA	2	2	0
ACCAACCCTCTGTGGT	2	2	0
ATATGGGTTTGAGGGT	8	8	0
TACGCGAGAGATGGCT	8	8	0
CGTGTGTTCGTGGATA	1	1	0
GTGTCACCGCCTCTTT	2	2	0
AATGGCGTTCGGTTTA	1	1	0
GAAGATATGTTTGTTT	3	3	0
GTGAGGCATCTAGCAG	1	1	0
GGGATTACTTGGATCG	1	1	0
ATCCCACCGTCCATGT	2	1	1
CTAGCACGGTCTCTCT	1	1	0
CTTTCACTAATCGGGT	1	1	0
CGTTGCCTGGAATAGA	2	2	0
CAAGGTACCTAGATTG	3	3	0
TGCTGACGGCGTTGCT	2	2	0
TCGTTCCCAGGCAACG	1	1	0
TACTGAATGGCTACTA	1	1	0
TCCGACACCACAACAG	2	2	0
ACTAATTGGGTCTGAC	2	2	0
CGTTTCGTAACCTGAC	4	4	0
GGTTAGGGGGCTACTA	1	0	1
CTGCTAGACCCATCTG	1	1	0
AGAGAGACATATGCAT	1	1	0
GGGATTACGTCTCTCT	1	1	0
ATGTGCCGAAACAGGG	3	3	0
CAAGGTACGCCGGATT	1	1	0
ACCCTCAAAGGTTGTG	1	1	0
AGGACACAGTACCTTG	0	0	0
AGGTTCCCGGTGGGAT	11	11	0
ATTGAAGTTTATCTGT	1	1	0
AAACAAACATGCATGG	8	8	0
CCGGAAATATGCATGG	1	0	1
CCACGTTGCAGATTAC	2	2	0
CTGTCGCATTCGCTGG	1	1	0
TGAGAGCGCTGCGTTG	0	0	0
AACAAATGCTGCGTTG	1	1	0
CCGACTTTGGGTGTAT	5	5	0
GAAGATATCCCGAATG	1	1	0
GTCAAGAGCCGTGTTT	4	4	0
ATGGTCTGATATCTTC	1	1	0
AAACACTACAACAAAT	1	1	0
CTGTGACCAAACTGGT	1	1	0
ACTCATACACGTATAC	1	1	0
ACTGGTCACTTACGGG	1	1	0
CTGCTAGAAAACTCGA	2	2	0
GAGGGTCAATACTCTT	3	3	0
GTATTGACTTCACATA	18	18	0
ACAAAGATCTTACTCC	1	1	0
GCCAACATGTGTCGGA	8	8	0
GGGAGATGCGTCAGCA	1	1	0
GGTTGAGAGTCCATGT	6	6	0
AAGGGACCTGAGGTCT	0	0	0
CCATGCATGAGAATTG	1	1	0
CTGAGCGTAATCGGGT	0	0	0
ATCCCACCAAATGTCG	2	2	0
CGGACTAAGGTCCCTT	0	0	0
GTGTCACCATGACTTT	1	1	0
CGATGGCATTAAACTG	0	0	0
ACCAACCCCCATTACT	2	2	0
TATCCACGCCCTAACC	1	1	0
GATTAAAGATCCGCTA	1	1	0
ATTTCCATCCCTAACC	0	0	0
GCGGTAACGTTCAACT	1	1	0
AGCACGTAGGGAGGTA	7	7	0
TACCGCTCAGCAGAAC	2	2	0
CAACGCAGAAGCGTAC	1	1	0
ATGACTTGTCTGCATC	1	1	0
CTCACATCCGTCAGCA	1	1	0
TAATCCATTGTTCCAG	1	1	0
ACCAACCCCGTAGAAG	1	1	0
AAACGATCGAGAATTG	2	0	2
ATTTCCATTTAGGACC	1	1	0
AACGATTTAGAAGTTA	2	2	0
GACTAGCGGAAGTGCC	1	1	0
TACGCGAGGGGAGGTA	1	1	0
GTGTCACCATTTCCGG	2	2	0
AAACAAACGACAAAGG	1	1	0
ACCTTCCCGAGGCTGA	3	3	0
GGCAAGGTCTAGATTG	2	2	0
CGTGCAACCTGAGTGC	1	1	0
GCTTCTCCTGTTTGAG	1	1	0
CCCGTTCTCACTTTCT	2	1	1
AGCCATCTAGCTACGG	2	2	0
CGAAGAAGATGGGCAC	1	1	0
ATCCGCATATATACCT	5	5	0
ATAAGCTACTAGATTG	1	0	1
AAGTATTGAAATGTCG	1	1	0
TCATAGCTCCATTTGA	1	1	0
CAGACTCGGGTGACAC	14	13	1
AACAGAACAGCGCGAT	11	11	0
GTCAGACCAGCGCCTT	1	1	0
GTATTGACGAGTTTCG	1	1	0
CATGCTGCTCACGTTT	1	1	0
AGAATCAACGAGATGT	1	1	0
CCATATGACCTATTCA	1	1	0
CACTTGATATCTTTGT	1	1	0
TAGCGGATATTCAGTA	5	5	0
ACAAAGATTACGTGCT	1	1	0
AACAGCGGAAACAGGG	0	0	0
TGTTATCATGGTTTCT	4	4	0
CGGCTGTAATATGCAT	1	1	0
GCACTCAGGGACTTCC	1	0	1
ACCCTCAAGGCGGTTT	6	6	0
ACATCTCGTTGATTCT	6	6	0
ACGACGACCGCTCTCA	1	1	0
AACAGAACAGGAGCTT	1	1	0
ATGTGCCGCCTATTCA	1	1	0
ACCAACCCTGACCAGT	6	6	0
GAATGCGCTCATCCTT	5	5	0
CCATATGAGTGGAGCT	7	7	0
CTGAGCGTATGGGCAC	2	2	0
CTCCCAAATAAGACGG	5	4	1
GGCGACAATGGTTTCT	1	1	0
ACACCAAGTCGAAGCT	1	1	0
AAAGAAAGACGAAACG	1	1	0
ATAACAGGATCCGCTA	1	1	0
GCCTGGTAGTTACCGC	3	3	0
AAGGATGATTCACATA	0	0	0
CTAGACTAACAGCGGA	1	0	1
AATATGACTAGAAATG	1	1	0
CTGCTAGATTGGCGTT	0	0	0
TGACGTCGTAAGACGG	1	0	1
AAGCCTTCCCGCTGTT	1	1	0
GTGTCACCGCCACATC	3	3	0
TCATAGCTGTGTCGGA	1	1	0
GGTTGAGAAAATCGTT	1	1	0
ACGTAAACTCGGTACG	1	1	0
GTGAGGCAGGTTAGTG	1	1	0
CAACGCAGGAGAATTG	0	0	0
GGTTACACAGGCAACG	2	2	0
CTTAGTGTAATCGGGT	2	2	0
TGCTGACGAGGCAGTT	1	1	0
ATTTCCATCCATTTGA	2	2	0
ATGACTTGGTTAACCA	1	1	0
TCAAGGCGGGGAACGA	1	1	0
AGCACGTAGGCGGTTT	4	4	0
AGTTGCGGCACAACAG	2	2	0
GACACAAATGGTTTCT	1	1	0
ACCACAGATCGACGGT	5	5	0
GGCGACAACCGCTGTT	1	1	0
GTGTCACCGAGTTTCG	7	7	0
TCTATTCCAGGTTGTG	2	2	0
CGATGGCATACAAACT	1	1	0
CTCACATCCCCTTCAG	5	5	0
GTGCGAAGCGGGCTTT	1	1	0
AGTAATGGAAACTGGT	1	1	0
AAACCGCCATGAAGCA	1	1	0
TGGCTAGTAGCACCAC	1	1	0
GACTAGCGTTTGGGAG	1	1	0
CTGCGATGCTCGATGC	3	3	0
ACGGGTTAAGGCAACG	1	1	0
ACGGTTGGATATGCAT	1	1	0
GTCAGGTTCAACGTGG	3	3	0
TACCGCTCCTGGTGCA	1	1	0
GAGTGTACTCGGTTCG	1	1	0
GCAAACTGTTGATCTA	5	5	0
CTGTTGTGTAACCCGT	1	1	0
GACTAGCGTATTGCCT	1	1	0
TCAGCCTCGGCGGTTT	1	1	0
GTCTAATCAGGAGCTT	1	0	1
GGAACGAAGCAGGGTA	1	1	0
GAGGAGTGAACCTGAC	8	8	0
CTCCCAAACGCTAATA	1	1	0
GTATACGTCGTAGAAG	1	0	1
AAGTCGGGGTTGCACG	1	0	1
GGCGACAATCCCGTAG	1	1	0
ATTTCCATACTAGCCA	1	1	0
GTGATAAAGTTGTCAT	1	1	0
GATACGCAGTTTGTTT	2	2	0
ACGAATTCGTGGATGG	4	4	0
GTGTCACCTTGCACGC	1	1	0
GTCAGACCCTTACGGG	3	3	0
ATTTGTTGATATGCAT	4	4	0
AAGTCCAAATGGATTA	4	4	0
AGGTTCCCTGGTATGA	1	0	1
AAACTGTGACGCTCAG	1	1	0
AGCTCCACTTCCGCTC	2	2	0
AATCGAAGGTTTGTTT	1	1	0
CGAACCGAAAATCAGA	1	1	0
TGAATCCTGCCAAGAT	2	2	0
GGTGTCGAAAACAGGG	0	0	0
AGTAGTTAACTCACCG	3	3	0
CAAGGTACATACCCAG	1	1	0
ACTAGAGCATATCTTC	1	1	0
AAGAAGGTCCATTACT	1	1	0
TACCGCTCGGTCTGAC	1	1	0
ACGACGACAAATGTCG	1	1	0
CAAGGTACCTTCTTCG	12	10	2
GCCTGGTAGATCGTTT	1	1	0
ACGAATTCCGCTAATA	1	1	0
GAATGCGCAGTGAAAG	1	1	0
AGCAACGCAGGAAGAC	2	2	0
AATCGTTCGGAATAGA	1	1	0
CATTTCTACGGCACAT	0	0	0
CGATGGCACACAAGGC	0	0	0
GTTCTGCTTTGGATCG	0	0	0
ACGGTTGGGACAAAGG	1	1	0
ATATGGGTAAGCGTAC	3	3	0
CGAAACTCCTTACGGG	1	1	0
CGGCTGTAGGCGGTTT	0	0	0
CCTCATGAGCTCTAGT	1	1	0
CCACCTCTGAGAATTG	2	2	0
GTCAGGTTCTGTCTGG	2	2	0
GGACTTCTGGCCTAAG	3	3	0
AGGCGTTTTTGAGGGT	4	4	0
GCGGTAACCGTCAGCA	1	1	0
GAAGATATAGCGAAGT	2	2	0
AACAGAACAAGTAATC	1	1	0
TCATTTCAGACAAAGG	0	0	0
CGGCTGTATTCACATA	1	1	0
GAGGGTCATTCGGCCT	9	8	1
ATCCTAGTCGAACGTA	4	4	0
AAGCTCCTGAGAGTAT	1	1	0
ATTTCCATGGTTAGTG	2	2	0
AGCTCCACCCGTGTTT	5	5	0
TGGGAATTATATCTTC	0	0	0
CAAACATTGCGTTGCT	4	4	0
GTGGTGCTGAAAGACC	3	3	0
AGAATCAATGGTATGA	1	1	0
CCTTTACATCGACGGT	1	1	0
CTGTGACCCTTACGGG	1	1	0
TGGGAATTGGTGGGAT	1	1	0
CCTCATGAGTCCATGT	1	1	0
TACCTCCCCCGCTGTT	12	12	0
GCCTTGTGATATACCT	1	0	1
GCGTGCAATGACCCTC	1	1	0
AAGTGAGATCGACGGT	13	12	1
ATTGAAGTATATACCT	1	1	0
ACCAGTTTGGCGGTTT	3	3	0
AATACATCCCTATTCA	1	0	1
CTGAGCGTTTATCTGT	1	1	0
CGATCCAATACCGGCA	1	1	0
CTCCTCCACAGGTGTC	12	11	1
GAAGATATTCGGTACG	1	1	0
AAGTATTGGAAGTGCC	2	2	0
TAGTCTCTATACCCAG	1	1	0
TGACGTCGGTTTGTTT	1	1	0
TACTGAATGTCCATGT	4	4	0
GACACAAAGCTTTGGC	2	2	0
AGCACGTATGCCTCAC	1	1	0
GTCCTTGCAACCTGAC	1	1	0
ATCCCACCTGGCTACC	1	1	0
AGAGGTGCAGGCAACG	1	1	0
GACTAGCGTACGTGCT	1	1	0
ACGACGACGGCGGTTT	1	1	0
CACTTGATTCTCAACC	1	0	1
CCGAGATCTACCGGCA	1	1	0
ACAATCTTAAATCGTT	5	5	0
GCTTCTCCCGAGATGT	1	1	0
AGCAACGCCTGAGTGC	2	2	0
ATGCATATAGCAGAAC	1	1	0
CAGATGGGGCATGGGT	1	0	1
AAGGATGATATTGCCT	1	1	0
TACGCGAGGGTCCCTT	1	1	0
AGAATCAAGCCTCTTT	1	1	0
GGAGGTTTAGAACGGG	5	5	0
AAAGAAAGTTGTGACT	1	1	0
CACAACCTGCCTCTTT	1	1	0
ACCGTCGACTTACGGG	1	1	0
ATACTCTCGATCGTTT	1	1	0
GGATTGTTGAAAGACC	1	1	0
GGTTGAGAGAGTTTCG	1	1	0
CCGAGATCAGGAGCTT	2	1	1
GTGTCACCGGGAACCT	2	2	0
AGTTTGTATTTAACAG	1	1	0
CCATCGTCCCGCAACT	1	1	0
GTACGGACGCTTTGGC	0	0	0
CAATTCTCAAAGCCTA	6	6	0
CGATGGCAAGCGCGAT	0	0	0
AAACACTAGATTGCGA	1	1	0
AGGCGTTTTTAAACTG	1	1	0
GGTGTCGAGCTCTAGT	1	1	0
AAACCGCCGGTTTCTC	1	0	1
ACCCATGCCTAGTAAC	1	1	0
GGTAAATCCGAGATGT	1	1	0
AATGGCGTTGGTATGA	3	3	0
ACGGCAGTCAGTCCCT	1	1	0
CAAACATTGGTCTGAC	1	1	0
CTTTCACTAGGAGCTT	1	1	0
GGCTTTGCACGTATAC	1	1	0
CTGTTGTGGAACGATT	3	3	0
ACGACGACGAGTTTCG	1	1	0
TACGTTCGAATCGGGT	1	1	0
ATTATTCGCTGAGTGC	1	1	0
ACTTCGCTGGACTTCC	1	1	0
TCTTTGACTACAAACT	1	1	0
AAACGTGAAGAAGTTA	2	2	0
ACGCTTAAGAAAGACC	0	0	0
AAACGTGACTAGATTG	1	1	0
CTGTGACCTTCCGCTC	1	1	0
CCTCATGAAGCGTAGG	2	1	1
CCTATTTAATCTTTGT	1	1	0
AGAGAGACAAATGTCG	1	1	0
ACTGCTGGGAGTTTCG	1	1	0
TGCTTGGGCCCGAATG	1	1	0
CCTACGCTCGCTAATA	1	1	0
ATCAGGGACCCGAATG	1	1	0
ACCCATGCCTCGCGTA	26	26	0
TAGGTACGAGGAGCTT	2	2	0
GGTAAATCTTGGATCG	1	1	0
ATATGGGTATGTTGGC	1	1	0
GAAATACGCTTACGGG	3	3	0
TGCTGACGTAACTACT	1	1	0
GGACTGGACCATTACT	1	1	0
CCATCCACATGTTGGC	1	1	0
AAACCGCCCCTATTCA	1	0	1
TACCTCCCCTGTCTGG	2	2	0
ACGGAGCATGCTATTT	1	1	0
GGCGACAAGACGATGG	1	1	0
CGAACCGATGAGGTCT	6	6	0
GCGTATTCCTTCGCAC	1	1	0
ACCAAGGGGCATGGGT	1	1	0
GGTCCTAAGTATGAGT	1	1	0
CTAACGCCGGGAAGGT	1	1	0
AGCCATCTCTCGATGC	0	0	0
CGTGTACATGTACACG	2	2	0
GGATTGTTCGTGCTAG	1	1	0
TGCGACTACCGTGTTT	0	0	0
GTGTCACCGGTCTGAC	2	2	0
CCATCGTCACTCACCG	1	1	0
CCACCTCTGAGCGGTA	8	8	0
GAGGGTCATCTGTGGT	2	1	1
GGTTAGGGGGACTTCC	1	1	0
GGACTTCTCACAACAG	2	2	0
AAGGATGAGGATAAAG	2	2	0
TGCCGGTAAAATGTCG	1	1	0
GCATCGAGCGAGATGT	1	1	0
CCTTTGTCATCAAGTG	1	1	0
CAGGTTGCGGTCACAG	1	1	0
AAAGAGGCTAGCCTCG	1	1	0
ACCGTCGAGGCCCTTA	1	1	0
GGGTCATTATACCCAG	1	1	0
GTGTCACCATACCCAG	6	6	0
CTAACGCCAGCTATGA	20	20	0
AACGTTACCCAGCAGT	1	1	0
ATTGGCCCGGAGAAGC	1	1	0
CGAAGAAGAGCGCCTT	1	1	0
AACAGAACTGACCCTC	1	0	1
AGGCAATAGTACACTC	0	0	0
TAGCGGATCTGTCTGG	1	1	0
ACCTGAAGTGAGGTCT	1	1	0
GTCTGGAATTGAGGGT	1	1	0
CCCGTTCTATGAAGCA	4	4	0
GTATTGACGTTCAACT	1	1	0
GAGGGTCACTTGGTGT	1	1	0
GTCTTCCTACTAGGAT	1	1	0
GAAGATATCGGACAAC	2	2	0
ACCAAGGGCCTACTAG	1	0	1
ACCAAGGGCTTACGGG	2	2	0
AAGAACAGGACAACTT	2	2	0
ACCTGAAGTGTTTGAG	1	1	0
CTCCTCCAGGTTAGTG	1	1	0
GCATCACTGAAAGACC	4	4	0
TGACGTCGGGAAACAG	1	1	0
AAACAAACGGGAACCT	1	0	1
CAGACTCGTTGATTCT	1	1	0
CCGATACGTAGTCGCA	1	1	0
ATTGGCCCAACCTGAC	1	0	1
ATCCCACCCCTCGTCT	1	1	0
GGAGGTTTGTCCGTAC	11	10	1
ACCCTCAAGCAGTCGA	1	1	0
ATTTGTTGCTACTTGT	1	1	0
ACCCTCAAAGGCAACG	1	1	0
GGCGACAATTGTTTAC	9	9	0
GTGTCACCTTGAGGGT	1	1	0
ATCGTAACGTGGATGG	9	8	1
ATTTCCATTAAATAGG	3	3	0
TATTAGCGCTGCGTTG	0	0	0
ATTCTGAGATATACCT	1	0	1
GGAGTAAGAGCGAAGT	9	9	0
AAGTCGGGAGCACCAC	3	3	0
CCGACTTTGGAAACAG	0	0	0
TGTTATCACGTGCTAG	5	5	0
GATTTCCCAGAAGTTA	1	1	0
AAGAACAGCTACGAGC	1	1	0
AATCCGGCTTGGATCG	2	2	0
CATTCATTGCTCTAGT	1	1	0
CACTAACCAGATGGCT	1	1	0
AACGATTTTAGTCGCA	9	9	0
CAGACTCGAAGATTGT	1	1	0
AGTAATGGCCCTTGGT	1	1	0
TCAAGGCGCCTGACAC	1	1	0
GCTTCTCCATATACCT	1	1	0
TCATTTCACAGTCCCT	5	5	0
AGCTCCACCGACTCCT	1	1	0
GGACTTCTTGCTATTT	1	1	0
AGACCTCATAAATAGG	2	2	0
ACATGGACTGGAGGAG	1	1	0
CGTGCAACTGCCTCAC	1	1	0
ATCAATCGCCCATCTG	1	1	0
CGAAGAAGGTCTCTCT	1	1	0
ACGGCAGTGTCCATGT	1	1	0
CCCTCTTGGTTGCACG	1	1	0
TACCGCTCAGGAAGAC	1	0	1
CTGTGACCTCTAGCAG	1	1	0
TACCTCCCGGTGACAC	1	1	0
GTACGGACCTCTTGAC	1	0	1
TCGAGTTTGGATAAAG	0	0	0
GCGCTGATAGGAGCTT	1	0	1
TCTGATTTGGGCCAAT	1	1	0
AGTAATGGCTCGCGTA	1	1	0
GACTAGCGCTGCGTTG	1	1	0
ACGGCAGTAATCGGGT	5	5	0
CCCTTGCATCATATGG	1	1	0
AAGAACAGAGTTTAGA	1	1	0
CAGGTTGCGTTTGTTT	1	1	0
TACCTCCCCTATAGAG	2	2	0
CCATATGACTAGATTG	1	1	0
GGCTATAATGGTTTCT	1	1	0
CTGAGCGTCGGACAAC	12	12	0
GGACTTCTACCCACGA	2	2	0
AGGTTCCCTTTGGGAG	1	1	0
AAACAAACCGCTAGTC	1	1	0
AAGTCCAATGGAGGAG	1	1	0
ATCAATCGCTTTAATC	1	1	0
GGTCTTTCAAATCGTT	2	2	0
AACGCCAATGATGCCC	0	0	0
CTGGAACACACAGTTT	1	1	0
ATTTCCATCCTACTAG	3	3	0
GTGATAAAAAGCGTAC	1	1	0
ACGACGACGTTGTCAT	1	1	0
AGTAATGGTCGGTTTA	3	3	0
ATGTGCCGAGGTTGTG	1	1	0
AGGCGTTTTTTGGGAG	5	5	0
AAACACGGACATCTAT	2	2	0
GACACAAAAGGAGCTT	1	0	1
TGCACCAGTTGAGGGT	2	2	0
ACTGCTGGCTTCGATT	1	1	0
TCGGTCATCGCTCTCA	8	8	0
ATTGGCCCCTACTTGT	1	1	0
TCATACCAATATACCT	1	1	0
ACTGGTCATCCTTATT	1	1	0
ACGGTTGGTTGTCGCC	3	3	0
AGTCCGTGTTAAGCGT	2	2	0
CCGTAGCTACCCACGA	3	3	0
CCATCCACTCTCACTT	8	8	0
TCGACTGCGCCAAGAT	3	3	0
AATATGACGCTTACCT	1	1	0
ACAGATAACTGTTCTT	1	1	0
AGCAACGCAAACGCCT	1	1	0
ATTTCCATTCCCGTAG	1	1	0
CTGTTGTGCGTGGATA	2	2	0
GTCCTTGCAGATGGCT	1	1	0
GAATCCCACGTGGATA	3	3	0
CCTACGCTCTGGTGCA	1	1	0
GCCAAAGCAAATCAGA	1	0	1
CAGGTTGCCGCTAGTC	2	2	0
CTTTATCCCCATTTGA	4	4	0
ATTGGCCCGCACCTCT	1	1	0
CTCAAACAATCCGCTA	2	2	0
GCGTGCAAGGCGGTTT	1	1	0
GCGTGCAAGTTGCACG	1	0	1
TACCTCCCGCTCTAGT	3	3	0
CCTCATGAAGAGACTA	1	1	0
GGGATTACCGGGCTTT	0	0	0
AAGCTCCTTCCCGTAG	1	1	0
TAGCCACAAAACTCGA	1	1	0
ACCAAGGGGTGTCGGA	1	1	0
TACCTCCCGTTTGTTT	1	1	0
AAAGTCATTAGTGTTT	1	1	0
GCGTATTCTGAAATGA	1	1	0
CAGGTTGCGGGTGTAT	1	1	0
TACCCTGCAGGAGCTT	1	1	0
ACAAAGATGAGCGGTA	1	1	0
TCTAAACTGAACGATT	1	1	0
TGACGTCGATATACCT	1	1	0
GCCAAAGCGACAGATA	1	1	0
TGGACGGATTGGACTT	1	0	1
ATGCGGAGGACAACTT	1	1	0
GCTAAGTTTTGAGGGT	4	4	0
TCGTGGGTACGTATAC	4	4	0
CTCTATAGTAACCATC	1	1	0
AAGGATGAATCCGCTA	1	1	0
GTCAGGTTATGACCGA	1	1	0
TAAACCGATTGTGACT	1	1	0
GGGTCTAGGTTTGTTT	1	1	0
GGTCTTTCGGTGGGAT	1	1	0
CAACGCAGCATTTGTT	1	1	0
ACCCTCAACGCTAATA	1	1	0
GTACGCTTAGATGGCT	1	1	0
AAACGATCAACCTGAC	1	1	0
AGCGTGGTCTAGACCC	0	0	0
AATCGTTCCACAACAG	1	1	0
CCATGCATGCACCTCT	1	1	0
CCACCTCTGGCATGCT	1	1	0
CTTTCACTCGAGATGT	2	1	1
CGGTGAGTTCATGAGG	8	8	0
TACCTCCCGTATGAGT	2	2	0
GGCAAGGTATATACCT	4	3	1
TACCTCCCGACAGATA	2	2	0
CGTGTACAATCAGCGC	1	1	0
TGAGAGCGAGGTTGTG	1	1	0
AGCCATCTTCCAGTCC	1	1	0
TGGCTAGTGGATAAAG	1	1	0
TAACTTCTGGATAAAG	1	1	0
GTACGGACCATTTGTT	1	1	0
TCTATTCCGGGAAGGT	0	0	0
TCCGCTGTTGGTTTCT	1	0	1
GGGAGATGGTCCGTAC	0	0	0
TACCTCCCTCCCGTAG	1	1	0
GTCTTCCTCTAGATTG	0	0	0
TACGCGAGCTCTTGAC	6	6	0
GTGCGAAGGTTCAACT	1	1	0
AACTCAGTGAAAGACC	1	1	0
GTTCTGCTGAACGATT	5	5	0
GGCTATAAGGGAGGTA	1	1	0
AGCGTGGTCTGAGTGC	1	1	0
AATCGTTCTGTGGCTA	1	1	0
ACAATCTTTTGGATCG	1	1	0
GCTCGTAGAATGAATG	0	0	0
TCAAATGGCTGCGTTG	2	2	0
ACGGTTGGAGCGTAGG	1	1	0
ACCTTCCCAAAGCCTA	1	1	0
AAGAGTATATATCTTC	1	1	0
TCAGCCTCAGCGCCTT	2	2	0
ATGCGGAGGCCGGATT	0	0	0
CTAACGCCCTTACGGG	1	1	0
GTACGCTTATATACCT	1	0	1
CGAACCGAATCAAGTG	3	3	0
CTGCTAGACTCAGAAT	1	1	0
CCACGTTGATCAGCGC	1	1	0
TACCCTGCAGCACCAC	1	1	0
GCCTTGTGAATCGGGT	1	1	0
AATAAGGATGTAAAGG	1	1	0
GTGTCACCTGACCCTC	3	3	0
AACAGCGGTTGGCGTT	0	0	0
CGAAGAAGTGCAAGGG	0	0	0
CACTTGATCCGCTGTT	1	1	0
TCCGACACCTGGTGCA	2	2	0
CCGGAAATGACAGATA	10	10	0
CTAGCACGCTTACGGG	2	2	0
GGCACTTCTAGTCTAG	1	0	1
TCGTTCCCGATTGCGA	5	5	0
ATCAGGGATGAGGTCT	1	1	0
TCGTTCCCCACAACAG	3	3	0
AGGGACTGTTTGGGAG	10	9	1
CGTGTGTTTACAAACT	2	2	0
CCGGAAATGAGCGGTA	0	0	0
AGTTGAACACAGCGGA	4	4	0
CCCTCTTGTGTGCTCA	2	2	0
CATGCTGCAGAGACTA	0	0	0
ACATGGACGAGAGTAT	2	2	0
TAGGTACGGGTGGGAT	1	1	0
CATTCATTGTTGCACG	1	1	0
CGAAGAAGTTCGTTCC	1	1	0
AGGAGTCGCTTCTGGA	2	2	0
AACGCCAATACCGGCA	9	9	0
ATCGCGCTATTCGACG	1	0	1
ATACACCCTGCAAGGG	1	1	0
ACTGCTGGCGAACGTA	1	1	0
CACTTGATTGTACACG	1	1	0
ATTCTGAGTCGGTTTA	1	1	0
CCTATTTAGGAATAGA	0	0	0
AAGTTGTCGCAACCTG	1	1	0
TGCTGACGCGGGCTTT	2	2	0
TACCTAAGTATTGCCT	1	1	0
ATTTCCATCTTAGGTA	1	1	0
GTACGCTTCAAGTCAT	1	1	0
ACCCTCAAGTCATATT	1	1	0
TCGAGTTTTCTGCATC	2	2	0
GGAGGTTTGTACACTC	1	1	0
GATGCAGACGTCAGCA	1	1	0
CTGTTTCCTACAAACT	2	2	0
TCAGCCTCTGACCAGT	3	3	0
GTCAGGTTGCCTCTTT	2	2	0
AACGCCAAGTTGCACG	2	1	1
CTGGGTATTGACCAGT	1	1	0
CACAAGTAGGCATGCT	1	1	0
TATCTGTCGTTTGTTT	1	0	1
CCACCTCTGTTGCACG	1	1	0
CACTTGATCAATTAGT	2	2	0
AAACAAACGTTGCACG	1	1	0
GTGGTGCTCAGATTAC	0	0	0
ACTAATTGTCTGTGGT	1	1	0
GGACTTCTGACGATGG	1	1	0
TGTTATCAATGTTGGC	1	1	0
CTGGGTATCCCGACTT	1	1	0
CGTGTGTTTTGCATAT	9	8	1
CAGGTTGCTGCGTATC	1	0	1
CCTACGCTGGACTTCC	1	1	0
TCGTGGGTGGCCTAAG	5	5	0
AAACCGCCCGAACGTA	0	0	0
AACTCAGTGAATACGC	1	1	0
CTTTCACTAGGTTGTG	0	0	0
AGGTTCCCGCATGGGT	0	0	0
ACCTTCCCGTCCATGT	2	2	0
ACTACCCGACTAGCCA	1	1	0
AAAGCCCGTTGCATAT	1	1	0
GAAAGACACACAAGGC	1	1	0
ATCAGGGACGAATAAT	1	1	0
AATCGTTCGGGTTGGT	0	0	0
AGGTATATGGGAGGTA	1	1	0
AGCTTCGAGACAAAGG	1	1	0
TCATAGCTGCAGCATG	1	1	0
AAACTACAGAATTCGT	1	1	0
CGTTGCCTTACAAACT	3	3	0
GGGTCATTCTGGTGCA	1	1	0
GTTACTAGCTTCGCAC	1	1	0
CCATCCACGTGGATGG	1	1	0
TGCACCAGAGCGCCTT	1	1	0
GCAAACTGCTTACGGG	1	1	0
GTGTCACCTTCACATA	5	5	0
TGGTGTCTCTCTTGAC	2	1	1
CTGTTTCCGGGTGTAT	1	1	0
CAATTCTCCCATTTGA	2	2	0
CTCACATCCATACATT	2	2	0
TCATACCAGGTTTCTC	1	1	0
GTGTCACCAGCTACGG	1	1	0
CCCGTAAGGGTCTGAC	1	1	0
ATTTCCATAGCAGAAC	2	2	0
CGAACCGACGGGTAGT	1	1	0
ATATGCAAAATGAATG	1	1	0
CCGGAAATCCATTACT	1	1	0
CTCCCAAATCGGTTCG	1	1	0
TGCTGACGCGACGTCA	1	1	0
AACGATTTGGCTACTA	3	3	0
GGGATTACTCCAGGGA	2	2	0
CCCTCTTGAGCGCCTT	1	1	0
CGTACCGACGAGATGT	1	1	0
TCCTATATAGCGCGAT	2	2	0
TACCTCCCTTTGGGAG	1	1	0
TCCTATATGTGGAGCT	1	1	0
CGTGTACAAATCGGGT	1	1	0
AAGTGAGAAACACACG	1	1	0
CTGCTAGACGACGTCA	7	7	0
ATACTCTCAACCCTTG	1	1	0
GTGCCCATCGTGGATA	1	1	0
GTGTCAGGGCGTTGCT	11	10	1
AAACTGTGAGCAGAAC	1	1	0
AAGGCGCTTGCCTCAC	11	11	0
AAACTACACCTGTTAT	1	1	0
TCATACCAGACGATGG	1	1	0
ACCAACCCTACCGGCA	1	1	0
TACCTCCCAGCTATGA	1	1	0
TGACGTCGCTACTTGT	7	7	0
AGAGAGACGCATGGGT	1	1	0
AAACACGGCACAACAG	1	1	0
CTTTATCCGAAGTGCC	2	2	0
GGCTATAAGTTCAACT	1	1	0
CTCTGCGTGACAGATA	2	2	0
ACCCATGCCGAGATGT	0	0	0
CCCTCTTGGTTTACGT	2	2	0
TGAATAGGTTTAACAG	9	9	0
CCGAGATCGTGTCGGA	1	1	0
ATCGCGCTGGATAAAG	0	0	0
AATAAGGATTGAGGGT	1	1	0
GCATCACTGAGAGTAT	1	1	0
CCAGACAGGTAATCCC	1	0	1
GAAGATATGAATTCGT	4	4	0
AGAGGTGCTGTGGCTA	1	1	0
ACGAATTCGTTTACGT	1	1	0
TCCGACACCGGGCTTT	1	1	0
ACAGGCCAACATCTAT	1	1	0
ACTGCTGGCCCGACTT	1	1	0
CGTGTACAGCGTTGCT	1	1	0
ATCCGCATAAGCTTCT	1	1	0
CCAGACAGTAGTGGAC	2	2	0
ACGGAGCACCGCAACT	1	1	0
AATCCGGCTAGTGTTT	1	1	0
GAAGATATCATTTGTT	0	0	0
TAACTTCTCTCTTGAC	1	1	0
AGACGAGGGTTTGTTT	1	1	0
ATACACCCTGGTTTCT	1	1	0
ATCCCACCCGCCTTGA	0	0	0
CCACGTTGGCAAAGCC	6	6	0
ACTCGGAAGGACTTCC	1	1	0
TATCTGTCAGTGAAAG	1	1	0
GGACTTCTGAAAGACC	1	1	0
CCTATTTAGGGTGTAT	1	1	0
TGGGAATTGTCCATGT	0	0	0
GATTAAAGCGACTCCT	3	3	0
ACCAAGGGCGAGATGT	1	1	0
AATCGAAGATACTCTT	3	2	1
GTGTCACCAGAAGTTA	9	9	0
AAGGCGCTAATCGGGT	3	3	0
AGGCCGAAGAGTTTCG	0	0	0
CTGAAGGGAAACGCCT	1	1	0
ACAAGTAGGAGAGTAT	0	0	0
GGAGTAAGAGTGATGC	1	1	0
ATAGATGTTTGTTTAC	2	2	0
ACTAATTGTACAAACT	2	1	1
ATAGATGTTTCGTTCC	1	1	0
ATTTGTTGCTTGGTGT	1	1	0
CACTAACCAGAAGTCC	1	1	0
GTAAGCCGCTTACGGG	1	1	0
GCATCACTGGAAACAG	1	1	0
CCATATGACGTGCTAG	1	1	0
AGAGGTGCGGGAACCT	1	1	0
GCCAAAGCTGGAGGAG	2	2	0
AAAGCCCGATTGGGCC	1	1	0
GATGTGGCGATTGCGA	1	1	0
ACGAATTCATGTTGGC	1	1	0
CGTGGGATTACAGCCG	1	1	0
ATCCGCATACCCATAT	1	1	0
GTAAACAATCTCACTT	9	9	0
GATGTGGCTGGTTTCT	1	1	0
AGACGAGGAGAGACTA	1	1	0
CCTCATGACCCTTCAG	1	1	0
GTGTCACCGGACTTCC	2	2	0
CAAGGAATTTATCTGT	8	7	1
GTGTCACCTGTAAAGG	3	3	0
GGAAGTCCTTCGGCCT	1	0	1
CTGAGCGTGCAACCTG	1	1	0
TCGACTGCGAGAATTG	0	0	0
CTTAGTGTTGTGCTCA	1	1	0
TACCTCCCTGGTTTCT	3	3	0
GTCAGGTTCGAACGTA	1	1	0
AGCAACGCTTGATCTA	2	2	0
ATCGCGCTCTTCTGGA	3	3	0
AAAGTCATGCTCTAGT	1	1	0
TACCTCCCGGTCACAG	1	1	0
ATATGGGTGAAAGACC	1	1	0
CCAGCGAAGACAGATA	2	2	0
GTCTTCCTGTAATCCC	1	1	0
TCCGCTGTCTTCGATT	1	1	0
GGTAAATCTTCACATA	1	1	0
GAGGAGTGAGCTACGG	1	1	0
CTAGTAGGCTACTTGT	1	1	0
TCGACTGCAAGCTTCT	1	1	0
GGGCATCATTGTTTAC	1	1	0
CTCCCAAACTACTTGT	1	1	0
TACCTCCCTTCGGCCT	1	1	0
GGTCTTTCCCTCGTCT	1	1	0
CAGGTTGCATATGCAT	6	6	0
TGAGCACATAAGACGG	1	1	0
CGTACCGACCTGTTAT	1	1	0
ACCAACCCATCCGCTA	3	3	0
CAATTCTCTAACCATC	1	1	0
CCTTTACATCCAGTCC	1	1	0
CGTGTACATGCCTCAC	1	1	0
TACCTCCCAAACTGGT	3	3	0
CTCTATAGGGTTTCTC	0	0	0
GTCAGGTTTGAGGTCT	1	1	0
GTGTCACCTCATGAGG	3	3	0
GGACTTCTAATTCCCA	2	2	0
GTCAGACCTTGATTCT	0	0	0
CTCAAACACCGTGTTT	1	1	0
GGACTTCTCTTCGCAC	1	1	0
GATTGGGATCTGCATC	1	1	0
ACATCTCGGGGAAGGT	1	1	0
GTCAGGTTCGGCTTAC	1	0	1
CTACGGGAGGTGGGAT	0	0	0
TGGGAATTATCAGCGC	13	13	0
GTCCACTATAAGACGG	1	1	0
CTAGTAGGTGCTATTT	8	8	0
GTGTCACCACGCCATT	3	3	0
GTCAAGAGATATACCT	1	0	1
TAAGGGCCAAATCAGA	1	1	0
GACACCTGAATCGGGT	1	1	0
GTCAGGTTCTATAGAG	2	2	0
AGTAATGGAAAGTCGG	5	5	0
CCACGTTGTGTGTCCT	1	1	0
ATATGGGTTACGTGCT	1	1	0
ACCTTCCCTCCCGTAG	1	1	0
CAGTTTAACCGCAACT	5	4	1
CCTTTGTCACGAAACG	2	2	0
GCGCTGATTTAGTCCG	6	6	0
AGGCCGAAGCATGGGT	1	1	0
CGTACCGACTAGTAAC	5	5	0
TATCTGTCCGCTAATA	2	2	0
AGGTTCCCGAAGGCTT	1	1	0
TGCCGGTAGGTGACAC	1	0	1
GAAGATATTAGTCGCA	1	1	0
TGAATAGGGGGTTGGT	1	1	0
ATCCCACCTCATATGG	1	0	1
ACTAATTGATGCATGG	1	1	0
TCCGACACATCCGCTA	2	2	0
GGTTAGGGTCTCACTT	1	1	0
AGTAATGGAGCTACGG	1	1	0
CCACGTTGTGCAAGGG	1	1	0
CGAAACTCCCCATAGC	1	1	0
TGAGCACAAAATGTCG	1	1	0
CAAGGAATCGAGATGT	1	1	0
TAGGCTTTCGAGATGT	1	1	0
GGATTGTTTGGTTTCT	1	1	0
ATGGTCTGCCCTAACC	1	1	0
CCATATGAGATTGCGA	1	1	0
AAACTGTGGGTGGGAT	1	1	0
CCACCTCTCAGGTGTC	1	1	0
CCGACTTTGATTGCGA	1	1	0
CGTGGGATGTGGATGG	1	1	0
ATCAATCGGGTCTGAC	1	1	0
ATATGCAACATACATT	1	1	0
AGTCCGTGATATAGGA	2	2	0
CGAAACTCGGTCTGAC	1	1	0
GCGTATTCCGAGATGT	1	1	0
AGAAGCTTTAGCTTAT	1	1	0
TCGTTCCCACTAGCCA	1	1	0
GCTATGGGGGGTTGGT	1	1	0
GATTTCCCTAGTCGCA	1	1	0
AGCATGCCGGTCTGAC	1	1	0
TAAACCGAAAACTCGA	1	1	0
AAACCGCCTTCGCTGG	0	0	0
ACAGATAACTATAGAG	1	1	0
CGTACCGAGCTCTAGT	4	4	0
CCTTTGTCGAGGCTGA	1	1	0
ACGGGTTATAAATAGG	1	1	0
AGCACGTAGGGAAATC	1	0	1
CCGTAGCTAAGCGTAC	12	12	0
ATGACTTGATACCCAG	4	4	0
CCGGAAATGAAAGACC	1	1	0
ACGAATTCTGGTATGA	1	1	0
ATTGAAGTCTGTTCTT	1	1	0
TGCGACTAAATCGGGT	2	2	0
CCTTTGTCCTTTCTTT	2	2	0
AGTTTGTAGTCCATGT	2	2	0
AAGCCTTCTCGGTTCG	1	1	0
GGTAGCCATTTGGGAG	1	1	0
ACCACAGAAGGTTGTG	0	0	0
CTCCTCCAACTGAGTT	7	7	0
TGCACCAGTCTGCATC	1	1	0
AGTAGTTATGTCTTTC	1	1	0
AAACGTGAACCTTGCC	1	1	0
TAGCGGATTTTGGGAG	1	0	1
AAATAGCACCGTGTTT	1	1	0
CCTTTGTCCCATTTGA	2	2	0
TCTATTCCAGAGGTGG	2	2	0
GCACTCAGCTTACGGG	1	1	0
GTAAACAATTCACATA	1	1	0
CCCGTTCTATATACCT	1	1	0
GAATCCCAGCAAAGCC	1	1	0
TCCGACACAGATGGCT	3	3	0
GCCAAAGCGAAGTGCC	1	1	0
AAGTCGGGTGGGATTC	1	1	0
TCATACCAATTCGACG	1	1	0
AAAGAGGCCAGTCCCT	1	0	1
AGGCGTTTAGAGGTGG	1	1	0
ACAGATAAGGTTAGTG	1	1	0
GAATGCGCACCCATAT	1	1	0
TGTTATCAATACCCAG	5	5	0
GTGAGGCACACAAGGC	0	0	0
CCAGCGAAGAGTTTCG	2	2	0
AAACGATCCGGGCTTT	0	0	0
ACGACGACCTATAGAG	2	2	0
AATATGACGGTTAGTG	1	1	0
AGTGCTTCGTCATATT	1	1	0
GTGCGAAGTTGATCTA	1	0	1
TGCCGGTACGAGATGT	1	1	0
CGTGGGATATACCCAG	1	1	0
ACGAATTCTCTAGCAG	3	3	0
TGCACCAGTGGAGGAG	2	1	1
CGACATTTCCGCTGTT	1	1	0
TCTAAACTCTTTCTTT	1	1	0
TGCTGACGATATACCT	1	0	1
ACCTGAAGGGACTTCC	2	2	0
CGTGCAACGAATACGC	1	1	0
CGTGCAACATCAAGTG	1	1	0
CTGGAACACAACAAAT	1	1	0
GTCAGGTTGGCGTTAG	1	1	0
CAGATGGGGCAGGGTA	4	4	0
TCGCAATCGGGAACGA	5	5	0
AAACGTGATAAGACGG	1	1	0
GTGATAAACCATTTGA	1	1	0
AGTAATGGTCCAGTCC	1	1	0
CGACATTTAGAACGGG	1	1	0
AGAGGTGCAGAGGTGG	1	1	0
GTCAGGTTCGCTAATA	1	1	0
AGGCCGAATTGCATAT	2	2	0
CACAAGTAGGACTTCC	0	0	0
GAATCCCAAGAGGTGG	1	1	0
TCGACTGCCGAATAAT	1	1	0
GAAGATATGGCCTAAG	1	1	0
AGTAATGGTTGGCGTT	1	1	0
CTTTCACTGTACACTC	1	1	0
CCCTTGCAAGGAAGAC	0	0	0
GCTAAGTTCCTGACAC	2	2	0
TGGAAAGCTCCAGTCC	1	1	0
ATCCCACCATTTCCGG	2	2	0
TGGTGTCTTTTGGGAG	0	0	0
AACAAATGAACCTGAC	2	2	0
CCTATTTAACTAGCCA	1	1	0
AATAAGGATAACTACT	10	10	0
GTCCGTCAGGGAACCT	1	1	0
ACGTAAACAGCAGAAC	1	1	0
GATACGCAACTGCCGT	2	1	1
CAGTTTAAGAGCGGTA	1	1	0
CGATGGCAGGGTTGGT	1	1	0
AACGTTACGAGAATTG	0	0	0
TAAGGGCCTAAGACGG	1	1	0
TGTTATCATTCGCTGG	2	2	0
GGTGTCGAGGCGGTTT	0	0	0
CGATGGCAAAACTGGT	1	1	0
TAGTCTCTTTCGCTGG	1	1	0
CATTCATTGTCTCTCT	1	1	0
ACCACAGAGTACACTC	1	1	0
GTGTCACCATATACCT	6	6	0
GGAGGTTTTAGCTTAT	1	1	0
AATACATCAACACACG	1	1	0
AGGAGTCGCTTACGGG	2	2	0
AAGGGACCGCGTTGCT	1	1	0
CACAAGTACCCTAACC	2	1	1
TCTAAACTCCGCTGTT	6	6	0
CCTCATGAGGGTTGGT	1	1	0
CAGACTCGACGCCATT	1	1	0
AGTTGCGGCGACTCCT	1	1	0
ACATCTCGCTTACGGG	1	0	1
ATCAATCGGCTCTAGT	1	1	0
CTGTTTCCGGCGGTTT	1	1	0
AGTAATGGAGAAGTTA	1	1	0
TCATTTCATGTAGTTT	1	1	0
ACGTAAACAGCGCGAT	2	2	0
CGGTGAGTCAACAAAT	1	1	0
CTCACATCTCACCGAG	1	1	0
CATTTCTATATTGCCT	1	1	0
ACCACAGAGGTGGGAT	1	1	0
ATTCTGAGCAATTAGT	0	0	0
AGTAATGGAGTGAAAG	1	1	0
CAGTTTAATGGTTTCT	1	1	0
ACGAATTCAGAACGGG	1	1	0
ATATGGGTTCGGTTCG	1	1	0
CGTTGCCTCCCATCTG	1	1	0
TGAATCCTTTAAACTG	1	1	0
GTGTCACCCGCTCTCA	6	6	0
GTCAGGTTAGAAGTTA	11	11	0
CCAGCGAATTAAACTG	1	1	0
TGCTGACGGCAGCATG	1	1	0
TAGGTACGTCGACGGT	1	1	0
CTCCTCCAATCTTTGT	1	1	0
ATGCATATAATGTTTG	1	1	0
GTCCACTAGCAGCATG	1	0	1
TGACGTCGGTTAACCA	1	1	0
ATACACCCTTGGACTT	1	1	0
TCATAGCTTCTGCATC	1	1	0
TACCTCCCTCACCGAG	2	2	0
GAGGAGTGTCACGTTT	1	1	0
CGTGGGATTCCGTCCA	1	1	0
GTCAAGAGCTTACGGG	2	2	0
AGAGAGACTGTGTCCT	1	1	0
CCTTTGTCATATACCT	11	11	0
GCCAAAGCTTGGCGTT	1	0	1
TGGCTAGTTTATAGCC	10	10	0
ACCTTCCCAGCGTAGG	4	4	0
ACGACGACGCAACCTG	0	0	0
ACTTCGCTTGACGGAC	2	2	0
AGCTTCGATCCCGTAG	1	1	0
GGTTACACAGGAGCTT	1	1	0
GGGATTACAAACTGGT	1	1	0
ACCAAGGGGAATTCGT	1	1	0
CAATTCTCCTTTCTTT	2	2	0
GTGTCACCTCATCCTT	1	1	0
TAACTTCTTAGTGTTT	1	1	0
ACGACGACGTTCTGTT	2	2	0
CCATATGACTGAGTGC	0	0	0
ATACTCTCCTTCTGGA	1	1	0
GTGATAAAGCGTTGCT	1	1	0
TGGACGGAACGCTCAG	1	1	0
CAGGTTGCTTCGTTCC	4	3	1
GCTAAGTTAAATGTCG	1	1	0
ACTCATACGTATGAGT	1	1	0
ATCGCGCTGGGAAGGT	5	5	0
CCAGACAGGCGTTGCT	3	3	0
TCATAGCTCCATTACT	12	12	0
CGTGGGATTTGGATCG	1	1	0
TGGCTAGTCACAACAG	1	1	0
GGCGACAAGACAAAGG	1	1	0
TCTGATTTTGTGCTCA	1	0	1
CTGCGATGTGGCCTGT	1	1	0
TATTAGCGGTTGTCAT	1	1	0
CAACGCAGGAAGGCTT	0	0	0
ATACACCCCCAGCAGT	1	0	1
TGCACCAGAAATGTCG	1	0	1
TGCACCAGACCCATAT	1	1	0
ATATGCAAATTCAGTA	1	1	0
TAATCCATCTACTTGT	1	1	0
ACGAATTCGGCTACTA	1	1	0
GACACAAAGAAGTGCC	1	1	0
AAACACGGGCAGTCGA	3	3	0
TCAAATGGCAACAAAT	1	1	0
ATCGTAACTAGCTTAT	1	1	0
GTCAAGAGCCCTTGGT	1	1	0
CTTTCACTGCCACATC	5	5	0
CGAACCGAGATTTACC	1	1	0
TCAGCCTCGCAAAGCC	0	0	0
GGGAGATGAAATGTCG	1	1	0
CTTAGTGTCTCGCGTA	1	1	0
GTCAGGTTAGTTTAGA	2	2	0
AGCAACGCCTAGATTG	2	2	0
CCACCTCTGGTGGGAT	2	2	0
GTACGGACCTTACTCC	1	1	0
CGAACCGAAATGACCC	1	1	0
TGGACGGAAAACTGGT	1	0	1
GGAACGAAATGCATGG	0	0	0
AACGATTTCGGACAAC	6	6	0
GGCACTTCAAAGTCGG	1	1	0
GTCAGGTTGATGTGAG	3	3	0
TAATGTGGCCCGACTT	0	0	0
AGTAGTTATGGAGGAG	1	1	0
ATACACCCAAACTCGA	1	1	0
ATATGGGTCGCTAATA	2	2	0
ACCCTCAAAAGCGTAC	1	1	0
AATACATCATATACCT	1	0	1
GGACTGGAGACAGATA	1	1	0
ATGGTCTGGGCGTTAG	1	1	0
AAGTGAGAGGTGGGAT	1	1	0
TCGACTGCTGGTATGA	1	1	0
ACACCAAGAGCGAAGT	0	0	0
CAGATGGGGGGAAGGT	1	1	0
AGCACGTACATCTCCC	1	1	0
ACCAACCCGTGGATGG	1	1	0
GAAGATATCAGATTAC	2	2	0
GATGCAGAAAATCAGA	1	1	0
GATTGGGACGTAGAAG	1	1	0
GTAAACAAGACAAAGG	3	3	0
GCTTCTCCTGATGCCC	1	0	1
CACAACCTAGTGAAAG	0	0	0
GTACGCTTCAGTCCCT	1	1	0
AAGGCGCTGAGTTCAC	0	0	0
GGAGTAAGAGAACGGG	0	0	0
AGTTTGTATCCAGTCC	1	1	0
ATATGGGTTGGAGGAG	1	1	0
ACGACGACCACTCCTC	1	1	0
AATACATCCTTACGGG	5	5	0
GGTTGAGATCCAGTCC	6	6	0
ATCCCACCTTGGCGTT	1	1	0
CTCTATAGCGATTGAT	1	1	0
AGGTAAGCTCGGTTCG	3	3	0
GGTCTTTCGTGTAACC	0	0	0
CTCACATCCTTACGGG	2	1	1
AAACGTGACCCTAACC	1	1	0
CAATCTAGTACAAACT	3	3	0
GATTACTTGGTGGGAT	0	0	0
AAACACTAGGGAGGTA	0	0	0
GACACAAATACAAACT	1	1	0
CCATCGTCCTAGATTG	1	0	1
GAATCCCATCGGTACG	1	1	0
AAACACTACCGCTGTT	4	4	0
GGTTGAGATGAGGTCT	1	1	0
GTCTAATCACGAAACG	1	1	0
CTAGCACGAAACAGGG	1	1	0
CCCGTTCTTTTATCAC	1	1	0
TAATCCATACCCATAT	2	2	0
ACAGGCCAAGCTACGG	2	2	0
AGCAACGCGCATGGGT	1	1	0
GTCAGACCTCCCGTAG	1	1	0
GATTACTTTTGAGGGT	0	0	0
ACGTAAACGGATAAAG	1	1	0
ATCCCACCGTCGTCGT	0	0	0
ACGGAGCATGTGTCCT	1	1	0
ATACACCCATGTTGGC	1	1	0
CAATTCTCCACAGTTT	1	1	0
GGAGTAAGCAACAAAT	3	3	0
ATTTCCATGAAGTGCC	1	0	1
GGCAAGGTCGTACCTA	3	3	0
AATCGTTCTCTCACTT	1	1	0
AGCATGCCGTAATCCC	6	6	0
AGCATGCCTAAGACGG	2	2	0
CTAACGCCGAGAGTAT	0	0	0
ACGAATTCGAAGTGCC	2	2	0
ACCGTCGATAGTGGAC	7	7	0
GATTTCCCAAGCGTAC	0	0	0
GTGTCACCCGACGTCA	6	6	0
TCGTTCCCAAACCTCC	2	2	0
AATACATCAATGAATG	1	1	0
ATCCGCATTAAGACGG	1	1	0
AATAAGGACAATACTT	1	1	0
CGTTGCCTTCCGTCCA	2	2	0
AAACACTAGTTGCACG	1	0	1
CATTTCTAAAAGTCGG	0	0	0
AAGTGAGAATTGGGCC	1	1	0
AATGTATGTTCACATA	3	3	0
TCTATTCCCCTCGTCT	1	1	0
TGCACCAGCGGCACAT	10	10	0
ATTGAAGTGAACGATT	1	1	0
CCTATTTATCGAAGCT	1	1	0
AATGTATGAGGCAACG	1	1	0
CCTTTGTCAAGCTTCT	1	0	1
CTCACATCCCGTGTTT	3	3	0
GCCTTGTGATGGGCAC	5	5	0
GAGGGTCAGTCTCTCT	0	0	0
AATGTATGAGAGACTA	1	1	0
ACTACCCGAAAGCCTA	1	1	0
ACCTTCCCGTCCAAAG	1	1	0
AATACATCACTGCCGT	1	1	0
CCTACGCTTTCCAGAC	1	1	0
CGTCGAATACACTAAG	1	1	0
CCATCCACCTCCGCAT	11	11	0
CTCGGTGACAGATTAC	2	2	0
CCCTTGCATCGGTTTA	1	1	0
AACTCAGTATGTTGGC	1	1	0
ATTGGCCCGGTCTGAC	1	1	0
GTAAACAACGTACCTA	1	1	0
ACCTTCCCTAACTACT	2	2	0
ACCCTCAACTGCGTTG	1	1	0
CTTTATCCCTTACGGG	2	2	0
CACTAACCCTTACTCC	0	0	0
CTGAGCGTTTGGATCG	1	1	0
AATGGCGTATTGGGCC	3	3	0
AGAGAGACCGTACCTA	6	6	0
ATATGGGTAGGATTCA	0	0	0
GCGTATTCGTCCAAAG	1	0	1
CTTCTACGAATCGGGT	2	2	0
AAAGAAAGCGAACGTA	1	1	0
GCCAACATTTGGCGTT	2	2	0
CTCTGCGTATGACCGA	0	0	0
AATCGTTCCAAGTCAT	1	1	0
AACTCAGTTTGTTTAC	1	1	0
AGTAATGGGTTTGTTT	2	2	0
ATCTTGGCAGCGAAGT	1	1	0
AGCACGTAAGCTATGA	1	1	0
GATGCAGATAACCCGT	1	1	0
AACGCCAATGCAAGGG	1	1	0
GTCCACTACGTGCTAG	1	1	0
ATATGCAACTGGTGCA	1	1	0
ACTCGGAACCCGAATG	0	0	0
GGACTTCTGCGCATTC	1	1	0
ACGGAGCACCCGAATG	0	0	0
CTGGAACACTGGTGCA	1	0	1
CAATCTAGGAATACGC	0	0	0
ACCTTCCCTAAGACGG	1	1	0
TCAAGGCGTCCTTATT	1	1	0
GTCAGGTTATGGAAAT	2	2	0
GTATTGACCTAGACCC	1	1	0
TATGTGAACCCGACTT	1	1	0
TAATGTGGCAGTTTGC	1	1	0
ACCTTCCCAAACGCCT	3	3	0
CTAGCACGATATCTTC	1	1	0
GAATGCGCAATGTTTG	18	18	0
TGACGTCGTGCCATCG	1	1	0
ACAATCTTTAGTGTTT	2	2	0
CGTTGCCTATCCGCTA	1	1	0
GGGATTACCATACATT	2	2	0
TCTATTCCTATTGCCT	1	1	0
AAACACTAGCGCATTC	2	1	1
ACAATCTTCGAGATGT	2	1	1
GTGTCACCCCGCAACT	2	2	0
ACCAAGGGGTCTCTCT	1	1	0
TCGTTCCCATGACCGA	1	1	0
AAACTACAGGTCCCTT	1	0	1
TAGCGGATGAGAATTG	1	1	0
GCTTCTCCGTGTAACC	1	1	0
AAGAACAGGCCTCTTT	1	1	0
AAAGTCATGTGTCGGA	1	1	0
GTGTCACCTTCCGCTC	2	2	0
AGAAACCAAGCTACGG	6	6	0
GTGTCACCGTTTGTTT	3	3	0
TCCTATATCAAGTCAT	1	1	0
ATTATTCGAGAGACTA	1	1	0
GGCACTTCTAGAAATG	2	2	0
GTGTCACCCTTCGATT	1	1	0
GCTTCTCCGCAGGGTA	1	1	0
CTAACGCCTGTTTGAG	1	1	0
GAGAAACCGAGTTTCG	1	1	0
CCAGCGAAACTGCCGT	0	0	0
CCGTAGCTTTGTGACT	1	1	0
ACTGCTGGTTGAGGGT	1	1	0
AAACGATCGTCCATGT	2	2	0
CGTGGGATGATTGCGA	1	1	0
GGAGTAAGCATACATT	1	1	0
AGCAACGCGCAGTCGA	2	2	0
AAGGGACCCGTATTTC	1	1	0
GTTCTGCTGCCTCTTT	1	1	0
CGACATTTGACAGATA	1	1	0
AGTTTGTAAGAGGTGG	3	3	0
GAGGAGTGACCTTGCC	1	1	0
AAAGAGGCTTGATCTA	0	0	0
TGGTTAACTCTGTGGT	2	2	0
AGAGAGACGGCGGTTT	1	1	0
ACGGCAGTTGCAAGGG	0	0	0
ATTTCCATGCTCTAGT	1	1	0
GGTGTCGAAACAATCC	12	12	0
AGTTGCGGCCCATCTG	1	1	0
CTCAAACATTATCTGT	1	1	0
TATCCACGTGAGGTCT	1	1	0
CTGTGACCTACAAACT	0	0	0
ACCCTCAAAAAGTCGG	4	4	0
CAAGGTACGATGTGAG	1	0	1
GGAACGAAGAACGATT	0	0	0
CTTTATCCGCTTTGGC	0	0	0
AGGGACTGCCTGACAC	1	1	0
CTCACATCGGCTACTA	1	1	0
GTCAGGTTTGTTTGAG	1	1	0
ACGGTTGGCAACGTGG	1	1	0
AAACTACATACGTGCT	0	0	0
CGTACCGATGGAGGAG	1	1	0
ACTACCCGAAGCGTAC	1	1	0
ATCGCGCTGAGAATTG	1	0	1
ACGGTTGGTTGGACTT	6	6	0
CTGTCGCAGTTGCACG	0	0	0
TCAAGGCGGAAGCACT	1	1	0
TCTTTGACGCAGGGTA	1	1	0
ATGACTTGACGAAACG	1	0	1
AGAAAGTGCTACTTGT	2	2	0
GCCTGGTAGGCGGTTT	1	1	0
AAGAACAGATCAGCGC	1	1	0
TACCTCCCTGTCTTTC	1	1	0
ACCAGTTTCCTACTAG	2	2	0
CCGAGATCGATGTATT	3	3	0
AAGTCCAACTAGACCC	12	12	0
GGGTCATTGTTTGTTT	1	1	0
AGCGTGGTAGCTATGA	1	1	0
AAAGAAAGATCAGCGC	0	0	0
ATGCATATTTCACATA	1	1	0
ACCTTCCCTGCGTATC	2	2	0
AGTAATGGAGTTTAGA	1	1	0
GTGTCACCCCTACTAG	2	2	0
CAGTTTAATTGTGACT	1	1	0
CGAGGCTAGGAGAAGC	0	0	0
TCTTTGACCTTACGGG	5	5	0
GCGTATTCCCTCGTCT	0	0	0
GCTATGGGATACTCTT	2	2	0
AAACTACAGCTCTAGT	1	1	0
CTCTGCGTGGTTTCTC	1	1	0
ATGGTCTGTGGAGGAG	1	1	0
CCATGCATATCTTTGT	1	1	0
ATATGGGTTTGCACGC	0	0	0
CTCAAACACCGCTGTT	2	2	0
TGAGCACAGAAGCACT	1	1	0
CTAACGCCTAGTCGCA	2	2	0
GTCAAGAGGAAGGCTT	0	0	0
AACGGTAGTGGTATGA	1	1	0
ATGACTTGATGTTGGC	1	1	0
AGCGTGGTCTCTTGAC	11	11	0
CAATCTAGTTCACATA	2	2	0
CGAAGAAGCTTACGGG	1	1	0
GTATACGTCCCATAGC	1	1	0
GTTACTAGCGTAGAAG	1	1	0
TGCTGACGCTCGCGTA	3	3	0
GGGTCTAGATCCCACG	2	2	0
ACCAACCCAGGATTCA	1	1	0
ATCCCACCGAAGTGCC	5	5	0
TGGTTAACTGGAGGAG	1	1	0
CCCGTTCTTCCGTCCA	1	1	0
GTCCACTAATGACTTT	1	1	0
AAACAAACCATTTGTT	1	1	0
ATGACAACCTTACGGG	1	1	0
CACAAGTACCCATCTG	1	1	0
GCTACCGTGGGAAGGT	1	1	0
ATATGGGTTCTGTGGT	0	0	0
CTCTGCGTGATTTACC	1	0	1
ACATCTCGAAACTGGT	1	1	0
CCGAGATCAAGCGTAC	1	1	0
GGCTTTGCACCCATAT	1	1	0
AAACGTGAATACTCTT	2	2	0
ATTTCCATCGTATTTC	1	1	0
GTCAGGTTGGAAACAG	1	1	0
AAATTCCGCTGAGTGC	1	1	0
ATCAGGGATTTGGGAG	1	1	0
ACCTTCCCTTATCTGT	1	1	0
CACAACCTGTGTAACC	1	1	0
GTGTCACCGACAAAGG	2	2	0
GGTGTCGAGAACGATT	8	8	0
ACCTTCCCCTATAGAG	0	0	0
TCGTGGGTTGATGCCC	1	1	0
AAGGATGAAAACCTCC	3	3	0
AACAAATGCGAGATGT	2	2	0
GATTAAAGAAACTGGT	11	10	1
TAGCCACACCCTTCAG	3	2	1
TCATACCATACGTGCT	1	1	0
CGTACCGACCGCTGTT	1	1	0
GTGTCACCGCACCTCT	1	1	0
AAATAGCAAGAGGTGG	1	1	0
GAAGATATGGTGGGAT	5	5	0
ATGACTTGCCATTACT	1	1	0
ATCTTGGCCACTTTCT	1	1	0
AGTTGCGGGCCGGATT	1	1	0
AAACGATCCGACGTCA	2	2	0
GGACTGGACTTAGGTA	4	4	0
GGCACTTCGGCATGCT	1	0	1
GATTTCCCGCGTTGCT	2	2	0
AATATGACCTGTCTGG	1	1	0
GTGTCACCAGATGGCT	2	2	0
TGCTGACGTCCTTATT	1	1	0
CTGTGACCGGTGGGAT	1	1	0
ACCTTCCCGCAGCATG	1	1	0
TGGTGTCTCTCCGCAT	0	0	0
GGCTTTGCAAGCGTAC	2	2	0
GTGTCACCTAGTCGCA	6	6	0
AGAAAGTGGCGCATTC	1	1	0
GCCAACATGGATAAAG	1	1	0
ACGAATTCTTAAACTG	1	1	0
CTCTATAGTGGAGGAG	2	2	0
AGTAATGGCCGTGTTT	1	1	0
ATCTTGGCGCAACCTG	0	0	0
GGGATTACCTTACTCC	2	2	0
GTGTCACCTCTAGCAG	2	2	0
AACGCCAAGGCATGCT	1	1	0
GGTTAGGGCCCGAATG	1	1	0
TACCTCCCAGGAGCTT	2	2	0
ATACTCTCCCGCTGTT	1	1	0
CCATCCACGTTTACGT	0	0	0
GGAGTAAGCGGCTTAC	1	1	0
ATTTCCATCACAGTTT	3	3	0
TACCTCCCTATTGCCT	8	8	0
ATTTCCATTGGCTACC	1	1	0
CGGTGAGTGCCTCTTT	4	4	0
TACCTCCCAACACACG	2	2	0
GTGTCACCACTAGCCA	8	8	0
CACTTGATATCCGCTA	1	1	0
TGCTTGGGTGGCCTGT	1	1	0
AGTTGAACTCCCAATC	1	1	0
CCCTTGCATAGTGTTT	0	0	0
GGAAGTCCCTGGTGCA	1	1	0
CTCTGCGTGTGGAGCT	1	1	0
TGGTTAACGGCCCTTA	1	0	1
GTGTCACCCTTAGGTA	2	2	0
AGTAATGGCATCTCCC	1	1	0
AAACCGCCTAGCCTCG	1	1	0
GGCAAGGTTTGTCGCC	1	1	0
CTGGAACACTACCGTT	1	1	0
CGTCGAATCTGAGTGC	1	1	0
AGAGGTGCCTTACTCC	0	0	0
TAGATCAAAAACTGGT	1	1	0
GGTCCTAACCCGAATG	1	1	0
TAATGTGGCCTCGTCT	5	5	0
AAGGCGCTTAGTGTTT	1	1	0
GGAAGTCCAATCGGGT	1	1	0
GGCAAGGTCACAACAG	1	0	1
CCTTTGTCCTTAGGTA	1	0	1
CACTTGATGGCTACTA	0	0	0
GGCACTTCCCCTAACC	1	1	0
GAGGAGTGGGTCCCTT	1	1	0
AATGGCGTGAGAATTG	1	1	0
CCCTGTTTGAAGGCTT	0	0	0
TCCGACACAGCTACGG	1	1	0
AGAGAGACTACGTGCT	1	1	0
GTGTCACCCTTACTCC	4	4	0
CGTGCAACCTTACGGG	2	1	1
GGGAGATGGGTTAGTG	1	1	0
CACAACCTGTTTGTTT	1	0	1
ACAAGTAGGTTGCACG	0	0	0
CTAGACTAATATCTTC	1	1	0
CTCCCAAATAGTGGAC	1	1	0
TCTATTCCTGTGCTCA	2	2	0
CCTACGCTTGCCTCAC	1	1	0
ACCTTCCCTAGTCGCA	1	1	0
ACCAACCCCACAACAG	2	2	0
ATCCCACCAGGAAGAC	4	4	0
CATGACGAAAGATTGT	1	1	0
CAATCTAGGTAACGTT	0	0	0
CGTGGGATACTTCAAT	1	1	0
GAAGATATACCCACGA	5	5	0
GAATCCCAGAAGGCTT	2	2	0
ACTGGTCAGACGATGG	8	8	0
ATTATTCGCCCATAGC	3	3	0
GTGCGAAGCTTCTTCG	1	1	0
ACATCTCGCGAACGTA	1	1	0
GGTGTCGATGAGGTCT	1	1	0
GCGCTGATCTGCGTTG	0	0	0
TCATTTCACAACGTGG	1	1	0
GACTAGCGGGCCCTTA	1	1	0
CATTCATTACTAGCCA	1	1	0
AGCAACGCGTCATATT	1	1	0
GCATCGAGCGTATTTC	1	1	0
CTCACATCCTGCGTTG	2	2	0
TGAATCCTGGGAAGGT	1	0	1
ACCCTCAAAACCCTTG	2	2	0
CTCCCAAAAGCTACGG	2	2	0
CGAAGAAGAAATCGTT	1	1	0
CTGCGATGTTGATCTA	1	1	0
TGGAAAGCGTTACGAT	0	0	0
ATGCGGAGATATACCT	1	1	0
ACCTTCCCTGTTCCAG	1	1	0
TCGAGTTTTGCTATTT	1	1	0
TAACTTCTGGGAAGGT	1	1	0
CAAGGAATAAAGTCGG	1	1	0
TATGTGAAAGAAGTTA	0	0	0
AGCTCCACATCCGCTA	1	1	0
TCGTGGGTTTGATTCT	0	0	0
ACTACCCGTGCGTATC	2	2	0
GTGTCACCGGCATGCT	2	2	0
AAACGTGACTGTCTGG	1	1	0
ATTGGCCCAAGCTTCT	1	1	0
CCGATACGGTTTGTTT	1	1	0
TACCTCCCCTGGTGCA	21	21	0
CTGAGCGTTTCCGAGT	1	1	0
GCATCACTGGCGGTTT	1	1	0
GTGCGAAGAACTTAGC	0	0	0
TGAGAGCGCTACCGTT	1	1	0
GATTTCCCGAAGGCTT	2	2	0
CCACCTCTTAGTCTAG	1	1	0
AACAGAACAGGCAGTT	1	1	0
TCTATTCCACCCATAT	1	1	0
CGACATTTTGATGCCC	1	1	0
GGCGACAAATGGAAAT	1	1	0
TCCAGAAGTACGTGCT	0	0	0
ATCGCGCTCTTACGGG	2	2	0
GATTTCCCAGTTTAGA	2	2	0
CTCACATCATGCATGG	1	1	0
TGGGAATTCGGGCTTT	0	0	0
AGCCATCTGGAATAGA	1	1	0
GCCAAAGCTTAAGCGT	13	13	0
CCATGCATGAACGATT	1	1	0
CTTAGGCCGAACGATT	1	1	0
AATATGACCTTCTGGA	1	0	1
AGCAACGCCAGTCCCT	1	1	0
AATGGCGTGTCCGTAC	0	0	0
TGACGTCGGGTGGGAT	1	1	0
CAATCTAGTGAGGTCT	1	1	0
CTTTCACTGATGTGAG	1	1	0
TCATTTCATAGTCTAG	5	4	1
GTTACTAGTTATAGCC	1	1	0
CAGACTCGTACCAGGC	0	0	0
ACCCTCAAGAGTTTCG	1	1	0
TCGTTCCCGGTGGGAT	1	1	0
ACTACCCGTCCGTCCA	2	2	0
GATGGTTACGGGCTTT	1	0	1
CCACCTCTGATTGCGA	1	1	0
GATGTGGCTCGGTACG	1	1	0
ATTGAAGTTTGTGACT	2	2	0
GGTCCTAAGATTGCGA	1	1	0
GGAGTAAGACTAGGAT	1	1	0
TGTTATCAGATCGTTT	1	1	0
AATACATCCCTCGTCT	1	0	1
CTGTTGTGTGGTTTCT	1	1	0
ATCGTAACCTTACTCC	2	2	0
TAGGTACGGTAACGTT	1	1	0
AGAAACCATATTGCCT	2	2	0
GGCCCAATTGGCCTGT	3	3	0
CGAACCGAGGGAGGTA	2	1	1
GTATTGACTGTCTTTC	2	2	0
GTCTAATCCCATTTGA	1	1	0
AACAAATGTTCCGAGT	0	0	0
AGCTTCGAGGTGGGAT	1	1	0
ATACACCCGTGTAACC	1	1	0
GCTTCTCCGGATAAAG	2	2	0
ATTCTGAGACCTTGCC	1	1	0
AACGCCAACCGTGTTT	2	2	0
TCATAGCTCCGCTGTT	1	1	0
ATAAGCTATTAAGCGT	1	0	1
AAGTCCAACGGCACAT	8	8	0
AGCACGTAATCAAGTG	0	0	0
CTGTGACCCTCCGCAT	1	1	0
ATGGTCTGTCATCCTT	1	1	0
TACCTCCCAGGAAGAC	1	1	0
GCTATGGGCCCGAATG	0	0	0
ATCCGCATGGTTAGTG	1	1	0
CTCCTCCAGTTCTGTT	1	1	0
CCCTCTTGAGAACGGG	1	1	0
AACAGAACCTACTTGT	1	1	0
GGTAGCCAAGGAGCTT	0	0	0
GATGGTTACGTATCGG	1	1	0
AAAGAGGCAGGATTCA	1	1	0
CATTCATTTAGTGGAC	1	1	0
CGTACCGAAATGACCC	1	1	0
CTGTTGTGCTAGATTG	1	1	0
AGACGAGGCTCGCGTA	1	0	1
AGGCCGAATTAGGACC	8	8	0
CTCTGCGTTAAGACGG	1	0	1
GAAGATATAGCGCCTT	2	2	0
TCATTTCATGATGCCC	1	1	0
CATTTCTACTTTAATC	1	1	0
TATGTGAATACAAACT	0	0	0
TCATTTCATTGAGGGT	4	4	0
AACTGCCTGGCTACTA	1	1	0
ACTGCTGGAGGAGCTT	1	0	1
GGTTGAGAGAGAATTG	1	1	0
AACGATTTGAGCCCAT	0	0	0
AACGCCAATGAGGTCT	1	1	0
TCGTTCCCACTCACCG	1	1	0
CTCACATCTCGGTTCG	1	1	0
AGTTTGTACAACAAAT	1	1	0
ACGACGACAGATGGCT	1	1	0
CTGCGATGCTAGACCC	1	1	0
GTGAACTCTGACGGAC	8	8	0
AGGCAATATGTAGTTT	1	1	0
CTCCTCCAAGGCAACG	1	1	0
AGGCGTTTGGCGTTAG	1	1	0
AACAGCGGCTACTTGT	1	1	0
AGCGTGGTCTTACGGG	5	5	0
TCCGACACGCGTTGCT	2	2	0
GAATCCCATCATGAGG	1	1	0
ATACACCCATCCGCTA	2	2	0
TACCTCCCCCGCAACT	1	1	0
GTCAGGTTGATTAGAC	4	3	1
GATGGTTAGGGTTGGT	1	1	0
ATCGCGCTCGAATAAT	1	1	0
AAGAACAGCAATACTT	7	7	0
CTGTTTCCGGCGTTAG	4	4	0
CTTTCACTCCAACCGT	1	1	0
CACTAACCAAAGTCGG	2	2	0
CCTATTTACCGTGTTT	1	0	1
CCGACTTTCGAGTCTG	1	1	0
AAGGGACCGAAGTGCC	1	1	0
GTACGCTTAACTTAGC	1	1	0
GAGCGGAACTACTTGT	0	0	0
TGCTTGGGTATTGCCT	0	0	0
GTGTCACCACTTCAAT	1	1	0
CGTGGGATCGATTGAT	2	2	0
GAGGGTCATGTGTCCT	1	1	0
GTGTCACCGTGGAGCT	4	4	0
GGAGGTTTCTTACGGG	2	2	0
CTAGCACGAATCGGGT	1	1	0
ACTCATACGCAACCTG	0	0	0
CGACATTTTCCAGTCC	0	0	0
GTCAGGTTCACAGTTT	1	1	0
GCTACCGTTGACCCTC	1	1	0
CGTTTCGTCTTACGGG	0	0	0
TACCGCTCGCAGGGTA	1	1	0
ATACACCCTTGTCGCC	1	1	0
GGTTACACGGGAAGGT	1	1	0
TCCGACACGAGTTTCG	1	1	0
CAAGGTACTGCGACAG	6	6	0
TCAAATGGCGTAGAAG	1	1	0
CCTATTTAGAGAATTG	1	1	0
CCATCCACTGGTTTCT	1	0	1
CTGCGATGCCCATCTG	1	1	0
AGTTGCGGCACAAGGC	1	1	0
AATGGCGTGTCAAAGA	1	1	0
AACGATTTCGCTCTCA	1	0	1
AGCATGCCACGCAGAG	1	1	0
GTTGTCCGATGCATGG	1	1	0
CGTTTCGTGTGTCGGA	1	1	0
CCACGTTGATATGCAT	1	1	0
CTCACATCGTGTCGGA	1	1	0
GAAGATATCGTGGATA	2	2	0
TGCACCAGCTGAGTGC	2	2	0
CGAAGAAGAAGCTTCT	1	1	0
GCCAAAGCGGGTTGGT	2	2	0
AAGTATTGAAGATTGT	1	1	0
ACTCGGAATCGACACC	1	1	0
AGCTCCACATATGCAT	8	8	0
ATCCTAGTCGGCTTAC	1	1	0
CTTTATCCGAACGATT	2	2	0
TAATCCATATATGCAT	0	0	0
AGCTCCACTCTGTGGT	1	1	0
TCTAAACTGCCTCTTT	1	0	1
GTCTAATCTACCGGCA	2	2	0
AATACATCCGCTCTCA	1	1	0
GGACTTCTTCCCGTAG	1	1	0
CCACGTTGTCTGCATC	1	1	0
TCAAATGGTTGTGACT	1	1	0
AGGTAAGCTTCACATA	2	2	0
AAGTATTGGTTTGTTT	1	1	0
CTGCTAGAACGCCATT	1	1	0
CTTCTACGATATACCT	1	1	0
AGTCCGTGCGACGTCA	2	2	0
ACCTTCCCATGGGCAC	3	3	0
GGCAAGGTCTTCTGGA	1	1	0
AAGAAGGTCAATTAGT	2	2	0
ACCCTCAAGGACTTCC	1	1	0
AATGGCGTCAGATTAC	1	1	0
ATTTCCATTAGAAATG	3	3	0
GTGCGAAGGTATGAGT	1	1	0
TCGTTCCCTAGCTTAT	1	1	0
AACAGAACGGCCTAAG	1	0	1
AAACAAACTTTGGGAG	1	1	0
CGAAACTCACCCATAT	3	2	1
CTTTCACTTTGTCGCC	1	1	0
GGTAGCCAACTTCAAT	5	5	0
AAGAAGGTCTTACGGG	2	2	0
AACGTTACTAACCCGT	1	1	0
GTGCCCATAAGCTTCT	1	1	0
TGAGCACAGCGTTGCT	1	1	0
TCGAGTTTGAGAATTG	2	2	0
AGCCATCTTGGAGGAG	1	1	0
GATTTCCCGCTTTCCA	2	2	0
GTACGCTTTAACCCGT	2	1	1
AGGGACTGTGATGCCC	1	0	1
CTGTCGCATTCGTTCC	1	1	0
AACGCCAAATATACCT	6	6	0
CCGACTTTTCCGTCCA	1	1	0
TCGCAATCAGAAGTTA	1	1	0
CGTTGCCTTGTGTCCT	1	0	1
TACCCTGCATCAGCGC	0	0	0
AAACGATCAAACTCGA	1	1	0
GATTTCCCAAACCTCC	1	1	0
GATTTCCCAGTGAAAG	0	0	0
GCCTTGTGATTGGGCC	6	6	0
ATATGCAACTTGGTGT	1	1	0
GTCCTTGCCGTATTTC	1	1	0
GGTAGCCAGGAATAGA	1	1	0
TCGTGGGTGGTGGGAT	1	1	0
AACGGTAGCCATTACT	1	1	0
ATACTCTCTACAAACT	1	1	0
GGTTACACGGTGACAC	1	1	0
CAGATGGGGCCGGATT	1	1	0
GGTCTTTCCACGGACT	2	2	0
GGATTGTTGGAATAGA	1	1	0
AGGCCGAAATGTTGGC	1	1	0
CCATGCATAGAGGTGG	0	0	0
ATACTCTCCTGAGTGC	2	2	0
GTCTGGAAGACAGATA	0	0	0
GTCCTTGCATTTCCGG	1	1	0
GCTTCTCCTGCCTCAC	3	3	0
GGTCTTTCCCGCTGTT	6	6	0
AAGGGACCCACAACAG	2	2	0
GGGTCTAGCGTAGAAG	0	0	0
CTCCTCCAGGGAAGGT	1	1	0
AAGAACAGTCTCACTT	1	1	0
CATTCATTGAGAATTG	1	1	0
CGTTTCGTCAGATTAC	1	1	0
TCCGACACAAGCGTAC	1	1	0
ACTAGAGCGTCTCTCT	1	1	0
TACGTTCGGATCTCGG	1	0	1
GTCTTCCTGGGAGGTA	1	1	0
GAATGCGCTAGTGTTT	1	1	0
TACCTCCCGGATAAAG	2	2	0
GCAAACTGCTTACTCC	1	1	0
AGTGCTTCGTGGATGG	0	0	0
GCATCACTCGGGCTTT	1	1	0
ATCTTGGCCGGCTTAC	2	1	1
ACTAGAGCTGCTATTT	1	1	0
GTACGGACTACAAACT	1	0	1
GTCCTTGCAAACAGGG	1	1	0
GTCAGGTTGGTGGGAT	6	6	0
CACAACCTGGGTTGGT	1	1	0
CGTGTACACCCTAACC	1	1	0
ACTAGAGCTTATAGCC	1	1	0
GCTACCGTATACTCTT	0	0	0
TGAATAGGTTGAGGGT	1	1	0
GTAAACAATGCTATTT	1	1	0
ATATGGGTGGTCTGAC	1	1	0
ATCCCACCGATGTATT	5	4	1
AAGGGACCCTCGATGC	1	1	0
ATCTTGGCCTTAGGTA	1	1	0
ACCTTCCCCTTAGGTA	1	1	0
AGCAACGCGTTTGTTT	1	1	0
TCGACTGCGAATACGC	1	1	0
AAACAAACCCGCTGTT	3	3	0
CAACGCAGGCGTTGCT	2	2	0
AATCCGGCAGGAAGAC	1	1	0
ACCTGAAGCAACAAAT	0	0	0
ACGGTTGGAATCGGGT	1	1	0
AGGCAATAGGGTTGGT	0	0	0
TGAGCACACCCATAGC	1	1	0
TCGCAATCGCAGGGTA	3	3	0
TAATCCATACCACGCT	1	1	0
TCTGATTTACGAAACG	1	1	0
TAAACCGACCTCGTCT	1	1	0
ATCCCACCTGCGACAG	3	3	0
GGTTACACCAGACCAT	0	0	0
AATCCGGCGTTGTCAT	1	1	0
ACCACAGAAGCTACGG	2	2	0
TGCTGACGGCAAGGAC	1	1	0
AGCATGCCCTACGAGC	1	1	0
GTCTTCCTCTTACGGG	8	7	1
TACCTAAGCAGACCAT	1	1	0
TAGTAGCCGTTGCACG	1	0	1
CATGCTGCCTGTCTGG	1	0	1
GGCACTTCCGATTGAT	4	4	0
AAGTCCAAAAAGCCTA	1	1	0
TAGCGGATGCTCTAGT	1	1	0
ACCTGAAGCGACTCCT	11	11	0
ACATGGACAACCTGAC	1	1	0
TCATACCACTACTTGT	1	0	1
TCTAAACTGAAGTGCC	1	1	0
AATCCGGCCGAGATGT	1	0	1
GTCAGGTTGAGTTCAC	1	1	0
GTCAGGTTATGGGCAC	1	1	0
GCGTATTCACGAAACG	0	0	0
CCGGAAATAAACAGGG	1	1	0
CTGTGACCTAACCCGT	1	1	0
AAACTACAATTGGGCC	2	2	0
CAACGCAGTAGTCTAG	3	2	1
GCTTCTCCGATTTACC	1	0	1
ACCCATGCAAATCAGA	1	1	0
AATGGCGTTCCCTGAT	1	1	0
TGAGAGCGGCGTTGCT	1	1	0
AGACGAGGAGAAGTTA	2	2	0
CTGTCGCAAACCTGAC	1	1	0
GTGTCACCTCACCGAG	2	2	0
AGTCCGTGGGGAAGGT	1	1	0
TACCTCCCCTTACGGG	6	5	1
TAAACCGACTTCAGGT	1	1	0
ACCCTCAATGTAGTTT	2	2	0
ATCGTAACCCGTGTTT	0	0	0
ACGAATTCCTTGGTGT	1	1	0
ATCCGCATGAAAGACC	1	1	0
TGGAAAGCCTGGTGCA	1	1	0
CCGACTTTGTGGATGG	1	1	0
TACCTCCCTTGTCGCC	20	20	0
GTAAGCCGATGCATGG	1	1	0
ACCCATGCTACTTGTG	1	1	0
CGAACCGATTTGTGTC	1	1	0
CTGTTGTGCTTACGGG	3	2	1
ACCCTCAAGTTGCACG	4	4	0
ACCCTCAAATCTTTGT	1	1	0
AGGTAAGCTACGTGCT	1	0	1
CCCTTGCAGAAGGCTT	1	0	1
AGGGTAAATGGGATTC	1	1	0
GCTTCTCCACGCTCAG	1	1	0
ATCCCACCGCAAAGCC	1	0	1
CGAAGAAGGGGTTGGT	1	1	0
CCTCATGACGGCTTAC	1	1	0
CTTCTACGCTTACGGG	2	2	0
AACTCAGTGTGGAGCT	1	1	0
TCATTTCAATTGGGCC	2	2	0
CGAAACTCCGTACCTA	1	1	0
CACTAACCAAGCTTCT	1	1	0
ACCAACCCTGTACACG	1	1	0
ACCAAGGGAGAGGTGG	1	1	0
ACCCGATTTTCCAGAC	1	1	0
AGACGAGGACTAGCCA	1	1	0
GCTAAGTTGGATAAAG	1	1	0
GGACTGGAGAAGTGCC	1	1	0
AAAGAGGCGCGTTGCT	2	2	0
GGGAGATGCTCTTGAC	1	1	0
GACACAAATAGAAATG	1	1	0
AAACACGGTTGATTCT	1	1	0
ATGCGGAGCACAACAG	1	1	0
ACTAGAGCCCCATCTG	1	1	0
CCACGTTGCCGTGTTT	1	0	1
GTCTGGAAGTTGCACG	0	0	0
GTGATAAAGACAGATA	0	0	0
CTGGGTATGACAAAGG	1	0	1
TCAAGGCGTTGATTCT	5	5	0
GGGATTACCTTTCTTT	2	1	1
CCCTTGCACTGGTGCA	1	1	0
AATACATCAGCGCGAT	2	2	0
GTGAACTCAGCGTAGG	1	1	0
CTGTGACCCCATTTGA	1	1	0
ATGGTCTGGCGCATTC	1	1	0
GGCGACAATTATCTGT	0	0	0
AACAAATGTGAGGTCT	8	8	0
GTCAGGTTAGCAGAAC	1	1	0
GTGGTGCTTGAGGTCT	1	1	0
GCGGTAACAATGAATG	1	1	0
CTAGTAGGGACAAAGG	1	1	0
TCAAGGCGTCCCGTAG	4	4	0
TCGTGGGTACTAGGAT	1	1	0
ATCCTAGTATATACCT	1	1	0
ACGGAGCAAGTGAAAG	0	0	0
CTGTTGTGAGAGACTA	5	5	0
CCGACTTTGTTGCACG	2	2	0
AGCATGCCAAGCTTCT	1	1	0
ACGCTTAAAGCGCCTT	2	2	0
CGTACCGAACGTATAC	1	1	0
GCAAACTGGGTCTGAC	1	1	0
TACCGCTCGGGAAGGT	1	1	0
CGAACCGACGTAGAAG	1	0	1
ATGCGGAGGGCGGTTT	2	2	0
ACGGGTTACGTAGAAG	1	1	0
CTCAAACACTACGAGC	1	1	0
GGGAGATGGGTCTGAC	1	1	0
ATAAGCTACGCCTTGA	1	1	0
AACGGTAGGATTGCGA	1	1	0
GGAACGAAAACAATCC	0	0	0
CTGTGACCGAGCCCAT	3	3	0
TACCCTGCGAAGCACT	3	3	0
GTATACGTGTACACTC	0	0	0
GGTTGAGAAGCGCGAT	1	1	0
CCTTTGTCTCTCAACC	1	1	0
ATATGCAAGATGTGAG	1	1	0
ACCCTCAACGACTCCT	1	1	0
AACTCAGTTTAGGACC	1	1	0
ACCAACCCGATGTATT	1	1	0
GATTTCCCTGTGGCTA	1	1	0
GTGCCCATCATTTGTT	1	1	0
CGATGGCAATGAAGCA	0	0	0
GCCTTGTGCTTCGATT	2	2	0
TCTGATTTCTTTCTTT	4	4	0
GGCTATAACCGTGTTT	1	1	0
GGCTTTGCAAACAGGG	1	1	0
CTACGGGACGTCAGCA	1	1	0
CGTGCAACAATGTTTG	2	2	0
GTCAGGTTCTACTTGT	3	2	1
AGCACGTATGTGTCCT	1	1	0
TCTATTCCAGCGCGAT	2	2	0
ACTGGTCAGGCGGTTT	1	1	0
ACAAAGATGCAAGGAC	1	1	0
TACCGCTCGGCCCTTA	3	3	0
TGCTGACGGCTTTGGC	1	1	0
AGGAGTCGGTCCATGT	3	3	0
ATCCCACCCCTACTAG	1	0	1
ACGGAGCAAAACTCGA	1	1	0
CGAAGAAGAGCAGAAC	0	0	0
AGTTGAACGATGTGAG	1	1	0
CGAACCGAGCAACCTG	1	1	0
TCCGACACGTGTAACC	1	1	0
CACTTGATTTGTCGCC	1	1	0
ATTACCTTAATCGGGT	2	2	0
CCATGCATGTTTGTTT	1	1	0
TGGTGTCTTTAGGACC	1	1	0
GTAAACAAGAGAATTG	1	1	0
GGAACGAAAGGAGCTT	2	2	0
AAACAAACTAAGACGG	1	1	0
GCGGTAACACCCATAT	2	2	0
AGTAATGGGGAATAGA	3	3	0
CGTGTGTTCGCTCTCA	1	1	0
CTGTTTCCTGGGATTC	0	0	0
AAGGGACCGGGTGTAT	1	1	0
CTCCCAAAGAAAGACC	2	2	0
TGCTTCATTCATATGG	1	1	0
TCAAGGCGGCGTTGCT	2	2	0
AAATTCCGCAAGTCAT	4	4	0
AGGTAAGCCTCGATGC	8	8	0
TGCCGGTATTCGTTCC	1	1	0
CTGTTGTGATACCCAG	1	1	0
TGACGTCGACTGCCGT	1	1	0
GTCAAGAGGCCTCTTT	1	1	0
ATGGTCTGAAACTGGT	1	1	0
ATATGGGTCAACAAAT	3	3	0
ATTGGCCCCACAAGGC	2	2	0
CCACCTCTCTGTTCTT	1	1	0
GTGTCACCTCGACACC	3	2	1
TAGCGGATCTTACGGG	1	1	0
CCCGTTCTATGGAAAT	1	1	0
CTTTGGACAACCTGAC	0	0	0
GCGCTGATCAATTAGT	1	1	0
GGTTGAGAGTGGATGG	1	1	0
GTATTGACTTGAGGGT	1	1	0
GCGTGCAATGCGACAG	1	1	0
AGTAGTTACGGGCTTT	1	1	0
CTTAGGCCGTTACGAT	1	1	0
GAGCGGAATAGTGTTT	1	1	0
TCTTTGACATGGATTA	0	0	0
GTCTAATCGTCCGTAC	3	2	1
AGAGAGACTGCCTCAC	1	1	0
AAACAAACGTTCTGTT	3	3	0
GGTGTCGAACTGAGTT	1	1	0
ATTTCCATTCCCTGAT	1	1	0
ATCCTAGTGTCTCTCT	1	1	0
AGCACGTACGCCTTGA	0	0	0
CGAGGCTAGTGGATGG	1	1	0
CTCGGTGAGTCCATGT	1	1	0
TCGACTGCTTGCACGC	1	0	1
TCCCTGGATTAGGACC	1	1	0
AGTAATGGTTGTGACT	2	2	0
AAACAAACGCTCTAGT	6	6	0
GTGTCACCTAGTGTTT	1	1	0
CATGACGAGGCGGTTT	1	1	0
TCGTGGGTCTACTTGT	7	7	0
AGAAAGTGGGATAAAG	2	2	0
ATGCGGAGACGTATAC	1	1	0
TGAATAGGGACGATGG	0	0	0
AGACGAGGCACTCCTC	3	3	0
CTGAGCGTGGGAGGTA	1	1	0
CCCGTTCTGAGAATTG	1	1	0
CTTCTACGATGTTGGC	1	1	0
TGCACCAGAACCTGAC	1	0	1
AGCCATCTTGCCTCAC	1	1	0
TCATACCAGTCAAAGA	1	1	0
CATGCTGCGTGGATGG	1	1	0
TCGTGGGTATGAAGCA	1	1	0
ACAGGCCAGAGGCTGA	1	1	0
ATATGCAAGGGAACCT	1	1	0
GTGAGGCACTTACGGG	4	4	0
GCATCACTGATTGCGA	1	1	0
GGGTCTAGACGTATAC	0	0	0
TGCTGACGTTGGCGTT	1	1	0
ATTTCCATAGCGAAGT	7	7	0
GCATCACTCTTACGGG	3	2	1
AAGTCCAAGTACACTC	1	1	0
AGTAGTTATCGAAGCT	1	1	0
GTCAGGTTGTATGAGT	4	4	0
CGAGGCTATCTGCATC	1	1	0
ATGACAACAAGGTAAT	2	2	0
GGCAAGGTGTTACGAT	2	2	0
ACATCTCGAGGAGCTT	1	1	0
GCACTCAGGACAAAGG	0	0	0
ATGCGGAGCCTCGTCT	1	1	0
CCATCGTCAGCGCCTT	1	1	0
TAGCCACACGGGCTTT	1	1	0
ATGACTTGCTTCTGGA	0	0	0
CACTAACCATTCAGTA	1	1	0
GTATACGTTGGTATGA	0	0	0
TCCGCTGTCGGACAAC	2	2	0
ATGCATATCAATACTT	1	1	0
AGTAGTTACAAGTCAT	1	0	1
CTTAGGCCGTGTCGGA	0	0	0
GTATTGACCGGCACAT	0	0	0
ATGCATATGCAGCATG	1	1	0
AGGGACTGCGTATTTC	1	1	0
AAACGTGAGAAAGACC	2	2	0
GTAAACAAATTTCCGG	1	0	1
CAATTCTCTGCAAGGG	1	0	1
TCGTGGGTGGATAAAG	1	1	0
GTCAGACCAAACTCGA	2	2	0
GATTTCCCAGGTTGTG	1	1	0
GTCCTTGCGGCTACTA	0	0	0
CAATCTAGATGAAGCA	1	1	0
AGAATCAATGTACACG	0	0	0
GTCAGGTTGTGGATGG	1	1	0
CTGAGCGTATCTTTGT	1	1	0
GCGTATTCCCGCTGTT	1	1	0
GTATTGACTTCCGCTC	1	0	1
ACAGGCCAAGTGAAAG	1	1	0
CATTTCTAAGAGGTGG	1	1	0
AACGATTTGATGTGAG	0	0	0
GGTCTTTCTCCAGTCC	1	1	0
CCACCTCTTTATCTGT	1	1	0
GTGTCACCCACTCCTC	2	2	0
TAATCCATAGAGACTA	1	0	1
AAGTTGTCATATACCT	5	5	0
GTGCCCATAAGCGTAC	1	1	0
ACGGGTTACCTGTTAT	4	4	0
AAGGGACCGCACCTCT	1	0	1
GGACTTCTTACCGGCA	2	2	0
CATGACGACTGCGTTG	1	1	0
ATAAGCTAGTAATCCC	1	1	0
ATCCTAGTAAGGTAAT	0	0	0
ATTTCCATTACAAACT	1	1	0
GTTCTGCTTAGAAATG	1	1	0
ACGAATTCAACACACG	1	1	0
CCACCTCTTACCGGCA	1	0	1
GCGTATTCTTTGGGAG	0	0	0
GTCAGGTTAGCGTAGG	1	1	0
AAACACTAACTTCAAT	1	1	0
CAGGTTGCTGTGGCTA	9	9	0
GTGCGAAGATGACTTT	0	0	0
GTCAAGAGAGGCAACG	0	0	0
TACTGAATAGCGCGAT	1	1	0
TAGTAGCCGCGTTGCT	2	2	0
GATTAAAGTCGGTTTA	1	1	0
AGCAACGCAAATGTCG	1	1	0
TATCCACGATGGGCAC	1	1	0
GGAACGAAAAACTCGA	2	2	0
CTGAGCGTCCCGAATG	1	1	0
TCCAGAAGAGCGCGAT	1	1	0
GAAATACGGCTCTAGT	1	1	0
GGTTACACGATTAGAC	1	1	0
CCACCTCTTGGTATGA	1	0	1
ACGAATTCCATCTCCC	1	1	0
TACTGAATACGAAACG	2	2	0
CAAGGTACGGTGGGAT	1	1	0
ACGAATTCTTAGGACC	1	1	0
CAAACATTTAGCCTCG	0	0	0
GTGTCACCTAGAAATG	5	5	0
CAATTCTCGAAAGACC	1	1	0
AAACCGCCCTAGATTG	1	1	0
CAGGTTGCAGAGGTGG	1	0	1
CTCTGCGTCTCCGCAT	9	8	1
AGTTGCGGAATGAATG	1	1	0
ATCGCGCTTGGTTTCT	1	1	0
ACGACGACAATCGGGT	3	3	0
TGCCGGTATGACGGAC	2	2	0
GACACAAACGAGATGT	3	2	1
CTCACATCGTCCAAAG	1	1	0
ATTACCTTTTCACATA	1	1	0
ATTGGCCCGGGTTGGT	1	1	0
AGGTTCCCGCAGCATG	1	1	0
CCTCATGACGGGCTTT	0	0	0
CTGTTGTGATGTTGGC	1	1	0
ATCAGGGAAAACTCGA	1	1	0
CTGTTTCCTGAAATGA	1	1	0
CAAGGTACGGCTACTA	1	1	0
ATCCGCATAAACTCGA	1	1	0
CATGACGACACTCCTC	1	1	0
CTCACATCGAAAGACC	1	1	0
GACACAAACTTTCTTT	1	0	1
TGCACCAGAGGAGCTT	1	1	0
CGTTGCCTCTAGATTG	1	1	0
CTCACATCCCGCAACT	3	3	0
ACAAAGATGCTCTAGT	1	1	0
GGCGACAATGCTCCGT	1	1	0
TCGTGGGTTTCCGCTC	1	1	0
CAATCTAGCTTAGGTA	1	1	0
GTGTCACCTCCCGTAG	3	3	0
GAGCGGAACAGTCCCT	1	1	0
ACTAATTGTCCGTCCA	1	1	0
CTTTGGACCAAGTCAT	1	0	1
ACAGATAAAGCGCCTT	2	2	0
ATTACCTTGGCTACTA	1	1	0
AAACGATCCGCTCTCA	2	2	0
GTGTCAGGCGTATTTC	6	5	1
AATAAGGAGCACCTCT	1	1	0
GTGCGAAGGGAAACAG	3	3	0
ATTTGTTGAATGAATG	2	2	0
TGCGACTACTGCGTTG	1	1	0
AAACACGGTTCGCTGG	2	2	0
GGGATTACATGACTTT	1	1	0
TACCGCTCGGTGGGAT	1	1	0
GGCGACAATTCGGCCT	2	2	0
ACCCTCAATGGTTTCT	1	1	0
TCGCAATCATGGATTA	1	0	1
AAAGAGGCTTCCAGAC	1	1	0
CCGAGATCAAACGCCT	0	0	0
CAGTTTAAGAGGCTGA	5	5	0
ATGCGGAGGTATGAGT	4	3	1
GGACTGGATCGTCATG	1	1	0
GTACGCTTAGCGCGAT	1	1	0
GCCAAAGCATCAGCGC	1	1	0
TACGTTCGCGGCTTAC	1	0	1
CCATCGTCCAGGTGTC	6	6	0
ACTTCGCTACGTATAC	0	0	0
TAGTCTCTAAAGTCGG	0	0	0
GCGTGCAAGTTACCGC	1	1	0
GTGTCACCGAGTTCAC	4	4	0
AAACGTGAAATTCCCA	1	1	0
AGCTCCACACCTTCTT	0	0	0
ATTCTGAGCGAGATGT	1	1	0
CCGACTTTTAAGACGG	0	0	0
ATCGTAACAGCGCCTT	1	0	1
AGCTCCACGCGTTGCT	2	2	0
TAAACCGAGAAGCACT	1	1	0
CAATTCTCAGGAGCTT	0	0	0
CTAACGCCAAACTGGT	2	2	0
GCATCGAGGAATTCGT	1	1	0
ACTGGTCAGCAAAGCC	2	2	0
ATGCGGAGGAGTTTCG	1	1	0
ACAAAGATTGATGCCC	1	1	0
CCACCTCTCACAACAG	1	1	0
CGAAGAAGTTAGGACC	1	1	0
ACGACGACCAGTCCCT	1	0	1
ATAAGCTACTACTTGT	1	1	0
GTGTCACCTTGATCTA	3	3	0
ACCCTCAACTTACTCC	1	1	0
CACAACCTGTCCATGT	1	1	0
GTCAGGTTGATGTATT	2	2	0
ATCAGGGACGCCTTGA	1	1	0
GAGCGGAACCCGAATG	0	0	0
CACAACCTTTGTCGCC	9	9	0
TGCTTGGGTACAAACT	1	1	0
CGATGGCAGAGCGGTA	1	0	1
GGTAAATCTCTCACTT	1	1	0
ACCTTCCCACGCTCAG	2	2	0
ATGCATATGGTCTGAC	1	1	0
CAACGCAGTCCAGTCC	1	1	0
ATATGGGTGGCGTTAG	1	0	1
GCACTCAGTCTCAACC	2	2	0
TACTGAATTGGCCTGT	8	8	0
ACCAGTTTTCCAGTCC	1	1	0
CTGCTAGAGGTCTGAC	1	1	0
TCTGATTTATACTCTT	1	1	0
TCGTTCCCTCGGTTCG	2	2	0
CTGCTAGACTACTTGT	0	0	0
CACAACCTCGGGCTTT	1	1	0
CAATCTAGATATGCAT	0	0	0
TGCTTGGGAAACTGGT	1	1	0
GCGTATTCAGGAGCTT	2	2	0
GAGTGTACATCAGCGC	1	1	0
TATCTGTCAAACCTCC	1	1	0
CCAGCGAAGTCCGTAC	1	1	0
GAGCGGAAAGATGGCT	1	0	1
ACGAATTCCGAATAAT	1	1	0
GTAAGCCGTCGGTTTA	1	1	0
TGCTGACGGAAGTGCC	1	1	0
GAAAGACACTATAGAG	3	3	0
ACTTCGCTGTTTACGT	1	1	0
ACCCGATTGGGTTGGT	1	1	0
GTGCCCATAAACAGGG	1	0	1
AACGCCAAAGAGACTA	6	6	0
ACTTCGCTGGCGGTTT	0	0	0
ACCCTCAACACAGTTT	1	1	0
ACCTTCCCGGTGGGAT	3	3	0
CTACGGGAAAGATTGT	1	0	1
ACGAATTCAGGATTCA	3	3	0
TCGGTCATTTCCGAGT	1	1	0
TCAAATGGAAGCGTAC	1	1	0
GTATACGTAGCACCAC	1	1	0
TCGAGTTTATATCTTC	3	1	2
TCCGACACAGAGGTGG	1	1	0
GGTTACACGAAGTGCC	1	1	0
TCTGATTTTAGAAATG	4	4	0
GTGCCCATAAGGTAAT	1	1	0
AGCCATCTACGTATAC	1	1	0
ATATGGGTCCCTTCAG	1	1	0
ACAGATAATTGCACGC	1	1	0
GGCACTTCCTACGAGC	12	12	0
GTGTCACCCTCAGAAT	1	1	0
TAGCGGATAGATGGCT	5	5	0
AGGCCGAAATCCGCTA	1	1	0
GTCCACTATAACCATC	1	1	0
AGCGTGGTTCGGTTTA	1	1	0
CTCCTCCAGTTGCACG	1	1	0
CTGGAACATTTGGGAG	1	1	0
GCATCACTGGCCTAAG	1	0	1
AATAAGGACGACTCCT	2	1	1
CTAACGCCGCATGGGT	0	0	0
AAACTGTGAAATCAGA	1	1	0
ACCCATGCCGGGCTTT	1	1	0
GTCTTCCTCTCTTGAC	1	1	0
GCGCTGATTGTGGCTA	0	0	0
GTCAGGTTCTTCTTCG	2	2	0
CGAAACTCGTGTCGGA	1	1	0
ATAGATGTACCCATAT	1	1	0
GGTTACACCTTACGGG	1	1	0
CCATATGAACGTATAC	1	1	0
GCTTCTCCTTGTGACT	5	5	0
GAGGAGTGCGCTAATA	1	1	0
TGTTATCATTCCGAGT	1	1	0
TCGACTGCAGATGGCT	1	1	0
CGAAACTCATTCGACG	1	1	0
CCAGCGAATGCAAGGG	0	0	0
CCCGTAAGTTAAGCGT	1	0	1
CCGTCTTACTGAGTGC	3	3	0
AGGGACTGTGTCTTTC	4	4	0
GAGCGGAACGCTCTCA	1	1	0
CCCTCTTGCACAAGGC	1	1	0
ATACTCTCTGATGCCC	1	1	0
CTTAGGCCTAACCCGT	8	8	0
ACCTTCCCAGGAGCTT	1	1	0
CACTTGATGCTCTAGT	1	1	0
ACCACAGATAGTGGAC	1	1	0
CACTAACCGCTCTAGT	2	1	1
AAACTGTGCGAGATGT	1	1	0
CGAAACTCCCGTGTTT	1	0	1
CACTAACCGCAGCATG	1	1	0
TAGCGGATGATTAGAC	1	1	0
TCGACTGCGTCATATT	1	1	0
ATTTCCATCGTATCGG	1	0	1
ACCTTCCCTCGGTACG	1	1	0
AGGCGTTTGTGGAGCT	1	1	0
AGCAACGCGGGCCAAT	2	2	0
AAAGTCATGATCGTTT	1	1	0
AAACACGGCCGCTGTT	1	1	0
AAGAAGGTGGGAACGA	1	1	0
ATGACTTGCTAGATTG	2	2	0
GTCAGACCTACAAACT	1	1	0
CAGTTTAACCCTAACC	1	1	0
GCTATGGGTCTCACTT	0	0	0
TGCTTGGGGGCGTTAG	1	1	0
CTCACATCCCTGTTAT	2	2	0
TAATGTGGAAACTGGT	1	1	0
GAAAGACAACGGTAGC	1	1	0
TCTATTCCCAGATTAC	2	2	0
ATCCCACCAAGCTTCT	4	4	0
TGCACCAGAAAGCCTA	1	1	0
TACCCTGCAAGCGTAC	1	1	0
CTGTTAAATGGAGGAG	1	1	0
TACCTCCCCCTCGTCT	1	1	0
GGATTGTTACCACGCT	1	1	0
TACCCTGCGAGAATTG	3	3	0
TCATTTCAGAAGTGCC	1	0	1
AAGAAGGTTACCAGGC	0	0	0
AAAGAGGCAGAACGGG	3	2	1
GTGTCACCCTGGTGCA	2	1	1
CCGACTTTAATCGGGT	1	1	0
GGAACGAATGCAAGGG	0	0	0
AGTTGCGGGGCTACTA	1	1	0
ATTTCCATGCTTTCCA	1	1	0
AGTGCTTCCGCCTTGA	1	0	1
CAGACTCGGGAGAAGC	0	0	0
CTTAGGCCGAAGTGCC	2	2	0
GCATCGAGATATACCT	1	1	0
GGTTAGGGCTTACGGG	2	2	0
ATCCGCATATACTCTT	1	1	0
ACCAACCCCCGTGTTT	2	2	0
TCTGATTTCCGCTGTT	15	15	0
TCCCTGGAAGGATTCA	1	1	0
ACCTTCCCTGTGCTCA	1	1	0
TCGCAATCCTGTTCTT	1	1	0
TACCGCTCTAAATAGG	1	1	0
CATTTCTAACGAAACG	1	1	0
GTGTCACCTGGTTTCT	1	1	0
AGAAACCACTAGATTG	1	1	0
TAGGTACGGCGTTGCT	1	1	0
CCTTTACACTACTTGT	2	1	1
TCTATTCCGTCAATAC	1	0	1
CCATCCACGGTTAGTG	1	1	0
TAGCCACACCTACTAG	1	1	0
GTATTGACCTACTTGT	3	3	0
CGAAGAAGTTTGGGAG	0	0	0
CATTCGGGTCGGTTCG	2	2	0
TGCACCAGAATCGGGT	1	1	0
AAGTATTGTTTACCCT	1	1	0
TGTTATCATCGACACC	2	2	0
TCAAGGCGTCGGTTCG	0	0	0
AAAGCCCGCGTATCGG	5	5	0
GATACGCAATCCGCTA	1	1	0
TCCGACACCGTACCTA	4	4	0
AGGCCGAAGTTAACCA	3	3	0
ACCCGATTAAAGTCGG	1	0	1
TAGCCACAGTATGAGT	4	3	1
AGTCACAAAAACTCGA	1	1	0
GACACAAATTATCTGT	1	1	0
ATTTCCATATATAGGA	2	2	0
GTCAGGTTAGAAGTCC	1	1	0
CAAGGTACGCCAAGAT	1	1	0
GGTGTCGACAGGTGTC	1	1	0
TAGATCAACGAGATGT	1	1	0
ACGAATTCGAACGATT	1	1	0
GATGTGGCAAACAGGG	1	1	0
GAATCCCACCTGACAC	1	0	1
GAAGATATCCCGACTT	1	1	0
CTGCGATGGAGCCCAT	1	1	0
CGACATTTAGAAGTCC	1	1	0
AAATTCCGAAGCTTCT	1	1	0
ATAACAGGAACCTGAC	1	1	0
CCGTAGCTTCGGTTTA	1	0	1
CAAGGAATCGTAGAAG	1	1	0
ATTGGCCCATATACCT	3	2	1
GGTAAATCCGATTGAT	1	1	0
GATTGGGAGTAATCCC	2	2	0
GATTTCCCCCAGCAGT	1	1	0
TAGATCAACTCCGCAT	0	0	0
TCATACCACACAAGGC	1	1	0
AGTAATGGATATGCAT	1	1	0
AGTTGCGGCTCTTGAC	0	0	0
AAGTCGGGGTTTACGT	1	1	0
GTCAGGTTGACAAAGG	2	2	0
CGAACCGATGCTATTT	1	1	0
GAGCGGAAAACTTAGC	1	1	0
TACCTCCCTACAGCCG	2	2	0
ATTTGTTGGAACGATT	12	12	0
GGAGTAAGAGCGCCTT	1	1	0
CCACCTCTAAACGCCT	0	0	0
AGTAATGGAAATGTCG	2	2	0
GAAGATATTAGCCTCG	1	1	0
CCGAGATCTTGAGGGT	0	0	0
TACCGCTCCGCTCTCA	1	1	0
GTGCGAAGAATCGGGT	0	0	0
TACCGCTCAATGAATG	1	0	1
CTCTGCGTAGAACGGG	2	2	0
GTCCACTACGGGCTTT	1	1	0
CAAGGTACCTACGAGC	1	1	0
TATGTGAAATACTCTT	1	1	0
GGAACGAAGCACCTCT	1	1	0
AGTTTGTAAACCTGAC	2	2	0
GGATTGTTAGGCAACG	1	1	0
CGGCTGTATTTGGGAG	5	5	0
CGTTGCCTTAGCTTAT	1	1	0
CCCGTAAGTACGTGCT	1	1	0
CAATCTAGATCCCACG	1	1	0
ATGGTCTGCTGAGTGC	1	1	0
TAAACCGATGTTTGAG	1	1	0
ATTTCCATCGGAATTT	1	1	0
ATGACAACAGGAAGAC	1	1	0
ATTTCCATATGTTGGC	1	1	0
TCCGACACTTGAGGGT	1	0	1
AAGCTCCTATACTCTT	1	0	1
CCTCATGATGACCCTC	1	1	0
ACCACAGAGAAGCACT	1	0	1
TGGTGTCTTCTAGCAG	1	1	0
CGATGGCAGGCCCTTA	1	1	0
TCAAATGGCGCTCTCA	1	1	0
TGCCGGTATCTGTGGT	5	5	0
GGTTAGGGACTAGGAT	2	2	0
GTCCTTGCGTAACGTT	2	2	0
GTGTCACCGACGATGG	1	1	0
CTAGTAGGCGCTAATA	1	0	1
AAGTTGTCTAGAAATG	1	0	1
AGCAACGCATTCGACG	0	0	0
GGCTATAACTGCGTTG	1	1	0
GGGTCTAGGCAAGGAC	0	0	0
CCATCCACCGTAGAAG	1	1	0
TATCCACGCTAGATTG	1	1	0
AGTTTGTAAGCGCGAT	1	1	0
CCGTCTTAGGCGGTTT	2	2	0
CTGGAACATCTGTGGT	1	1	0
GTATTGACACATCTAT	1	1	0
GTCAAGAGGCCACATC	8	8	0
GAGGAGTGCCATTTGA	2	2	0
AATCCGGCTGATGCCC	1	1	0
ACGGGTTACGACGTCA	2	1	1
CTGTTTCCAAACTCGA	1	0	1
CCACCTCTAATGTTTG	1	0	1
GCCTTGTGATTCGACG	1	1	0
GCCTTGTGATGCGGAT	2	1	1
AGCAACGCTAGTGTTT	4	4	0
ACTGGTCACGCTCTCA	0	0	0
TCGTTCCCGTGGATGG	1	0	1
AGGTTCCCTAGAAATG	0	0	0
GTCAGGTTTCGAAGCT	2	2	0
TACCCTGCTAACCATC	1	1	0
AGTTGAACCGAGATGT	1	1	0
CTAGTAGGTTGAGGGT	1	1	0
ATTACCTTCGGGCTTT	1	1	0
ACCCTCAAGCGCATTC	1	1	0
TGAATCCTCTTCTTCG	1	1	0
ACATCTCGAGCGCGAT	1	1	0
GGTTGAGAACAGCGGA	2	2	0
AGACGAGGGCAAGGAC	1	0	1
CGTTGCCTCGGAATTT	1	0	1
TCTAAACTCACGGACT	1	1	0
CCTTTACAACACTAAG	1	1	0
CCACGTTGCCCATCTG	2	1	1
CACTAACCGCAGGGTA	1	1	0
AAGTATTGGAGAATTG	1	1	0
CAATCTAGTTAGGACC	1	1	0
CTGTTGTGAGGCAACG	1	1	0
GAATCCCAGAGAATTG	1	0	1
GTGCCCATGCGTTGCT	1	1	0
ACCAACCCGAAGTGCC	3	3	0
GTGATAAACTTCGATT	0	0	0
CCATCCACTAAGACGG	1	1	0
AAACAAACAACTTAGC	0	0	0
ACCGTCGAGTCAATAC	1	1	0
GAGTGTACCTACGAGC	6	6	0
TAGCCACAGAAGTGCC	1	1	0
CGAGGCTATAGAAATG	1	1	0
TACCTCCCGTTGCACG	3	3	0
ATTTCCATAAACCTCC	1	1	0
AGCATGCCCCTCGTCT	1	1	0
GGTTAGGGTCCGTCCA	12	12	0
TACCTCCCGATTTACC	1	1	0
AAGTCCAAGCTCTAGT	12	12	0
ACAAAGATAGCGCCTT	1	1	0
GTCTTCCTCCATTTGA	2	2	0
CCACCTCTTGAGGTCT	1	1	0
TCGTTCCCGGCGTTAG	2	1	1
TGCTGACGCCCTTCAG	1	0	1
GTGTCACCGGTGACAC	3	3	0
CTCCCAAAAATCGGGT	3	3	0
CTCACATCTACTTGTG	0	0	0
TCGTGGGTAAATGTCG	1	1	0
AAGGATGAAGATGGCT	1	0	1
GTCTTCCTCGCTCTCA	1	1	0
GGTCTTTCTCCTTATT	1	1	0
TCCGCTGTCTGGTGCA	1	0	1
GCATCGAGAAATGTCG	1	1	0
AAAGTCATAGGCAGTT	1	1	0
TGAATAGGTTTGTGTC	1	1	0
GCCAACATTCGGTACG	1	1	0
AATAAGGATCGAAGCT	2	2	0
CATTCATTTCCAGTCC	1	1	0
GTTACTAGCTTCAGGT	1	1	0
CAAGGGTTGGAATAGA	5	5	0
CGTGTGTTTTGTCGCC	3	3	0
GGCTATAAAAACTGGT	1	0	1
TGCACCAGCACAACAG	3	3	0
GCCAACATCTCCGCAT	1	1	0
GTGTCACCCGCTAGTC	1	1	0
ACGAATTCCAGACCAT	1	1	0
TGACGTCGCAACGTGG	1	1	0
AGAGAGACAGCGCCTT	1	1	0
AATCGAAGCTTACGGG	1	1	0
ACCAACCCGCTTACCT	1	1	0
CACTAACCGTTACGAT	1	1	0
GTTGTCCGATCAAGTG	5	4	1
TACCGCTCAGGATTCA	1	1	0
AGCACGTAGAAGCACT	1	1	0
CTGGGTATGCAGCATG	1	1	0
AACGATTTCGTAGAAG	0	0	0
ACGAATTCATGGGCAC	1	1	0
GGACTTCTAGAACGGG	1	1	0
CTAACGCCGGTCTGAC	1	1	0
AAATAGCAATCCGCTA	1	1	0
AAACACGGCCGTGTTT	1	1	0
TACTGAATCCGTGTTT	7	7	0
GGACTTCTCTGCGTTG	1	0	1
GGGTCATTTAACTACT	1	1	0
ATTGGCCCACCACGCT	0	0	0
CATGACGAACAGCGGA	2	1	1
AGCACGTACTTGGTGT	2	2	0
TAGTAGCCCGAATAAT	1	1	0
ATTGGCCCATCCGCTA	1	1	0
GAAGATATAGGATTCA	4	4	0
ACGAATTCCGGGTAGT	1	1	0
AAACGATCCCTCGTCT	1	1	0
CTAGTAGGACGCCATT	6	5	1
ACGCTTAAGTCTCTCT	1	1	0
CGATCCAAAATCGGGT	1	1	0
TACCGCTCGCGTTGCT	3	3	0
CCTATTTATGTACACG	1	1	0
ACTACCCGAGCGCGAT	1	1	0
CTTTCACTGTCCATGT	1	1	0
TCCAGAAGTGCCATCG	0	0	0
CCAGACAGATGACTTT	1	0	1
ATATGGGTCGTGGATA	1	1	0
ACGGGTTACTTCTGGA	2	2	0
GAGCGGAATAACCATC	0	0	0
GATGTGGCGCATGGGT	0	0	0
ACCTTCCCTGATGCCC	1	1	0
TAAGGGCCAAACTGGT	2	2	0
CGTTGCCTTAACCCGT	1	1	0
ACCTTCCCTCGAAGCT	1	1	0
TGCTGACGGCTCTAGT	1	1	0
CCAGCGAAATACTCTT	2	2	0
ACTACCCGAGGCAGTT	1	1	0
AGAATCAATTGAGGGT	1	1	0
AAGTCGGGTACGTGCT	1	1	0
TACCTAAGTTGGACTT	1	1	0
AACGTTACGAAGTGCC	1	1	0
GCATCGAGATGGGCAC	1	0	1
ATGGGCTCTACAAACT	1	1	0
TCTTTGACCTGAGTGC	2	0	2
ACTGCTGGTGCCTCAC	2	2	0
CCCTTGCATCGGTTCG	0	0	0
CCGTAGCTCGAATAAT	1	1	0
TAATCCATTAACTACT	1	1	0
GTCCGTCAATATACCT	2	2	0
ACCCATGCGTTCTGTT	3	3	0
CCTATTTATGGAGGAG	1	1	0
ATAACAGGATGTTGGC	1	1	0
GTCCTTGCTGGAGGAG	1	1	0
CCATCCACATCCGCTA	1	1	0
AGGTAAGCAGTTTAGA	1	1	0
CCAGCGAAGATCGTTT	1	1	0
GAAATACGAGCGCGAT	2	2	0
ATACTCTCGAGTTCAC	3	3	0
CTGTTAAAAAATCGTT	4	4	0
ATTTCCATACGCAGAG	1	1	0
CACAAGTATGGCCTGT	0	0	0
TAAACCGAATACTCTT	1	1	0
CTAACGCCTGCAAGGG	1	1	0
ACGACGACGGGAGGTA	1	1	0
AGTCCGTGCTCGCGTA	1	1	0
ATTCTGAGGGGAGGTA	1	1	0
AACGCCAAAGGAGCTT	1	1	0
AAGAGTATAAATGTCG	1	1	0
ACAATCTTTCCAGTCC	2	0	2
ATCGTAACTAGAAATG	1	1	0
ATATGCAAGGTCACAG	1	1	0
AGGAGTCGCGGCTTAC	0	0	0
TCCGCTGTGCGTTGCT	2	2	0
ACCTTCCCGCAGGGTA	2	2	0
AATATGACAAGGTAAT	2	2	0
ACCAGTTTCTTCGATT	2	2	0
CGAAGAAGATCTTTGT	1	1	0
TGACGTCGCCATTTGA	1	1	0
GCTTCTCCTCGGTTTA	1	0	1
CGACATTTCTTCGATT	1	1	0
TGAGAGCGGGACTTCC	0	0	0
AGGAGTCGTTCGGCCT	1	0	1
CCTTTGTCTGCCTCAC	1	1	0
CCACCTCTTGTGGCTA	0	0	0
ACTTCGCTAGCAGAAC	1	1	0
AATGGCGTCCAACCGT	1	1	0
CCTATTTAAAGGTAAT	1	1	0
TAGCCACACTAGACCC	1	1	0
CATTCATTGGCATGCT	1	1	0
CGTTGCCTGGTTTCTC	2	2	0
ACGAATTCGGAATAGA	1	1	0
AGTAGTTACCCAAGCA	1	1	0
ATTGGCCCGCATGGGT	1	1	0
AAAGAGGCCCCTTCAG	4	4	0
GTGCGAAGGGTCCCTT	2	2	0
CTGGGTATTCATCCTT	1	1	0
CGTGGGATCTACGAGC	1	1	0
ACTAGAGCAAAGCCTA	1	1	0
TATCTGTCCAACAAAT	0	0	0
TCCGCTGTAAACTCGA	2	2	0
GCCTGGTACTAGATTG	1	1	0
TGGTGTCTCTGTTCTT	1	1	0
TCTATTCCGAAGGCTT	3	3	0
TGCTTCATCTGCGTTG	1	1	0
TACCTCCCCTCCGCAT	1	1	0
TACGTTCGTGGCCTGT	1	1	0
ACTGCTGGTTGTTTAC	1	1	0
CCGACTTTGGGAACCT	1	1	0
CGTGCAACGTAATCCC	1	1	0
ATTGGCCCTATTGCCT	0	0	0
AGAAAGTGACGAAACG	1	1	0
TCCAGAAGAGATGGCT	1	1	0
AACGCCAAAAACTGGT	1	1	0
CTGAGCGTCGTGCTAG	2	2	0
AACAGAACGGACTTCC	1	1	0
GCCTTGTGTTCGTTCC	1	1	0
AACAGCGGCTGTTCTT	2	2	0
ATGGTCTGTAGTGTTT	1	1	0
GTCAGGTTGCGTTGCT	2	2	0
GATGCAGACTTACTCC	1	1	0
TACTGAATGGCGGTTT	1	1	0
GTGTCACCGTCGTCGT	1	1	0
AAACGATCAGACACCA	1	1	0
AGCCATCTAAATGTCG	1	1	0
GGCCCAATCAGTCCCT	0	0	0
AGTTGCGGCATCTCCC	1	1	0
GTGTCACCCATCTCCC	3	3	0
TCATACCAGAGTTCAC	1	1	0
AACAGAACTATTGCCT	4	4	0
GAGGAGTGTTGTGACT	2	2	0
AACGGTAGAATCGGGT	1	1	0
TCTATTCCAACCTGAC	0	0	0
AAACGATCCTTACGGG	2	2	0
ACTGCTGGACCTTCTT	1	1	0
AGACGAGGATTGGGCC	2	2	0
GAAGATATATGACCGA	4	4	0
AATCGAAGCGAGATGT	1	1	0
TCCGACACGGTCTGAC	1	0	1
GACTAGCGGACAACTT	2	2	0
GTCTTCCTTACAAACT	1	1	0
AGGCCGAATTCACATA	1	1	0
GGAACGAAGGGTTGGT	1	1	0
ATAGATGTAGGCAACG	0	0	0
CTCACATCCTTCTTCG	0	0	0
ACCTTCCCCCTGTTAT	1	1	0
ATATGCAAACTCACCG	3	3	0
ACATGGACTTGGACTT	1	1	0
ATATGGGTAATCGGGT	1	1	0
AAGTCCAAAGCAGAAC	1	1	0
TGACGTCGAATGAATG	0	0	0
AGCACGTATCCCAATC	1	1	0
GGCACTTCGAACGATT	0	0	0
ATTATTCGCTTACTCC	1	1	0
ACTAATTGGGCCCTTA	1	1	0
GAATGCGCTGAGGTCT	1	1	0
GTGTCACCGGTCACAG	1	1	0
GAGCGGAAGAAGTGCC	1	1	0
CAATCTAGCCCATCTG	0	0	0
GTCCGTCATAACCCGT	0	0	0
ACCGTCGAGACAAAGG	1	1	0
CTGAAGGGGAAGTGCC	1	1	0
GAAATACGTTTGGGAG	1	0	1
ACCGTCGAGCCACATC	1	1	0
GTCTTCCTGACAGATA	1	1	0
AAACACTATTGTCGCC	1	1	0
CGTGTACAGAGAATTG	1	0	1
TCCGCTGTACGCTCAG	1	1	0
ATTTCCATGATTTACC	1	1	0
CACAAGTATTGAGGGT	2	2	0
ATTGGCCCTCGAAGCT	1	1	0
CATGCTGCATCCGCTA	2	2	0
ACCCGATTGTTCTGTT	1	1	0
GCCAACATTGTGCTCA	1	1	0
TCAGCCTCCGTAGAAG	1	1	0
CACTTGATAAGCTTCT	1	1	0
AACGGTAGATCAGCGC	1	1	0
GTCCGTCAGTTAACCA	1	1	0
AGGTTCCCTTCGCTGG	9	9	0
CTGTGACCATTCGACG	0	0	0
CCGTAGCTTGGCCTGT	1	0	1
TGAGCACATTTGGGAG	2	2	0
CTGTCGCAATTTCCGG	1	1	0
GTGTCACCTAGCCTCG	5	5	0
AGTGCTTCCTGTCTGG	9	9	0
ACCGTCGATGTGCTCA	2	1	1
AAGAGTATGAAAGACC	1	1	0
GATGTGGCGTATGAGT	1	1	0
AATGTATGTGTGCTCA	1	1	0
CTTTATCCTTGTGACT	1	0	1
TCTATTCCTGGTATGA	1	1	0
CGAAGAAGTAGTCTAG	1	1	0
ATCGCGCTAGCGTAGG	1	1	0
AAATAGCATTGTCGCC	1	1	0
ATCCGCATAGCGCGAT	1	1	0
TGGGAATTAGGTTGTG	1	1	0
CTTAGGCCTGGAGGAG	2	2	0
GAAGATATAGGCAACG	1	1	0
TGGTGTCTTAGCTTAT	1	1	0
ATATGCAAGAAAGACC	1	1	0
GGAAGTCCTGTGCTCA	1	1	0
ATCCCACCACTGCCGT	1	0	1
GAGGAGTGTTGAGGGT	1	1	0
AATCGTTCACTAGCCA	5	5	0
GATTTCCCTCGTCATG	1	0	1
CATTCATTAGCAGAAC	1	1	0
AGAGAGACCTTCTTCG	1	1	0
AAACACGGCGCTAGTC	1	1	0
TACCCTGCCCCATCTG	1	1	0
GGACTGGAAGAAGTTA	1	1	0
AATGGCGTCGAGATGT	2	2	0
AGCTCCACTCTGCATC	1	1	0
AAGAAGGTGCAAAGCC	1	1	0
TGGACGGAGGTGGGAT	1	1	0
GGAGTAAGTCCCTGAT	9	9	0
AAACGATCGGATAAAG	1	1	0
TATCCACGTAACCATC	1	1	0
AGGGACTGAGAAGTCC	1	1	0
TGTTATCAGATTGCGA	1	1	0
CAATTCTCTGACGGAC	1	1	0
AATGGCGTATGACTTT	1	0	1
GAAGATATTACCGGCA	1	1	0
ACACCAAGGTTTGTTT	1	1	0
ACATCTCGTACAAACT	1	1	0
ATATGCAACTTCAGGT	2	2	0
GTCAGGTTATTCGACG	2	2	0
CTGCTAGACAGACCAT	1	1	0
GTGTCACCACATCTAT	5	5	0
AGGAGTCGACCACGCT	1	1	0
GCTTCTCCGAGAATTG	2	2	0
GATGTGGCTGAAATGA	1	1	0
GAAGATATGCTTACCT	1	1	0
ACCCGATTCCGTGTTT	1	0	1
AGGTTCCCCACAAGGC	1	1	0
AAGTATTGATACTCTT	1	1	0
GCTTCTCCCACTCCTC	1	1	0
CTGCGATGCTAGATTG	0	0	0
CTGTTGTGGTGTCGGA	1	1	0
GTATTGACCTTACGGG	1	1	0
CTTTATCCCAGATTAC	1	1	0
AGCGTGGTGGGCCAAT	1	1	0
TACGCGAGATACTCTT	1	1	0
TCGACTGCAGCAGAAC	1	1	0
AAAGAAAGCTTACGGG	0	0	0
CCCTGTTTAGCGCGAT	2	2	0
GTCCTTGCGGGAGGTA	1	1	0
GAAAGACAGTCAATAC	1	1	0
AGCATGCCGTACACTC	4	4	0
AACAGAACGCAGCATG	1	1	0
AGTGCTTCTACAAACT	1	1	0
CCACCTCTGCAAAGCC	3	3	0
TGCTGACGAGCGCCTT	2	2	0
GAGGGTCAAGAAGTTA	1	1	0
ACCTGAAGATTGGGCC	1	1	0
GTGTCACCGCAGTCGA	2	2	0
GTGTCACCGAGCGGTA	6	6	0
ATACACCCCGTGGATA	6	5	1
CAATCTAGATTCAGTA	1	1	0
AGGTATATGAAGGCTT	0	0	0
GGACTTCTGGTCTGAC	1	1	0
GTCAGGTTTCGGTACG	1	1	0
ACTGCTGGGCCTCTTT	1	1	0
AGTGCTTCCTCTTGAC	7	7	0
ACATGGACCCTCGTCT	1	1	0
ACAGGCCAGTATGAGT	1	1	0
TAGCCACAGCAGGGTA	1	1	0
AAACTACAAAGATTGT	1	1	0
GCGCTGATACGAAACG	1	1	0
AACGGTAGTACAAACT	1	1	0
ACTAATTGCTTGGTGT	2	2	0
GAGGGTCACGCTCTCA	7	6	1
TGGTTAACCCGTGTTT	1	1	0
AGTAGTTATTGAGGGT	0	0	0
CATTCATTACTGCCGT	6	6	0
ACTACCCGTAGTGGAC	1	1	0
TCCCTGGACGAGTCTG	0	0	0
AAGCTCCTGTTTGTTT	1	1	0
CGTGTGTTACGTATAC	1	1	0
CGTGTACAAATGAATG	1	1	0
GTGTCAGGTACCGGCA	1	0	1
AATGGCGTACTGCCGT	1	1	0
TGAGCACATTCCGCTC	8	8	0
TGCCGGTAAGATGGCT	1	0	1
AAAGAGGCCAACAAAT	2	2	0
GGTTGAGATCGAAGCT	1	1	0
CAACGCAGGCGCATTC	1	1	0
AAGCTCCTCTTTCTTT	1	1	0
CTTTGGACGGGAGGTA	1	1	0
TGTTATCAGGATAAAG	1	1	0
GTCAAGAGAAACTGGT	1	1	0
ATGCGGAGAACAATCC	1	1	0
GGGTCTAGTACCAGGC	5	5	0
AGTAATGGAATCGGGT	1	1	0
AATCGTTCATCAGCGC	1	1	0
TGCTGACGCTGTCTGG	1	1	0
AGAGAGACCCGTGTTT	3	3	0
ACAAAGATTCGACACC	1	1	0
AAGGCGCTGCAGGGTA	1	1	0
TGGCTAGTGAGAATTG	0	0	0
GTGCGAAGGGTTAGTG	2	2	0
TAATCCATACGCTCAG	4	4	0
ACGGGTTAGATGTATT	0	0	0
CGGTGAGTGTTACCGC	1	1	0
AGCACGTATCCTTATT	1	1	0
GCTACCGTGCAGGGTA	1	1	0
CGGCTGTAAAACTCGA	1	1	0
TCCAGAAGGTGGATGG	3	3	0
ATGCGGAGTAAGACGG	1	1	0
AAGAACAGTGCCTCAC	1	0	1
TCCTATATATCCGCTA	2	2	0
CTAGTAGGCTTACGGG	2	2	0
ACCAGTTTTGGAGGAG	1	1	0
CCCTGTTTATGAAGCA	1	1	0
ATAAGCTATGCGACAG	1	1	0
GTCAGGTTTAGCTTAT	3	3	0
ACGGTTGGTTGGCGTT	4	4	0
GATTTCCCAATCGGGT	1	1	0
TAATCCATCTTACGGG	4	4	0
AGCAACGCTGGAGGAG	6	6	0
TGGTGTCTTGAGGTCT	0	0	0
TGGCTAGTAAAGTCGG	3	3	0
GGAACGAAGAAAGACC	3	3	0
ACCTTCCCGTTCTGTT	1	1	0
GAATCCCAAGTGAAAG	0	0	0
CGGCTGTACCACATTA	1	1	0
GAAATACGTTGAGGGT	1	1	0
CTAGACTAAGAACGGG	0	0	0
GGGAGATGTCGACACC	1	0	1
GTCCACTAAATCGGGT	2	2	0
ACAGGCCACCCGACTT	1	1	0
TCCAGAAGGTCAAAGA	1	0	1
CTGAGCGTACACTAAG	1	1	0
CTTTCACTTCCGTCCA	1	0	1
TAGGCTTTTTCCGAGT	1	1	0
GTGTCACCATCTTTGT	4	4	0
CTGTGACCGAAGTGCC	3	3	0
GAGTGTACTGATGCCC	2	2	0
AATAAGGACCGTGTTT	1	1	0
GCCAACATCCATTTGA	1	1	0
AAACACTACGGCTTAC	0	0	0
TCAGCCTCTATTGCCT	4	4	0
CTTAGGCCTGTGTCCT	1	1	0
CATGCTGCCCCATAGC	1	1	0
ATCCCACCCTACTTGT	1	1	0
TAATGTGGCACAGTTT	1	0	1
AAGTGAGACATACATT	1	1	0
CTCTGCGTTCGACACC	1	1	0
GGGTCTAGCGTGCTAG	0	0	0
TGGAAAGCAGATGGCT	1	1	0
CGACATTTTTATAGCC	1	0	1
CCTATTTATACAAACT	0	0	0
ACCAAGGGGTTGTCAT	0	0	0
ATATGGGTAGAGGTGG	1	1	0
TAATGTGGAGGAGCTT	1	1	0
CACAACCTGGCGTTAG	1	0	1
CCGTCTTACGAATAAT	1	0	1
GGACTTCTGGGAACCT	1	1	0
ATGTGCCGTTGGATCG	1	1	0
CAACGCAGTTGGCGTT	0	0	0
TCGTTCCCCTTCGATT	3	2	1
GGAGGTTTATGTTGGC	0	0	0
GCTAAGTTTAGTCTAG	1	1	0
ACAAGTAGGAATACGC	0	0	0
AATACATCAGGTTGTG	1	0	1
TCAGCCTCCTTCAGGT	9	9	0
CTCACATCTGATGCCC	1	1	0
TGCTGACGATGGATTA	1	1	0
CACAAGTAGTCCGTAC	1	1	0
GTAAACAAGGGTTGGT	1	1	0
AAGGATGACCGCTGTT	1	1	0
CCACCTCTTCGAAGCT	1	1	0
ATATGGGTAAACTGGT	1	1	0
CCGAGATCGGACTTCC	0	0	0
TACCTCCCCCATTACT	1	1	0
CACTAACCATCTTTGT	0	0	0
AATCGAAGGAAGGCTT	1	1	0
AACTCAGTGTGGATGG	0	0	0
CGACATTTGATTTACC	0	0	0
AAAGAAAGGTCAAAGA	1	1	0
AATAAGGAGAAGTGCC	1	1	0
GTGTCACCGATCTCGG	1	1	0
GAGCGGAATCCAGTCC	1	1	0
AGTTGAACGCACCTCT	1	1	0
AAACAAACATCCGCTA	1	1	0
CCGACTTTGGCTACTA	1	1	0
TCATACCAAAACAGGG	0	0	0
GTCAAGAGAGTGAAAG	1	1	0
CATTCATTAATGTTTG	0	0	0
CACAACCTCAACGTGG	1	1	0
CTTTATCCTAGTGGAC	2	2	0
GGAACGAAAAGATTGT	2	2	0
GTGTCACCAATGACCC	8	8	0
CGAAACTCCGCTCTCA	1	1	0
ACCAAGGGGATTAGAC	1	1	0
TAGTCTCTAGGCAACG	1	1	0
CAATCTAGGAATTCGT	0	0	0
TAGTAGCCCCATTTGA	1	1	0
AATCCGGCCAGATTAC	1	1	0
ATTTCCATTGTAGTTT	2	2	0
ACATCTCGGATTTACC	2	2	0
GATTAAAGCTCAGAAT	0	0	0
TCCTATATCTTACGGG	2	2	0
CGTGGGATTAACTACT	1	0	1
CGTGTGTTAAATCGTT	0	0	0
AGCATGCCTAGAAATG	0	0	0
ACAAAGATTAGTCGCA	3	2	1
ATACTCTCTAGCCTCG	1	1	0
AGAGAGACTCCTTATT	0	0	0
GTTGTCCGTCCAGGGA	1	1	0
AGTTGAACTGTAAAGG	2	2	0
GTTGTCCGCTAGACCC	1	1	0
ACCTTCCCAGCAGAAC	5	5	0
AGCTTCGATCCCAATC	1	1	0
ATGCATATCCACATTA	1	1	0
TAATCCATTAGAAATG	1	0	1
ATGGTCTGCCGCTGTT	1	1	0
ACCTTCCCCTTCTGGA	6	6	0
CCATCGTCGGTGGGAT	1	1	0
GGACTTCTGAGTTCAC	2	1	1
CCAGACAGCGCCTTGA	1	0	1
ACCTTCCCGGAATAGA	4	4	0
ATACTCTCGTTTGTTT	1	0	1
AGAAAGTGATTTCCGG	1	1	0
AATGGCGTGAATTCGT	3	3	0
ACATCTCGCGTAGAAG	1	0	1
TGGACGGAGAGAATTG	4	4	0
GGGATTACATCAGCGC	2	2	0
TAATCCATGCTCTAGT	1	1	0
CTAGTAGGATACTCTT	1	1	0
AGCGTGGTATGGGCAC	1	1	0
ATTATTCGGTATGAGT	1	1	0
AAGTCGGGTCGAAGCT	1	1	0
AGCAACGCAATCGGGT	1	1	0
ATCGTAACACGAAACG	1	1	0
CTGTTTCCGAGAATTG	1	1	0
AGAGAGACGAAGGCTT	1	1	0
TAGCCACAACCCACGA	1	1	0
AGTAATGGAATGACCC	1	1	0
ATTATTCGCCTATTCA	1	1	0
CTAGTAGGCGGGCTTT	0	0	0
AGACGAGGCTGGTGCA	1	1	0
CCATATGAGCTCTAGT	1	1	0
TCGAGTTTCATCTCCC	2	2	0
CTCCTCCAAAGCTTCT	3	3	0
AACGTTACCTCGCGTA	1	1	0
ATGACTTGCTGCGTTG	2	2	0
CCCTGTTTTTAAACTG	1	1	0
AGGAGTCGTGTGGCTA	1	1	0
CACTTGATTTAAACTG	0	0	0
ACGAATTCATGCGGAT	2	2	0
GCGCTGATGAAGGCTT	1	1	0
CCATCGTCATTCGACG	1	1	0
AGGTATATCACTCCTC	1	1	0
TCGAGTTTCCAACCGT	1	1	0
CAAGGTACGGAATAGA	1	1	0
AGCTCCACGCAAGGAC	1	1	0
AATCGTTCGGGAAATC	1	1	0
GTGTCACCTAGTCTAG	3	3	0
CAACGCAGGCAGGGTA	4	4	0
CGTGTGTTAGGTTGTG	0	0	0
CGATCCAATGATGCCC	2	2	0
CCCGTTCTACTGAGTT	1	1	0
CCACCTCTCGTAGAAG	1	1	0
ATCTTGGCGGTCACAG	2	2	0
GGCAAGGTACTGAGTT	1	1	0
GTCAAGAGATCCGCTA	1	1	0
AGGCAATATATTGCCT	1	1	0
ATTGGCCCCCCTTCAG	1	1	0
CCATATGATAAGACGG	1	1	0
GTGCCCATCTTACGGG	2	1	1
TCCTATATGAACGATT	1	1	0
GCTAAGTTTGTGGCTA	1	1	0
TCGACTGCGTAATCCC	3	3	0
ACCGTCGAAATCGGGT	1	1	0
CGTTGCCTAAAGTCGG	1	1	0
CCATCGTCAAATGTCG	0	0	0
AAGTATTGATACCCAG	1	1	0
TACTGAATGGTCACAG	1	1	0
AATGGCGTACGTATAC	1	1	0
CATTCGGGAGAGACTA	1	1	0
AGCTTCGAGCTTACCT	2	2	0
GTCAGACCCATACATT	0	0	0
GTGTCACCAACCCTTG	5	5	0
GACTAGCGGGCTACTA	1	1	0
CACTAACCTTGGCGTT	1	1	0
TACCTCCCTCGTCATG	1	1	0
GTCTAATCTTTAACAG	1	0	1
ACGAATTCCCCATCTG	2	2	0
AAAGAGGCGCAGGGTA	1	1	0
ACCCATGCTGGGATTC	1	0	1
TAGCCACAAAATGTCG	1	1	0
CTGGAACAAGGAAGAC	1	1	0
ACCCGATTTAGTCTAG	1	0	1
CTTTGGACTAACTACT	1	1	0
GGCAAGGTGGTTAGTG	0	0	0
ACGGTTGGCTACTTGT	0	0	0
ACTAATTGCTGCGTTG	1	0	1
TGAGCACAGAGAGTAT	0	0	0
ATCCCACCACGAAACG	4	2	2
CAGTTTAATACAGCCG	1	1	0
ACCTTCCCTTAGGACC	2	2	0
AGGCGTTTCTTGGTGT	2	2	0
ACCGTCGATGACGGAC	1	1	0
CAACGCAGTGACCAGT	1	1	0
ACCTTCCCGATCGTTT	3	3	0
GTCAGGTTTTTGGGAG	1	1	0
AAGGGACCGGAATAGA	2	2	0
ACTGGTCATTGTCGCC	2	2	0
TGGGAATTGAAAGACC	1	1	0
AGAAGCTTTCGACACC	6	6	0
CGTGTGTTCGTCAGCA	1	1	0
CAACGCAGTGAGGTCT	0	0	0
CCATGCATCTAGATTG	1	1	0
CAAGGGTTTTCGGCCT	10	10	0
GAATCCCATTCGGCCT	0	0	0
ACGAATTCAAGGTAAT	1	1	0
AGTTTGTAAAAGTCGG	1	1	0
TAGTCTCTGGCTACTA	2	1	1
AGGACACACTTTAATC	3	3	0
GGCGACAATTGAGGGT	1	1	0
CCTTTACAACTGCCGT	1	0	1
TAGTAGCCAAACTCGA	4	4	0
ACTGCTGGGGCTACTA	2	2	0
CCAGCGAAAATGACCC	1	1	0
CTTTATCCAGGCAACG	1	1	0
ACCGTCGAAGATGGCT	1	1	0
ACTAGAGCCTTTCTTT	0	0	0
TACCGCTCGGCTACTA	0	0	0
GTGAGGCAGGATAAAG	1	0	1
ATTTCCATTGGTTTCT	1	1	0
ATCTTGGCGAGTTTCG	1	1	0
GTGTCACCGATGTGAG	1	1	0
CCTACGCTTACAAACT	1	1	0
ATCCGCATCACAGTTT	1	1	0
ACAGATAAACCCATAT	1	1	0
ATTTCCATTAGTGGAC	1	1	0
TATTAGCGTATTGCCT	1	1	0
GTCAGGTTATACCCAG	2	2	0
CTTCTACGCGCTCTCA	2	2	0
GTCAGGTTCCTATTCA	1	1	0
ACCCGATTAGCTATGA	1	1	0
AACGTTACACTAGCCA	1	1	0
AATCGTTCATATCTTC	1	1	0
TACCGCTCTCCGTCCA	1	0	1
ACTCATACTTCGCTGG	0	0	0
TGCCGGTACGACTCCT	1	1	0
AAGAAGGTTGTGTCCT	1	1	0
ACCCGATTGCAGGGTA	0	0	0
ACCCATGCGGGAGGTA	1	1	0
GTCAAGAGACAGCGGA	0	0	0
AAACACTAAAACAGGG	1	1	0
AGGCGTTTTTGTTTAC	1	1	0
ATTGGCCCGGGAAGGT	3	3	0
CCATCCACGAGGCTGA	1	1	0
CCGTCTTAGACAGATA	4	4	0
CGTGCAACCTGCGTTG	1	1	0
GTGTCACCTGCCTCAC	2	2	0
AGCTCCACCTTCTTCG	3	3	0
GGTGTCGAGTGTAACC	9	9	0
GAGAAACCCGCTCTCA	0	0	0
GTGTCACCCGAATAAT	3	3	0
CTCCCAAAATACCCAG	1	1	0
GTGTCACCACCCACGA	2	2	0
CTCTATAGTCTCAACC	3	3	0
GGTAAATCTCACGTTT	2	2	0
CTCCCAAAGGCCCTTA	1	1	0
CAACGCAGGAGTTTCG	0	0	0
ACGGGTTACTTTCTTT	1	1	0
GTGTCACCAATTCCCA	5	5	0
ACGTAAACTGGTATGA	6	6	0
AGGCCGAATCGGTTCG	1	1	0
TAAGGGCCCGAACGTA	0	0	0
GGACTTCTAGGATTCA	1	1	0
GTGTCACCGCAAAGCC	3	3	0
AGGCAATATTAAACTG	1	1	0
TGGGAATTCGTATCGG	1	1	0
ATTTCCATTTAAGCGT	0	0	0
ATCTTGGCATGAAGCA	1	0	1
ACAAAGATGAAGGCTT	2	2	0
CTAGCACGTGTCTTTC	1	1	0
GGTTAGGGAGCGTAGG	0	0	0
CCCGTTCTTAGTCTAG	1	0	1
CCGACTTTGGCGGTTT	1	1	0
GCGCTGATGGTTAGTG	0	0	0
ATCCCACCAATGAATG	1	0	1
GTGTCACCCAGACCAT	6	6	0
CCCGTTCTCGTGGATA	1	1	0
CACAAGTAATGGGCAC	1	1	0
GTCAGGTTCGGAATTT	2	2	0
AACAGCGGGGTGGGAT	2	2	0
CCAGCGAATAAATAGG	4	4	0
CAAGGGTTAGGATTCA	1	1	0
TCGTGGGTACTGAGTT	2	2	0
AATGTATGAAACTGGT	1	1	0
ATTACCTTAAACTCGA	1	1	0
ACATGGACGCAGCATG	8	8	0
ATTTCCATCCCAAGCA	1	0	1
GACACCTGATCAGCGC	1	1	0
CACAACCTAAACCTCC	3	3	0
AGACCTCAAGTTTAGA	1	1	0
CGAGGCTAGGCGTTAG	0	0	0
GGAACGAAGACAGATA	2	2	0
AAACGATCCGAGTCTG	0	0	0
TGCTTCATCGAGATGT	6	6	0
GTCTGGAAGCTCTAGT	1	1	0
TGACGTCGATGTTGGC	1	1	0
TCGTTCCCGGCCTAAG	1	1	0
TAGCCACACGCTCTCA	1	1	0
CCTTTACAAAACCTCC	2	2	0
GCATCACTGTTAACCA	1	1	0
GTGTCACCATTGGGCC	1	1	0
AAACTACAGTTTACGT	1	1	0
AAAGTCATTGGTATGA	1	1	0
TAGCCACATAGCTTAT	1	1	0
ATGGGCTCTCGGTTCG	1	1	0
TCCGCTGTGTTGCACG	0	0	0
TCAGCCTCGAAGCACT	1	1	0
AACGGTAGCGCTAGTC	2	2	0
ACTGGTCATCCAGGGA	1	1	0
ATCGTAACCTGTTCTT	1	1	0
GTCAGGTTTACGTGCT	2	2	0
ACTAATTGTGTTTGAG	1	1	0
GGGTCATTTGGAGGAG	1	0	1
TAACTTCTACTCACCG	1	1	0
CCAGACAGATCTTTGT	0	0	0
TATGTGAACTTACTCC	1	1	0
AATACATCGAGCGGTA	2	2	0
ACTTCGCTGGAAACAG	2	2	0
CCCGTTCTGCTCTAGT	2	1	1
AATCGAAGGAAGCACT	2	1	1
TAACTTCTTCTGCATC	1	1	0
GTAATCTGCGGACAAC	1	1	0
TATCTGTCCCATTTGA	1	1	0
TGCTGACGCACAACAG	2	2	0
CTGGAACAATATACCT	1	1	0
CTAACGCCCCGCAACT	1	1	0
TGGCTAGTTGGTATGA	1	1	0
ACTACCCGGGGCCAAT	1	1	0
AGCACGTAAGCGCCTT	2	2	0
ACCAACCCGATGTGAG	1	1	0
ACCAACCCTTCCAGAC	2	2	0
ACCCATGCATGCGGAT	1	1	0
ACAATCTTGGGAAGGT	1	1	0
TCAGCCTCAAACAGGG	1	1	0
AAGTGAGACTTCGCAC	1	1	0
GACACCTGTACTTGTG	1	1	0
GTCTAATCAGTGAAAG	1	1	0
AATACATCCTTCTTCG	1	0	1
ATTATTCGCGTATCGG	0	0	0
ATAACAGGCTACTTGT	2	2	0
GCCAAAGCATGTTGGC	1	1	0
GGGCATCAGTTTGTTT	1	1	0
AGCATGCCAGAAGTTA	1	1	0
AGAAACCATTAGTCCG	1	1	0
GAAGATATGAGAATTG	4	4	0
TAATCCATGAACGATT	1	1	0
ACCACAGACGGACAAC	0	0	0
CTCACATCTATTGCCT	3	3	0
GAGAAACCTAGCTTAT	1	1	0
ACAAGTAGTGACCCTC	1	1	0
TAGCGGATAACTTAGC	9	9	0
GTCAGGTTACAGCGGA	1	1	0
GTCAGGTTCGGGTAGT	1	1	0
CCGTCTTAGTTCTGTT	1	1	0
ACACCAAGTGACCAGT	2	2	0
GTTGTCCGCAATACTT	0	0	0
AGCGTGGTCTACTTGT	1	1	0
GTACGGACGTTTGTTT	1	1	0
AGTAATGGGTCCAAAG	1	1	0
TGGGAATTCTGAGTGC	2	2	0
ATCCCACCGGGAGGTA	2	2	0
ATTTGTTGGTTTGTTT	1	1	0
AAGAACAGGATTAGAC	0	0	0
CGTGTGTTAAACTCGA	1	1	0
AACAGAACCTAGATTG	1	0	1
CATGACGAAAATCGTT	4	4	0
TAATCCATTGTAGTTT	1	0	1
TCCGCTGTCTGCGTTG	1	1	0
CACTAACCGTGGATGG	1	1	0
TCCCTGGAAATGAATG	1	1	0
GAAGATATATTCGACG	1	1	0
GTTACTAGTAACCCGT	1	1	0
TCAGCCTCAAGCTTCT	4	3	1
AACAGAACCGTAGAAG	1	1	0
TCAGCCTCCTGGTGCA	2	2	0
TCTATTCCAAGCTTCT	2	2	0
TAATCCATCCATTTGA	2	2	0
TACCTCCCCGAACGTA	2	2	0
CGTGTGTTGGTTAGTG	2	2	0
GGCCCAATGAGAATTG	1	0	1
ACATCTCGATGACTTT	1	1	0
GAAGATATAAAGCCTA	2	2	0
AGCTCCACAGAAGTCC	1	1	0
GACACAAACTGAGTGC	1	0	1
CCCTCTTGCCTGACAC	1	1	0
TACGCGAGCTTCAGGT	1	1	0
ATTTCCATTGTGCTCA	1	1	0
CTTAGGCCACGTATAC	1	1	0
GCTACCGTCTGGTGCA	1	1	0
GTCCGTCACTGCGTTG	1	1	0
GGAACGAACCTACTAG	1	0	1
CGAAGAAGGGCTACTA	2	2	0
GGCGACAAATGGGCAC	0	0	0
ACGAATTCGTCGTCGT	1	1	0
CCATCCACCTTAGGTA	2	2	0
CCGACTTTTTGCACGC	1	1	0
AGCAACGCCCTATTCA	2	1	1
ATACACCCCTGTCTGG	1	1	0
AGAAAGTGTGGTTTCT	5	4	1
TCTATTCCCCATTTGA	3	3	0
CGTCGAATCGGAATTT	1	1	0
GATTTCCCCTGGTGCA	2	2	0
CTGGAACATGCCATCG	1	1	0
CTTAGGCCAAGATTGT	1	1	0
CCCGTTCTTGTTTGAG	1	1	0
AACGGTAGACCCACGA	1	1	0
CTCACATCGGACTTCC	1	1	0
ATATGGGTCAGGTGTC	3	3	0
ATGACTTGACGCCATT	9	9	0
ACCTTCCCCTGGTGCA	4	4	0
ATTTCCATAGTTTAGA	2	2	0
AAGCTCCTGGTGACAC	1	1	0
TACCTCCCCCATTTGA	4	3	1
GGAGGTTTGTTTGTTT	1	1	0
ACCTTCCCTCCAGTCC	2	2	0
AGAAAGTGCGCTCTCA	1	1	0
GGCTATAAGTTTGTTT	1	0	1
GGTAAATCAAAGTCGG	1	1	0
AACAAATGATATACCT	1	1	0
TCGGTCATAGACACCA	1	1	0
ACGAATTCGGGAACGA	1	1	0
GTCTGGAAAAACAGGG	1	0	1
GGACTGGAGGGAACCT	1	1	0
TAACTTCTCTTACGGG	2	2	0
GCTATGGGTGGTATGA	1	1	0
TACGTTCGGTCAATAC	1	1	0
GAGCGGAAGTAATCCC	2	2	0
TACCCTGCGTTCTGTT	2	2	0
ACCAGTTTGGATAAAG	1	1	0
ACCTTCCCGTGTAACC	2	2	0
CAAGGAATTTCGCTGG	1	1	0
CCTCATGATTAAGCGT	1	1	0
CGGTGAGTAATGAATG	1	1	0
ATACTCTCCGAGATGT	1	1	0
TGGACGGAAAACTCGA	1	1	0
GTGCGAAGTAACCATC	1	1	0
CTCACATCTGTTTGAG	1	1	0
GTAAACAATCATATGG	1	1	0
AAACGATCCCGCAACT	6	6	0
AAACAAACGGAATAGA	1	1	0
ATGGGCTCCCGCTGTT	1	0	1
ACCAACCCGTACCTTG	1	1	0
CGAACCGATCCCTGAT	2	2	0
ATCGTAACAGAACGGG	4	3	1
AGGAGTCGAAATCAGA	1	0	1
AGCACGTAAGCGAAGT	1	1	0
TCCGCTGTAGCGCCTT	1	1	0
GTCCGTCATACCAGGC	0	0	0
GATGTGGCAATGAATG	1	1	0
AACAGAACCTTCAGGT	1	1	0
CGAAACTCCTGTCTGG	0	0	0
ACAGATAACTTACGGG	1	1	0
TAGTCTCTCCGCTGTT	1	0	1
TCGTTCCCCACGGACT	5	5	0
GTAATCTGCCTATTCA	0	0	0
TAGATCAATCCAGTCC	1	1	0
ATACACCCAGTGATGC	1	1	0
AGCACGTACTCCGCAT	1	1	0
CTTAGTGTTACAGCCG	3	3	0
CAGATGGGCCATTACT	1	1	0
CTCTGCGTCACAACAG	2	2	0
ACCAAGGGTTATAGCC	11	11	0
CGGCTGTAGCAACCTG	1	1	0
CTAGCACGACTGCCGT	1	1	0
TAATCCATATCAGCGC	1	1	0
AATCCGGCCCTCGTCT	1	1	0
AATGTATGACCCACGA	1	1	0
CTAGTAGGCGCTAGTC	1	1	0
CCACCTCTCGTATCGG	0	0	0
GATGCAGAAGGATTCA	1	1	0
CCTTTGTCGAGAATTG	1	1	0
CCCTGTTTCTTACGGG	2	2	0
CCGTAGCTCTTACGGG	4	4	0
TAATCCATGTCAAAGA	1	1	0
TAGTCTCTCGAGATGT	3	3	0
CCGACTTTCACAGTTT	1	1	0
TAGCCACAGTTCTGTT	1	1	0
ACAGATAAGTATGAGT	1	1	0
GGACTTCTAGGAAGAC	1	0	1
TCGCAATCGGACTTCC	3	3	0
AATGTATGAGGAGCTT	6	6	0
ACATGGACCAGTCCCT	2	2	0
TAGTAGCCGGCCCTTA	2	2	0
ATTTCCATAGGTTGTG	4	4	0
ACTAATTGAAAGCCTA	1	1	0
TATTAGCGCCCGAATG	2	1	1
AGCTTCGACTACTTGT	2	1	1
CCACCTCTCCATTTGA	1	1	0
GTAAACAAGAAGGCTT	1	1	0
GTCAGGTTGAACGATT	2	2	0
CCTATTTACCATTTGA	1	1	0
TAAACCGAGCTCTAGT	2	2	0
TGGACGGACTCGCGTA	1	1	0
GATGGTTAGCCAAGAT	1	0	1
GGCTATAAGTCTCTCT	1	1	0
TGAGAGCGGAGCGGTA	1	1	0
AACAGAACCTTACGGG	1	1	0
TCTGATTTTGACGGAC	1	1	0
ACTCGGAAAGGCAGTT	2	2	0
TCATACCATGGCCTGT	0	0	0
TGGAAAGCTGCCTCAC	1	1	0
CTGCTAGATACAAACT	1	1	0
CGATCCAATTGAGGGT	1	1	0
CTGCTAGAGAGCCCAT	1	1	0
ACTGCTGGGCGTTGCT	2	2	0
CTGAAGGGGCGTTGCT	1	1	0
GATGTGGCAAACCTCC	2	2	0
CGAAACTCTTCACATA	1	1	0
TGAGAGCGGTTTGTTT	1	1	0
ATGCGGAGGTAACGTT	1	1	0
AAGTCGGGAAATGTCG	1	1	0
TGAATAGGAGGAGCTT	1	1	0
CGAAACTCGTTCTGTT	1	1	0
GTGCCCATTGACCCTC	1	0	1
TCGTTCCCTCCCGTAG	3	3	0
CCGGAAATTAGTCGCA	1	1	0
ACCGTCGACCGCAACT	1	1	0
GTAAGCCGTAACCATC	2	2	0
CTCCCAAATAACCATC	0	0	0
ATCGCGCTCTTTCTTT	1	1	0
CGTTTCGTTTGATTCT	1	1	0
GCGTGCAACGTGGATA	1	1	0
GGAGTAAGTGAAATGA	0	0	0
AGTAATGGAGAAGTCC	1	1	0
ACCCGATTAGGAGCTT	1	1	0
ATGCGGAGTGCCTCAC	1	1	0
GTCAGGTTTAGAAATG	3	3	0
AAACTGTGGGCGGTTT	1	1	0
GGATTGTTCGTGGATA	1	0	1
ACCTTCCCAAGCGTAC	2	2	0
CCGATACGATGACCGA	1	1	0
ACCTTCCCCGACGTCA	5	5	0
CTCACATCTCCAGGGA	3	3	0
ATCGCGCTGAAGTGCC	1	1	0
ACGTAAACGATGTGAG	1	1	0
GGGTCTAGGCTTTCCA	2	2	0
GGTGTCGAGTCTCTCT	1	1	0
GATGCAGAAGGAGCTT	1	1	0
AAGAAGGTTCTCAACC	1	1	0
AGAGAGACGAGAATTG	2	1	1
ACAGGCCACTTCAGGT	1	1	0
ACTAGAGCGGATAAAG	1	1	0
AAACTGTGATGACTTT	1	1	0
AAGAACAGGAGAATTG	2	2	0
ACGGGTTAGCATGGGT	1	1	0
TGGGAATTCTTACGGG	1	1	0
TGGCTAGTGTCCATGT	1	1	0
CTGAAGGGAGAGACTA	1	1	0
GCTAAGTTACTTCAAT	1	1	0
ACAATCTTCTTACGGG	3	2	1
GAAGATATCGAGTCTG	1	1	0
ACTCATACCTGAGTGC	1	1	0
TAATCCATTACCAGGC	1	1	0
GTGTCACCGCAACCTG	3	3	0
CGTACCGAGCGTTGCT	1	1	0
ACTACCCGCCCGACTT	1	0	1
TGCGACTACTACTTGT	1	1	0
ATTGGCCCCGCCTTGA	2	1	1
TAGCCACAACTCACCG	1	1	0
ACGCTTAAATATACCT	3	3	0
TCCGACACGGAATAGA	1	1	0
GTCAGGTTTGCAAGGG	2	2	0
ATAAGCTAACCTTCTT	1	1	0
TAATGTGGTTCCGAGT	1	1	0
GGCACTTCGCGTTGCT	1	1	0
AGAAAGTGTAAATAGG	1	1	0
AACGTTACTTGGACTT	4	4	0
GATGTGGCGTTACGAT	1	1	0
AGGAGTCGTACAGCCG	2	2	0
CTGTTTCCGCGCATTC	1	1	0
TATTAGCGATATCTTC	1	1	0
GTCCACTATGCTCCGT	1	1	0
CCATCCACGCTCTAGT	3	3	0
TCATTTCAGTTGTCAT	0	0	0
TCGTGGGTGGCGTTAG	1	1	0
TATTAGCGGATTGCGA	0	0	0
ACATCTCGGGAATAGA	0	0	0
TGCTTCATTGTGCTCA	1	1	0
TATGTGAAGCGTTGCT	2	2	0
GCAAACTGGTTCAACT	1	1	0
GGACTTCTCTGGTGCA	1	0	1
CCTCATGAAGGAAGAC	1	1	0
GTGTCACCTACGTGCT	1	1	0
CTGTGACCCCTCGTCT	1	1	0
AATGGCGTTGCTATTT	1	1	0
ACGGTTGGTACAAACT	1	1	0
GGTTAGGGGAGCGGTA	1	1	0
AAGAGTATAAACCTCC	1	1	0
CCATCGTCGAGTTCAC	1	1	0
CGTCGAATCTAGATTG	1	1	0
ACCAACCCTGCGACAG	1	1	0
CAAACATTGTCAAAGA	1	1	0
GTAAACAAGGGAAGGT	3	3	0
CCCGTTCTTGTAGTTT	1	1	0
TACCTCCCGCCTCTTT	2	2	0
CACTTGATCATACATT	2	2	0
CTCTATAGCACAAGGC	1	1	0
ACCTTCCCGATGTATT	3	3	0
CACTTGATTATTGCCT	1	1	0
ACCTTCCCTCCAGGGA	1	1	0
AATAAGGACTTACGGG	1	1	0
AGTTTGTATAGTGGAC	1	1	0
GATTGGGAGCAAAGCC	1	0	1
AGCTCCACGTCCAAAG	1	1	0
TCATACCACTTACGGG	1	1	0
AAACGATCTGGGATTC	1	1	0
TGCTTCATCGCTAATA	0	0	0
TGGAAAGCCTTCGATT	2	2	0
TAAACCGAGCGTTGCT	1	1	0
ACGGAGCACTACTTGT	1	1	0
AAGAAGGTACGAAACG	2	2	0
GAAGATATTAACTACT	1	1	0
ACTCATACCATCTCCC	0	0	0
AAGCCTTCGAAGTGCC	1	1	0
GATGTGGCATGACCGA	1	1	0
ACCCTCAAAATCGGGT	2	2	0
ATTTCCATAAATGTCG	1	1	0
GTCAGGTTCAAGAGGG	2	2	0
GAAGATATAGAGACTA	1	1	0
TCTTTGACCTAGATTG	1	1	0
TACGCGAGGGCATGCT	1	1	0
GGTTACACGTCGTCGT	1	1	0
TAGTAGCCGAGAATTG	0	0	0
GGCTATAAAGAACGGG	1	0	1
TCTGATTTGTATGAGT	0	0	0
TCAAATGGGAGAGTAT	1	1	0
GTCCACTACCACATTA	0	0	0
CCATCGTCTTCCGCTC	1	1	0
CCGACTTTTTTAACAG	1	1	0
CGGTGAGTATGACTTT	1	1	0
AGGCGTTTACTAGGAT	1	1	0
ATTTCCATGGGAACCT	1	1	0
GTGTCACCTTCGCTGG	1	1	0
CTCAAACACCAGCAGT	2	2	0
GCCAACATCAATTAGT	1	1	0
ATGCATATCTGGTGCA	1	1	0
AGCCATCTCACAACAG	3	3	0
TCCAGAAGCTGCGTTG	1	1	0
GATGCAGAGATGTGAG	1	1	0
ACTCATACTGAGGTCT	1	1	0
AGTAATGGCTGCGTTG	1	1	0
ATTTCCATAAAGTCGG	2	2	0
ATCAGGGAGGTTTCTC	1	1	0
CGATGGCACCCATCTG	4	4	0
GGTAGCCATGGTTTCT	1	1	0
TAGGTACGGACGATGG	1	1	0
AACGATTTGATTTACC	1	1	0
CCATCCACGATCGTTT	2	2	0
ACTGGTCAAACCTGAC	1	1	0
TGACGTCGCTGGTGCA	1	1	0
GTCAGGTTGTTACGAT	1	1	0
CAAACATTTGCCTCAC	1	0	1
AAAGAAAGAGAAGTCC	1	1	0
TCAGCCTCCAATTAGT	1	1	0
ACAGATAAAGATGGCT	1	1	0
AAACACTAATTTCCGG	1	1	0
AGCAACGCCGTATTTC	1	1	0
ACGAATTCTGACGGAC	1	1	0
GACACAAATATTGCCT	1	1	0
ACAATCTTTTCACATA	1	1	0
AGCACGTATGAGGTCT	0	0	0
CGTTGCCTGCGTTGCT	2	2	0
GTCCACTAATGCATGG	1	1	0
TATGTGAACCAGCAGT	2	2	0
TAGCCACAATATCTTC	1	1	0
CTCACATCCGGGTAGT	1	1	0
ACTCGGAAGAGAATTG	2	2	0
ATCCGCATTGGAGGAG	1	1	0
CCGTAGCTAATCGGGT	0	0	0
AACTGCCTCACAGTTT	1	1	0
AAACGTGATGGCCTGT	7	7	0
GTCAGGTTAAACTCGA	3	3	0
AGGGACTGGAAGCACT	1	1	0
AGAAGCTTCAGATTAC	1	1	0
AGCGTGGTGGGAGGTA	1	1	0
CGATCCAAGTTCAACT	1	0	1
TCGCAATCAAGGTAAT	1	1	0
CAAGGTACGAACGATT	1	1	0
ACTTCGCTACGCTCAG	1	1	0
AGCCATCTGCAGGGTA	1	1	0
CTTCTACGTCCCGTAG	1	1	0
CATTCATTAGATGGCT	1	1	0
GACACAAAGAGAATTG	1	1	0
ATCAATCGAATCGGGT	1	1	0
CACTTGATCTTAGGTA	2	2	0
TCGTGGGTATATCTTC	1	0	1
GCGCTGATCTACTTGT	2	2	0
ACTAATTGGGGTTGGT	1	1	0
CGTGTGTTTTCACATA	1	1	0
CTTTATCCGGAATAGA	0	0	0
AGCACGTAATTCGACG	1	1	0
AAAGAGGCGGGTTGGT	1	1	0
TATCCACGTGGGATTC	1	1	0
TGCTTCATTAGCTTAT	0	0	0
CAATCTAGTTATCTGT	1	1	0
TCTAAACTCCGCAACT	0	0	0
AGAAGCTTAGCTACGG	1	1	0
GCTTCTCCCCATTTGA	1	1	0
TCCAGAAGTCGACGGT	1	1	0
CCATGCATAAGCTTCT	1	1	0
AGGCGTTTTGCAAGGG	5	5	0
CCTACGCTCTAGATTG	1	1	0
CGATGGCAGCAAGGAC	6	6	0
GCTAAGTTTAGTGGAC	1	0	1
CGGCTGTACTTACGGG	1	1	0
ATCAGGGAATATGCAT	6	6	0
AGCTCCACAACCTGAC	2	1	1
CAGTTTAAGGGAACGA	1	1	0
TGGAAAGCTTGATCTA	1	1	0
GCGCTGATAATTCCCA	1	1	0
TACCGCTCAAACTCGA	3	3	0
GCTTCTCCAGCAGAAC	1	1	0
ACCACAGACTTACGGG	1	1	0
CCCTCTTGAAACGCCT	1	1	0
AGCACGTAACACTAAG	5	5	0
CCCTCTTGCCCTAACC	1	1	0
ACGGCAGTACTCACCG	1	1	0
GTGTCACCGCCAAGAT	4	4	0
CTGTTAAAGTACCTTG	1	1	0
CAACGCAGGTCCATGT	1	1	0
AGCCATCTTGCTATTT	1	1	0
AGCGTGGTGTTGCACG	1	1	0
GTCAGGTTTAGTGGAC	3	3	0
ATATGCAAGCAGCATG	0	0	0
AGTTGCGGGAGAGTAT	1	1	0
ATCCGCATACGAAACG	2	2	0
GAGAAACCGAGAATTG	1	1	0
GAAGATATATACTCTT	1	1	0
AGAGAGACCCCTAACC	0	0	0
CTCACATCTAGAAATG	1	1	0
ACCTGAAGATATCTTC	1	1	0
AGGCGTTTAATCGGGT	1	1	0
CGTGCAACTCCTTATT	1	0	1
GTGCGAAGTTTGGGAG	1	1	0
GTGTCACCGTTAACCA	7	7	0
CTTCTACGGAACGATT	1	1	0
GTGTCACCCGTGGATA	4	4	0
AGTCCGTGTGGTATGA	1	1	0
TCGCAATCCTTACGGG	1	1	0
AGCCATCTTTAGGACC	1	1	0
CTTTGGACAGCACCAC	6	6	0
CCGAGATCACGCTCAG	2	1	1
GGGTCTAGCGCCTTGA	0	0	0
AGGCAATATTCGCTGG	1	1	0
TCAAGGCGGCTCTAGT	1	1	0
CCTACGCTGGCGGTTT	1	1	0
TCAGCCTCCCATTTGA	1	1	0
ACCTTCCCGTAACGTT	2	2	0
GGGTCATTTCGGTTTA	1	1	0
CCTTTGTCACAGCGGA	1	1	0
AAGAACAGGGGAAGGT	1	1	0
CCACGTTGTGTGGCTA	1	1	0
AGAGAGACTTGTCGCC	1	1	0
AAACGTGACTTACTCC	1	1	0
AAACACTAGTTCAACT	1	0	1
AGTTGAACAAACTGGT	0	0	0
CCCGTTCTTACAAACT	1	1	0
GTCAAGAGTCGGTACG	1	1	0
GTGTCACCTGTCTTTC	1	1	0
GGAGGTTTATGACTTT	1	1	0
AGCCATCTATATGCAT	1	0	1
AAACTACAAAACCTCC	0	0	0
CGAACCGATGCTCCGT	1	1	0
ACCAACCCGCAAGGAC	2	2	0
ATCAATCGCGTATCGG	1	1	0
CGATCCAAGTGGATGG	0	0	0
ACAAGTAGGATTTACC	1	1	0
TCGAGTTTAGAACGGG	1	1	0
CCGGAAATTACTTGTG	0	0	0
ACACCAAGGAACGATT	0	0	0
CTTTGGACGTGTAACC	0	0	0
AGGGACTGAAAGTCGG	1	1	0
CTGTCGCATTCGGCCT	1	1	0
ATACACCCCACAACAG	2	1	1
CGGCTGTATACAAACT	0	0	0
GGTTAGGGCACAACAG	1	1	0
GAAGATATATATACCT	2	2	0
ATACACCCCGTCAGCA	0	0	0
GTGAGGCAGGTGGGAT	1	1	0
AAGTTGTCGCAGCATG	0	0	0
GATTAAAGAAACTCGA	1	1	0
GTCAGGTTTCATCCTT	0	0	0
AGGGACTGTACAGCCG	1	0	1
TCAAATGGGATCGTTT	1	1	0
AATACATCCGACGTCA	1	1	0
CACAACCTCTGCGTTG	1	1	0
AAGAAGGTATCCGCTA	1	1	0
ATGGGCTCGTTCTGTT	1	1	0
ACCAACCCTCGGTACG	1	1	0
GGACTTCTAGGCAACG	1	1	0
GTAAGCCGACGTATAC	1	1	0
AAGAACAGAGGAGCTT	1	1	0
ACGGAGCACTTCTTCG	1	0	1
TCGTGGGTATCTTTGT	1	1	0
ATAACAGGACGTATAC	1	1	0
ACGCTTAATTCCAGAC	0	0	0
GGATTGTTGGTCACAG	1	1	0
GCCAACATTCCAGTCC	1	1	0
TCCAGAAGTAAATAGG	0	0	0
CGAACCGAATGGATTA	0	0	0
CATTCGGGCGTCAGCA	1	1	0
TCTAAACTAAACTCGA	1	1	0
ACGGCAGTCCGTGTTT	1	1	0
GCAAACTGACTCACCG	2	2	0
AGGGTAAAATATGCAT	1	1	0
TCCGACACCTTCGATT	2	1	1
ATCAGGGATTGTCGCC	1	1	0
AAGTGAGACCGTGTTT	1	1	0
GAGCGGAAGAGAATTG	1	1	0
CCACCTCTCTTCGATT	1	1	0
GGAAGTCCGAGAGTAT	1	1	0
AGAAGCTTACTAGGAT	1	1	0
CGAGGCTACGAGATGT	1	1	0
GGTGTCGAACCTTCTT	1	1	0
CTGTTAAATGCTATTT	1	1	0
ACCTTCCCCTGTCTGG	2	2	0
GTATACGTCTCGATGC	1	0	1
ACGAATTCCGACTCCT	1	1	0
ACCCTCAACGAGTCTG	1	1	0
GTCCACTACGTAGAAG	1	1	0
CGGACTAACAGATTAC	1	1	0
GTCAGGTTGGATAAAG	5	5	0
GTCAGGTTATTCAGTA	1	1	0
AGGACACAGCTTTCCA	1	0	1
TCGACTGCCCGTGTTT	1	1	0
AATGGCGTAAGCGTAC	1	1	0
GCACTCAGCTACTTGT	1	1	0
AGTAGTTAGGATAAAG	1	1	0
CCCTGTTTTACAAACT	1	1	0
GGCGACAAATCCGCTA	2	1	1
AAGGCGCTAGAGACTA	1	1	0
TGCTGACGCCGTGTTT	1	1	0
GAGCGGAAGGGAAATC	0	0	0
CAAGGTACGTAATCCC	2	2	0
GGAACGAATTGTCGCC	3	3	0
AATGTATGCCCTAACC	0	0	0
GGACTTCTTACAGCCG	1	1	0
ACTCGGAACCTCGTCT	1	1	0
AGACGAGGCTTAGGTA	1	1	0
ACTAATTGGTCAATAC	1	1	0
TGAATAGGGGGAACCT	1	1	0
AACTCAGTGAGAATTG	1	1	0
TACTGAATCGGGCTTT	0	0	0
ATCGTAACCGGACAAC	1	1	0
GTCCTTGCTGACGGAC	1	1	0
CTAACGCCACTGCCGT	1	1	0
ACTAATTGACGTATAC	1	1	0
GGTCTTTCAAACTGGT	1	1	0
TCGAGTTTGGGAAGGT	1	1	0
GTGAGGCACGGGTAGT	1	1	0
AACGTTACTTCGTTCC	1	1	0
AAACTGTGCCCTTCAG	1	1	0
CCATGCATAGGATTCA	1	1	0
AGACGAGGCTTACGGG	1	1	0
TAGATCAAAATTCCCA	1	1	0
ACCTTCCCATGTTGGC	1	1	0
TACCTCCCGCAACCTG	1	1	0
TCAGCCTCCGATTGAT	1	1	0
GTAAACAATTATCTGT	1	1	0
AGAAACCACGCTAATA	1	1	0
ATATGCAATTCGCTGG	1	1	0
ACTAATTGCTCTTGAC	1	1	0
ACGCTTAAGTTACGAT	5	5	0
CTGGGTATCTTACTCC	1	1	0
CATTCATTCAGTTTGC	0	0	0
AAATTCCGCCCAAGCA	1	1	0
CGAAACTCGGTGGGAT	0	0	0
AAACGATCCTTTCTTT	1	0	1
TAATGTGGGTTTGTTT	1	1	0
GGTTAGGGCACTCCTC	1	0	1
CTGTCGCACTTACGGG	2	2	0
AATGGCGTGTCTCTCT	1	1	0
ATCCGCATATGACTTT	1	1	0
GGGAGATGATATGCAT	1	1	0
TGCGACTATACCAGGC	0	0	0
ACTTCGCTAAACTGGT	1	1	0
CTCACATCTGACGGAC	2	2	0
AGTTGCGGGGTCACAG	3	3	0
ATTTCCATAAGCGTAC	1	1	0
TGTTATCACGAGATGT	2	2	0
ACCCTCAACGGGTAGT	1	1	0
CTTTCACTATCTTTGT	2	1	1
TGCTTGGGATCCGCTA	1	1	0
CATGCTGCTGAGGTCT	1	1	0
AAGCTCCTAAGTAATC	1	1	0
ATACACCCGATCTCGG	1	1	0
GCGCTGATCTTACTCC	1	1	0
CCATCCACCGGACAAC	1	0	1
TATTAGCGTTAAACTG	1	1	0
ATATGGGTTAGTGGAC	1	1	0
CCATCCACTGTAGTTT	1	1	0
TAGCCACAGTCGTCGT	1	1	0
AGTTGAACTACAAACT	1	1	0
AGCGTGGTGAAGTGCC	1	1	0
ATTTCCATGATGTGAG	2	2	0
CCGACTTTCGAATAAT	1	1	0
ACGCTTAACTTGGTGT	5	5	0
TGGTTAACTGGTATGA	1	1	0
AAACAAACAATCGGGT	3	3	0
CAAGGAATCTTCGATT	1	1	0
CATGCTGCCTTAGGTA	1	1	0
CTGGGTATGTCCGTAC	2	2	0
GATTACTTATGAAGCA	1	1	0
ACGGCAGTCTCTTGAC	1	1	0
TAATGTGGACGTATAC	1	1	0
GTCTAATCGGTTTCTC	1	1	0
CAATTCTCAAACTCGA	3	3	0
ACCTTCCCTCATGAGG	1	1	0
CGTGTACAAAACTGGT	4	4	0
CAATCTAGTTTATCAC	1	1	0
CCAGACAGGCAGGGTA	1	1	0
AAACAAACCTACCGTT	9	9	0
AGACGAGGATACTCTT	1	1	0
CCAGACAGCAGATTAC	0	0	0
GTGCCCATCGTAGAAG	0	0	0
CCTACGCTATCAGCGC	12	12	0
GTCAGGTTCCCTTCAG	1	1	0
ACGGAGCATCTCACTT	1	1	0
CGAACCGATCCCAATC	1	1	0
CCTTTGTCCAGATTAC	4	4	0
ACCCTCAAGGATAAAG	1	1	0
GCGCTGATCAGGTGTC	3	3	0
CGGCTGTAGTTACCGC	1	1	0
CTGTGACCGTTTGTTT	2	2	0
TAGATCAACCCGAATG	1	1	0
GGCAAGGTGAGTTCAC	1	1	0
TCAGCCTCTGAGGTCT	1	1	0
CGGCTGTAGTTTGTTT	1	1	0
CACAACCTGTCTCTCT	1	1	0
GAGAAACCGATTGCGA	1	1	0
CGAAGAAGCTGTTCTT	3	3	0
GTATACGTAAACCTCC	1	1	0
CTGGAACACCGCTGTT	1	1	0
AATGGCGTTCCAGTCC	0	0	0
ACGGAGCAACCCATAT	1	1	0
CATTCGGGTCCTTATT	1	1	0
AGCCATCTTTGATTCT	1	1	0
GAAGATATGTGTAACC	1	1	0
TAGTCTCTGTTCAACT	4	4	0
AGTTGCGGGAGAATTG	1	1	0
AAAGAAAGGAAGGCTT	1	1	0
AGTCCGTGACGGTAGC	1	1	0
TACCGCTCCACTTTCT	1	1	0
GTTGTCCGCAAGAGGG	1	1	0
ACAAGTAGTTGGCGTT	1	1	0
TCCCTGGAACGTATAC	1	1	0
ATCGTAACGAATTCGT	1	1	0
ACGGAGCAGTCTCTCT	1	1	0
TCGGTCATGGTTTCTC	1	1	0
ACATCTCGCAGTTTGC	1	1	0
AGCCATCTAAGGTAAT	1	1	0
GCATCGAGAAGCTTCT	2	2	0
GGACTTCTTCCAGTCC	2	2	0
ACCTGAAGCCGCAACT	1	1	0
AAACAAACTGTCTTTC	1	1	0
CTAGACTACCGCTGTT	1	0	1
GGAAGTCCAGAAGTCC	8	8	0
AGTTTGTAGAGAATTG	1	1	0
TGGGAATTAATGAATG	0	0	0
ACCTTCCCTATTGCCT	2	2	0
AAACTACATCGGTACG	0	0	0
GGAAGTCCACAGCGGA	2	2	0
AGACGAGGATGGGCAC	1	1	0
GTGAACTCCGTCAGCA	1	1	0
GGAGTAAGAGTTTAGA	1	1	0
CCAGCGAAACCACGCT	1	1	0
CGATCCAAGAAGGCTT	0	0	0
AAGTCGGGTTGTCGCC	1	1	0
GTGTCACCCCAACCGT	1	1	0
GGAGTAAGTGCAAGGG	1	1	0
CCACCTCTTAGTCGCA	2	2	0
CCATCGTCATACTCTT	2	2	0
CATGACGATGTGCTCA	1	1	0
AAACACGGGCAGGGTA	0	0	0
AGTAATGGGGCTACTA	2	2	0
ACCACAGAAGCGCGAT	2	2	0
AGTAGTTAGTGTAACC	3	3	0
TCCGCTGTTTGTCGCC	11	11	0
GTCAGACCAACCCTTG	1	1	0
GTGTCACCCCGCTGTT	1	1	0
CGTCGAATCGCTAATA	2	2	0
AGCACGTAGGATAAAG	1	1	0
AGGCGTTTGTCTCTCT	2	2	0
TAGCGGATGAAAGACC	1	1	0
CTGTTAAAAAACTCGA	1	1	0
CAGTTTAAAGAGGTGG	1	1	0
ATCGCGCTGGCCCTTA	1	1	0
ACCTGAAGACATCTAT	1	1	0
CCATGCATGGCTACTA	4	4	0
CCGTAGCTAGAGGTGG	1	1	0
TAGCGGATCTACCGTT	1	1	0
CATTCGGGAAACAGGG	1	1	0
AGTGCTTCCGCTCTCA	1	1	0
ACCACAGACCGCTGTT	1	1	0
CCGTCTTAGATTGCGA	2	2	0
CCCGTTCTCTAGTAAC	1	1	0
ATTATTCGCTTACGGG	3	3	0
ATTCTGAGATGACTTT	1	1	0
AGACCTCAGCTCTAGT	0	0	0
GATTAAAGTGTTCCAG	0	0	0
CACAACCTGCTCTAGT	1	1	0
CAATCTAGAGGAGCTT	1	1	0
GGAGGTTTTACAAACT	1	1	0
TGCACCAGGGATAAAG	0	0	0
CCTATTTACTCTTGAC	1	1	0
ATCGTAACCTTCGCAC	1	1	0
AGCAACGCCGTGCTAG	1	1	0
CGAGGCTATGGCCTGT	1	1	0
GTGTCACCCTGTCTGG	1	1	0
GGGTCTAGGTCCATGT	1	0	1
TACCGCTCGACAACTT	1	1	0
TCGGTCATGCGTTGCT	1	1	0
GTATTGACCGGAATTT	0	0	0
GCATCACTGGTGGGAT	2	2	0
TCATACCAGATTGCGA	1	1	0
GCGTGCAATGTAAAGG	1	1	0
GTGTCACCACGTATAC	2	2	0
TACCCTGCCTTCAGGT	7	7	0
CGTGCAACGTTTGTTT	2	2	0
TGCTTCATAACTTAGC	1	1	0
TCCGACACATCAGCGC	1	1	0
ACTCGGAAAATCGGGT	2	2	0
ACGGAGCAACGCCATT	2	2	0
TGCGACTAACCACGCT	0	0	0
AAATAGCAGATTAGAC	1	1	0
TATCTGTCAAACTCGA	2	2	0
ACTGCTGGTCCAGGGA	1	1	0
ATTATTCGTCGACGGT	1	1	0
CAGTTTAAGAGAGTAT	1	1	0
CTGTTGTGGTTTGTTT	1	1	0
CTCCTCCATTGCATAT	1	1	0
GATGCAGAGAGGCTGA	0	0	0
CGGCTGTACGGGCTTT	1	1	0
AGGTATATCTTACTCC	1	1	0
AACGCCAATGGCCTGT	5	5	0
TGGGAATTTGACCAGT	1	1	0
CATTTCTAACCCACGA	1	1	0
CCTATTTACACAGTTT	1	1	0
GGGTCATTTGCCTCAC	1	1	0
ATTTGTTGTACAAACT	1	1	0
GTGTCAGGCGTGCTAG	0	0	0
GATTACTTTGTGCTCA	0	0	0
CTAGACTAAAGCTTCT	1	1	0
AGTAATGGATTCCTTG	1	1	0
ATTACCTTTGGGATTC	1	0	1
AAGTATTGAGAACGGG	1	1	0
ACCTTCCCTACGTGCT	1	1	0
TCGCAATCTATTGCCT	6	6	0
CCCTTGCAATATCTTC	0	0	0
ACTCATACGAGGCTGA	1	1	0
AGAATCAAATCCCACG	1	1	0
CGGCTGTAAGGCAGTT	1	1	0
AAGTGAGATGACGGAC	1	1	0
ATCGTAACGGCCCTTA	1	1	0
CACAAGTATCACGTTT	6	6	0
CTTTGGACTTGTCGCC	1	1	0
CCGATACGCTCAGAAT	1	1	0
GTCAGGTTTTTAACAG	1	1	0
GCAAACTGGGGAAGGT	1	1	0
AAGGGACCTAGTGGAC	1	1	0
GAGCGGAATTAAACTG	1	1	0
AAACAAACTGGGATTC	1	1	0
AGACCTCAGAAAGACC	1	1	0
AGTTGAACGGTTTCTC	1	1	0
ATCGCGCTGAAGCACT	2	2	0
GGCTATAATTGTGACT	1	1	0
CGAAACTCAGGAGCTT	1	1	0
GAGCGGAACGTGCTAG	1	1	0
AGGGACTGACGCAGAG	1	1	0
TGTTATCAACTGCCGT	1	1	0
TAATGTGGAATCGGGT	1	1	0
CCAGACAGATATACCT	1	1	0
TAATCCATAGCGCGAT	1	1	0
CCTTTGTCGATTTACC	0	0	0
AAACACTACTACTTGT	2	2	0
GGTTACACAGTGAAAG	1	1	0
AGGGACTGGGACTTCC	8	8	0
GGCTATAATGACGGAC	1	1	0
CTGAAGGGATACCCAG	1	1	0
GGCACTTCAATCGGGT	1	1	0
ATCAGGGAGAAAGACC	1	1	0
AAACCGCCCAGATTAC	2	2	0
AAACCGCCTAGTGTTT	1	1	0
TGCACCAGTAGCTTAT	2	2	0
GGAACGAACGGAATTT	1	0	1
CGTTGCCTGTGTAACC	1	1	0
ATCGCGCTCTGGTGCA	1	1	0
ATCGCGCTATATACCT	1	0	1
CTTTGGACGAAGGCTT	1	1	0
TAGGTACGTGGGATTC	1	1	0
GGGTCTAGTGTAAAGG	1	1	0
AAGAAGGTGGCGGTTT	0	0	0
AGTTGCGGTACAAACT	2	2	0
ATCTTGGCTTAAACTG	1	1	0
GACACCTGCTGGTGCA	3	3	0
AAGAAGGTCCAGCAGT	1	1	0
ACTCATACCCCGACTT	0	0	0
CAACGCAGGTGGAGCT	1	1	0
AGGGTAAAGAGAATTG	0	0	0
ACCCATGCATCAGCGC	2	2	0
GTTCTGCTAGCTACGG	1	1	0
TCTATTCCATATCTTC	6	6	0
ACTACCCGGAGGCTGA	5	5	0
ACTAATTGCAGACCAT	1	0	1
AAACACTAGGTCACAG	1	1	0
CATTCATTTAAATAGG	1	1	0
AAACCGCCCTTACGGG	3	2	1
TACCTCCCAAACTCGA	7	7	0
AGGCGTTTGTTGTCAT	2	2	0
TCCGCTGTTGTAGTTT	1	1	0
GATGGTTAGGAGAAGC	1	1	0
AGGTAAGCCCCATCTG	1	1	0
TAGGCTTTAGTTTAGA	2	2	0
TGCGACTATGATGCCC	1	1	0
AGCACGTACGCTAATA	1	1	0
AAGAGTATAGGCAACG	1	0	1
GTCAGGTTGTTGTCAT	2	2	0
AACGATTTTCATGAGG	1	0	1
GGCCCAATCGCTCTCA	1	1	0
GTTCTGCTCCTGTTAT	1	1	0
AATATGACCATTTGTT	1	1	0
ATTCTGAGCTACTTGT	1	1	0
AAGGGACCGTTGTCAT	1	1	0
GGACTTCTCTCGATGC	1	1	0
GTCTTCCTCCAGCAGT	1	1	0
AAACTGTGCACTTTCT	0	0	0
AGCTTCGATTATCTGT	1	1	0
AATAAGGAGAGCCCAT	2	2	0
CAACGCAGAACCTGAC	2	2	0
CGAAGAAGATATCTTC	1	1	0
GGCAAGGTGCAGGGTA	6	6	0
TGGGAATTTCCAGTCC	4	4	0
AGGCGTTTTAAATAGG	1	1	0
GCATCGAGATATCTTC	2	2	0
TCCAGAAGGAACGATT	1	1	0
ATTTCCATGTTGCACG	3	1	2
AATACATCCCATTTGA	2	2	0
CGTGTACAATATGCAT	1	1	0
AGTCCGTGGAACGATT	1	1	0
GCTACCGTCTTACGGG	3	3	0
AGCATGCCTAGTCGCA	4	4	0
TAGGTACGGAAGCACT	1	1	0
CAGTTTAAATGGAAAT	1	1	0
CATTTCTAGTCCGTAC	1	1	0
ATATGCAACGAGATGT	1	1	0
GAAGATATATGTTGGC	1	1	0
TCAAATGGACCTTCTT	1	1	0
AAGTCGGGCGAACGTA	1	1	0
CCATGCATATCCGCTA	1	0	1
CCGACTTTGGGCCAAT	1	1	0
TGCGACTAGGGCCAAT	1	1	0
AACGATTTTTGAGGGT	1	1	0
CCACGTTGATCCGCTA	1	1	0
GATGGTTAACTAGGAT	1	1	0
ATTGGCCCTTAGGACC	3	3	0
GGCAAGGTATCCGCTA	1	1	0
TCAAGGCGCTACTTGT	1	1	0
TAGGCTTTCTACTTGT	1	1	0
CTGCTAGATCGAAGCT	1	1	0
CCCGTTCTAGGAAGAC	1	1	0
TAGTAGCCCGACGTCA	1	1	0
CACAACCTTTGTGACT	0	0	0
ACGGAGCAACGAAACG	2	2	0
CTGTGACCATATGCAT	1	1	0
AGCACGTAATGACTTT	0	0	0
GTGGTGCTGAACGATT	1	1	0
GGTAAATCTTTGGGAG	1	1	0
GGCACTTCAGGAGCTT	1	1	0
GTCTTCCTAAGCTTCT	1	1	0
GTTACTAGGTTTGTTT	1	1	0
CCATGCATCTACGAGC	5	5	0
GGTAGCCATCATGAGG	1	1	0
GTTGTCCGTCGGTTTA	1	1	0
GCGTGCAAACGAAACG	1	1	0
AGTAATGGGGGAACCT	1	1	0
GGGTCATTTGACGGAC	1	1	0
GTTCTGCTTCGAAGCT	1	1	0
GGAACGAACCCTTCAG	1	1	0
TCTATTCCTTGTCGCC	2	2	0
CGATCCAACCCTTCAG	1	1	0
AGCAACGCGATTTACC	1	1	0
ACCCATGCTCGAAGCT	2	2	0
GTACGCTTGGGAAGGT	1	1	0
TGTTATCATAACTACT	1	1	0
TGGTGTCTGGAATAGA	1	1	0
CTGTGACCGAACGATT	3	3	0
CTTTCACTATCCGCTA	1	1	0
ACCTTCCCGGAAACAG	2	2	0
ATATGCAAGGAATAGA	2	2	0
AGGAGTCGGATCGTTT	7	6	1
AAGGCGCTCACAACAG	2	2	0
ACCCTCAATCCCAATC	1	1	0
TAGGCTTTATACCCAG	1	1	0
ACTGCTGGAGCACCAC	1	1	0
CAGTTTAACGTAGAAG	1	1	0
ACCCTCAACTTCGATT	2	1	1
TGGCTAGTTGTCTTTC	1	1	0
ATGCATATACGTATAC	2	2	0
ACTAATTGCGAGATGT	1	1	0
TAAGGGCCTCGGTTTA	1	1	0
GCGTATTCCTGTCTGG	1	1	0
GGAGTAAGTTAAGCGT	1	1	0
GTCTAATCTGAAATGA	1	1	0
CGTCGAATGGGAAATC	1	0	1
ACCACAGAAAGATTGT	0	0	0
AAGAGTATAGAGGTGG	1	1	0
AAACGATCTCCTTATT	1	1	0
CCGATACGAGATGGCT	1	1	0
TAATCCATTCGTCATG	1	1	0
ACCGTCGAACGAAACG	0	0	0
AAAGAGGCCACAACAG	1	1	0
ACCAACCCTCCTTATT	1	1	0
GTGTCACCCTGTTCTT	1	1	0
AGCATGCCTACAGCCG	3	3	0
AACAAATGGCGTTGCT	1	1	0
CGTACCGATGCCTCAC	1	1	0
AAACACTACCCATCTG	1	1	0
TCCGACACTGACCAGT	5	5	0
ACTTCGCTATATACCT	1	1	0
CTGGGTATTTTAACAG	1	1	0
CTGAAGGGGGCTACTA	1	1	0
CTGCGATGAAAGTCGG	1	1	0
AGTCACAATCCCGTAG	2	2	0
ATCGCGCTTATTGCCT	1	1	0
GCGTGCAACATACATT	1	1	0
AGGACACAATGCATGG	1	0	1
ATGCGGAGTGCGACAG	1	1	0
ATACACCCTTCACATA	1	1	0
GGTAGCCAGGTGGGAT	0	0	0
CTCTGCGTAATCGGGT	1	1	0
TCGGTCATAACCTGAC	0	0	0
GGCACTTCGGTGGGAT	1	1	0
CCAGACAGCTACTTGT	1	1	0
AAACGATCTTGGACTT	3	3	0
GGTCCTAAGAGGCTGA	1	1	0
CCGTCTTAAGGTTGTG	1	1	0
TCCGACACCTCGCGTA	1	1	0
GAAGATATACGTATAC	3	3	0
ACCTGAAGATCTTTGT	1	1	0
ACGACGACGCGTTGCT	0	0	0
AAGAACAGCAGACCAT	0	0	0
ACCTTCCCTTCGGCCT	1	1	0
TGGAAAGCAAACTGGT	1	1	0
ATTATTCGGCGCATTC	1	1	0
CTGTTTCCACAGCGGA	1	1	0
TAATGTGGCTGCGTTG	1	1	0
GATTAAAGTTAAGCGT	6	6	0
ATGACAACAATGAATG	3	3	0
TACTGAATTCATCCTT	2	2	0
AAGTATTGTACAAACT	2	2	0
GGCAAGGTCATACATT	0	0	0
GCACTCAGACGAAACG	1	1	0
TCCAGAAGGAAAGACC	1	1	0
ATTGGCCCAAACTCGA	1	1	0
GTATACGTCTTGGTGT	1	1	0
TACTGAATATATAGGA	6	5	1
AGGGTAAAATGAAGCA	1	1	0
AGAAGCTTTGGGATTC	1	0	1
CCCGTTCTTTGAGGGT	1	1	0
CTTTGGACACGTATAC	2	2	0
CGGACTAAAAATGTCG	1	1	0
CATTCGGGGGTCTGAC	1	1	0
CAAGGAATCGCTCTCA	1	1	0
TCGCAATCCCGCTGTT	2	2	0
ATAGATGTTCACCGAG	0	0	0
GTGTCACCTGTGTCCT	4	4	0
ACGGGTTAGCGCATTC	3	2	1
ACTCGGAAACGTATAC	1	1	0
GGCTTTGCGTTTGTTT	5	4	1
AGCGTGGTTCGGTTCG	0	0	0
TCGAGTTTGGAGAAGC	1	0	1
CGGCTGTATGCGTATC	1	1	0
TAACTTCTGATCGTTT	1	1	0
TGGTTAACAGATGGCT	1	1	0
TGCACCAGAACCCTTG	0	0	0
GAAGATATTTAGTCCG	5	5	0
CACAAGTACTTACGGG	1	1	0
CAATCTAGACACTAAG	1	1	0
AGGGACTGGTTCTGTT	0	0	0
GTGTCACCCATACATT	3	3	0
TCGCAATCAGCGCGAT	3	2	1
GAGAAACCAGGAGCTT	1	1	0
CTAGACTAGGACTTCC	1	1	0
ACCTTCCCAACAATCC	2	2	0
GACTAGCGTCGACGGT	1	1	0
GCATCGAGAACTTAGC	1	1	0
CGTTGCCTCGAACGTA	1	1	0
GATTTCCCGAGTTCAC	1	1	0
TAGTCTCTCTGAGTGC	1	1	0
ATTGGCCCGCGTTGCT	1	1	0
CCAGACAGGTTCAACT	1	1	0
CCTTTGTCAGCAGAAC	1	1	0
GCCTTGTGGATTGCGA	0	0	0
AAGTTGTCTGTAAAGG	1	0	1
ACCCGATTACCCATAT	2	2	0
GTCCGTCACAATTAGT	1	1	0
CTTTGGACCTGAGTGC	1	1	0
GGTAAATCACGAAACG	1	1	0
GATTTCCCCCGCTGTT	1	1	0
GGTAAATCTAGTCGCA	2	2	0
CCATCCACTTATCTGT	1	1	0
CTCACATCGTGGATGG	1	1	0
CTGAAGGGGGCCCTTA	1	1	0
AAACGTGAAGGAAGAC	1	1	0
CACTAACCCTTACGGG	0	0	0
AAGAGTATTTTACCCT	3	3	0
ATTACCTTATGGAAAT	0	0	0
ACCTTCCCACAGCGGA	1	1	0
ATTTCCATGGCGGTTT	1	1	0
TAAACCGACGAGATGT	1	1	0
ATATGCAAAAGCTTCT	1	1	0
CTACGGGAACAGCGGA	1	1	0
TACGCGAGCACAACAG	1	1	0
GCGTATTCGCAACCTG	1	1	0
AAAGCCCGCATTTGTT	2	2	0
CTCACATCAAAGTCGG	1	1	0
TAGTCTCTCCCTTCAG	1	1	0
AGACGAGGCGTCAGCA	1	1	0
CATTCGGGCTACCGTT	2	2	0
GAAGATATCAGACCAT	1	1	0
GTGTCAGGAGGATTCA	2	2	0
CCCGTTCTCTTCGATT	1	0	1
CTGAAGGGTGGTATGA	1	1	0
CGAGGCTACTTACGGG	3	3	0
CCCGTTCTATTTCCGG	3	3	0
GGAACGAACTTACGGG	0	0	0
GCCTGGTATTGAGGGT	1	1	0
GCCTGGTATGAGGTCT	2	2	0
CTGAGCGTCGTATTTC	1	1	0
TGCTTGGGCTTACGGG	2	2	0
GTGTCACCTGCAAGGG	2	2	0
CCCGTTCTCTTTCTTT	2	2	0
TCATACCAAATGAATG	1	1	0
ATCGCGCTAAACTGGT	1	1	0
CTGTGACCTATTGCCT	1	1	0
ACGAATTCCTGTTCTT	2	2	0
TCTAAACTTATTGCCT	2	2	0
GGCGACAAGCACCTCT	1	1	0
ACCAACCCATACTCTT	1	1	0
CTTTCACTACGAAACG	1	1	0
AGCAACGCATATACCT	1	1	0
GAATCCCAAATCGGGT	1	0	1
GGCGACAAGGACTTCC	1	1	0
CAGACTCGCACTTTCT	1	1	0
CTTTGGACCGAGATGT	1	1	0
GTGTCACCCGATTGAT	1	1	0
GGCTATAACCCGACTT	1	1	0
CCATGCATAAAGTCGG	1	1	0
ACCTTCCCAAGGTAAT	1	1	0
CTTAGTGTTATTGCCT	1	0	1
ATATGCAAACCCATAT	2	2	0
GTCCACTATCGAAGCT	1	0	1
TAGTAGCCGACAGATA	0	0	0
AAGGATGACTGAGTGC	0	0	0
CATTCATTACCACGCT	0	0	0
GGAGGTTTGGAATAGA	4	4	0
TAGGTACGATGGATTA	1	1	0
TGAGAGCGACCTTGCC	2	1	1
ACCCTCAAGTGTCGGA	1	1	0
AGCATGCCTGCCTCAC	2	2	0
TGACGTCGTCGGTACG	1	1	0
TATGTGAAAAACTCGA	1	1	0
ATACACCCTCCCGTAG	1	1	0
AGCACGTAGATTGCGA	1	1	0
ACCCTCAAGTACACTC	1	0	1
GCCTTGTGCGTGGATA	0	0	0
CGGTGAGTGGGAGGTA	1	1	0
TGCGACTAAAACTGGT	1	0	1
TAGATCAAAGCGTAGG	0	0	0
ACGGCAGTGAAGCACT	1	1	0
CGTTGCCTTTGAGGGT	1	1	0
CAAGGTACCGAACGTA	1	1	0
CTAGACTAAAATGTCG	0	0	0
GGCAAGGTGAAAGACC	1	1	0
ACGGAGCAAAACTGGT	1	1	0
ATTTCCATCGAATAAT	1	1	0
ACTTCGCTTGGAGGAG	1	1	0
ACAAGTAGGCAAGGAC	2	2	0
CTGTTAAAACAGCGGA	0	0	0
ACTAGAGCTGTGGCTA	0	0	0
AACTCAGTAAACAGGG	1	1	0
CCCTCTTGACCCATAT	1	1	0
CGTCGAATCGGCACAT	1	1	0
CGTGCAACGAGCGGTA	0	0	0
CTAGACTAGGGTTGGT	1	1	0
CCAGACAGGTTGCACG	1	1	0
ACGGTTGGCATACATT	1	1	0
CCGATACGTCCCTGAT	0	0	0
TCTGATTTTACAAACT	3	3	0
ATTTCCATAGGAGCTT	1	1	0
AATATGACGGTCTGAC	1	1	0
CCTCATGAGTACACTC	1	1	0
AGACGAGGGGAATAGA	2	2	0
CATTCATTGAAGGCTT	2	1	1
AGCCATCTAGAGGTGG	1	1	0
ACCAGTTTGGACTTCC	2	2	0
AAGCCTTCATGGGCAC	1	1	0
TGCACCAGACGAAACG	1	1	0
TCTAAACTTTGAGGGT	1	1	0
ACGAATTCACTTCAAT	2	2	0
GCTATGGGGTCTCTCT	1	1	0
AAGGCGCTCACTTTCT	3	3	0
AATAAGGAACATCTAT	1	1	0
GTATTGACGAAAGACC	1	1	0
AATGGCGTAGCTACGG	1	1	0
GTGCCCATAATCGGGT	1	1	0
ACCACAGATGACGGAC	1	1	0
TGACGTCGTTAGGACC	1	1	0
AATACATCTTTAACAG	1	1	0
GTCAGGTTAAGCTTCT	3	3	0
AGTCCGTGTTGTCGCC	1	1	0
GTGTCACCTGCTATTT	3	3	0
CAGGTTGCAGGAGCTT	1	1	0
TCCGACACCCATTACT	1	1	0
CTCTGCGTTAACTACT	1	1	0
ATAGATGTTCGGTACG	1	1	0
CCCTTGCATGCAAGGG	1	1	0
CCGTCTTAACTAGGAT	1	1	0
ATGCATATACATCTAT	1	1	0
TCGACTGCAGCGCGAT	1	1	0
TCATAGCTTGCGACAG	1	1	0
TCGGTCATGCATGGGT	1	1	0
ACCAACCCGACAAAGG	3	3	0
CTCCCAAATACCAGGC	1	1	0
AATATGACCCATTTGA	1	1	0
AATGGCGTTGCAAGGG	7	7	0
GGAACGAAACGAAACG	2	2	0
AACAGAACTTGAGGGT	1	1	0
GAGGAGTGAAGCTTCT	1	1	0
TAGTCTCTAGCGCGAT	3	3	0
GGACTGGAGTTTGTTT	1	1	0
TCGGTCATGTTGCACG	1	1	0
GATTAAAGGAGCGGTA	0	0	0
AGAATCAAAGGATTCA	0	0	0
AAGTCCAAGGGAAATC	1	1	0
TATGTGAACTTAGGTA	1	1	0
TGGACGGAGTGTCGGA	1	1	0
ACCGTCGAGGCTACTA	1	1	0
TAACTTCTAAACTCGA	2	2	0
TCCGACACGAGAATTG	8	8	0
TGGCTAGTCAGATTAC	1	1	0
CTCACATCTAGTGTTT	1	1	0
AGGGACTGGATTGCGA	1	1	0
TGAATAGGTCGTCATG	0	0	0
GCTTCTCCAGCGCGAT	1	1	0
ACAATCTTGCCACATC	1	1	0
GTCTAATCATGGGCAC	2	2	0
TAGGTACGTACAAACT	1	1	0
CAAGGAATAGAAGTCC	1	0	1
CGAAGAAGCTGTCTGG	1	1	0
AGCATGCCATCAAGTG	2	2	0
ACCCTCAAAACAATCC	3	3	0
CAGACTCGTACAGCCG	2	2	0
TCCAGAAGATTCGACG	1	1	0
CCATCCACGAAGCACT	2	2	0
CATTCATTCTTTCTTT	6	6	0
GTCTTCCTCGAGATGT	2	2	0
ATATGGGTACGCAGAG	1	1	0
GGAGGTTTAGAGACTA	0	0	0
AAACGTGAGCCTCTTT	1	1	0
CATTCATTCCCGACTT	1	1	0
ATCCCACCACGTATAC	1	1	0
ATAAGCTAACTGCCGT	1	1	0
ATCTTGGCGACAGATA	1	1	0
AGGCGTTTGATCTCGG	0	0	0
AAACGATCATGCGGAT	1	1	0
CTGCGATGTGACCAGT	1	1	0
ACTAATTGAGCTACGG	1	1	0
GCCAAAGCCCATTTGA	1	1	0
AGGGACTGTCCAGGGA	1	1	0
TCTTTGACGTCAATAC	2	2	0
TCATACCAGGGAACGA	1	1	0
AGGTATATGGTCTGAC	1	1	0
AATCGTTCCCGCTGTT	1	1	0
AGCCATCTCTTCGCAC	1	1	0
CAGACTCGGGTGGGAT	1	1	0
CTGTTTCCTCCAGGGA	2	1	1
ACATCTCGGTTACGAT	1	1	0
TCCGCTGTTCTCAACC	1	1	0
TAGTAGCCTGGCCTGT	1	1	0
GATTTCCCACCTTCTT	3	3	0
AGTAGTTACTGTCTGG	1	1	0
ACCGTCGAGCAAGGAC	0	0	0
AGTTTGTAAAACTCGA	6	6	0
ATGACAACCACTCCTC	1	1	0
ATACACCCATGACCGA	0	0	0
TACTGAATAAATGTCG	1	1	0
GATTTCCCCTACTTGT	1	1	0
AATCGAAGAATCGGGT	1	1	0
TCGTGGGTTGAGGTCT	0	0	0
CGTGTGTTATTGGGCC	1	1	0
GCTTCTCCCGCTCTCA	2	1	1
CTTAGTGTCCTACTAG	1	1	0
AAACCGCCTTGAGGGT	1	1	0
GACACAAACGGGTAGT	1	0	1
GGCGACAAGCAAAGCC	1	0	1
TCATAGCTCAAGTCAT	1	1	0
AAATTCCGGGCTACTA	1	0	1
AGAGAGACAAGATTGT	9	9	0
TCTATTCCAGTGATGC	1	1	0
AGGGACTGGGGAAGGT	1	1	0
CACTAACCAAGCGTAC	1	1	0
TACCTCCCTCGGTTTA	2	2	0
TATGTGAATAGTCTAG	1	1	0
AGTAATGGCGAACGTA	1	1	0
ATCAATCGGTCCGTAC	1	1	0
ATCCTAGTCGACTCCT	1	1	0
CCACGTTGAGAGGTGG	1	1	0
AGGACACATCGTCATG	2	2	0
CGGACTAACATCGCAG	1	1	0
CCGTAGCTCAGATTAC	2	2	0
GAGCGGAAATGACTTT	1	1	0
ACGAATTCTGTGGCTA	1	0	1
AAAGCCCGCCTATTCA	1	1	0
GGTAGCCAGGGAAGGT	1	0	1
CTGTTTCCGATCTCGG	1	1	0
ATACTCTCTTCCGCTC	1	0	1
CCCGTAAGAACTTAGC	1	1	0
CGGCTGTAATTTCCGG	1	1	0
ACTAATTGCTTACGGG	2	2	0
GTGTCACCAGCACCAC	5	5	0
TGGTGTCTCAGTCCCT	8	8	0
CAGATGGGCTAGATTG	1	1	0
GTCTTCCTATATACCT	1	0	1
ATTTCCATCGAGATGT	2	2	0
ATTTCCATGGGAAGGT	2	1	1
AAGTCCAAGGAATAGA	1	1	0
ACGAATTCATTCCTTG	2	2	0
GTGCGAAGGGTCTGAC	1	1	0
CAGACTCGACGAAACG	1	1	0
GTCCTTGCAAGGTAAT	1	1	0
AACGGTAGTTGTGACT	1	1	0
ACCAACCCCCGCTGTT	3	3	0
CAAGGGTTTGCAAGGG	0	0	0
TGCGACTACGTGCTAG	1	1	0
ACGGGTTAAGAGGTGG	1	1	0
CCCTCTTGCTAGATTG	1	0	1
TCCCTGGAACGAAACG	1	1	0
CCTATTTAGATGTGAG	1	1	0
AATGGCGTTACAAACT	2	1	1
TCATAGCTTTAAACTG	0	0	0
TGCGACTATGCAAGGG	1	1	0
ATTTCCATCGAACGTA	0	0	0
CTGGAACATTAAACTG	0	0	0
AGTTGAACTACTTGTG	0	0	0
ACTGGTCAAATCGGGT	1	1	0
GATGGTTATACCGGCA	1	1	0
AGGCCGAACATACATT	1	0	1
ATGACAACGGACTTCC	1	1	0
ACCCATGCGCATGGGT	0	0	0
AAGCCTTCCCCTTCAG	1	1	0
ATGCATATCTTACGGG	1	1	0
CGAACCGAGCAAGGAC	2	2	0
TCTATTCCGCTCTAGT	1	1	0
CTCCTCCAGTGTAACC	1	1	0
GAGGGTCACGTAGAAG	1	1	0
GTCAGACCTCGGTTTA	1	1	0
AGAGGTGCTTATAGCC	1	1	0
CCTACGCTAGCTATGA	0	0	0
GGTTACACGGTCTGAC	1	1	0
CAATTCTCAGCTACGG	0	0	0
GTTACTAGACCACGCT	2	2	0
AAGTATTGCGACTCCT	1	1	0
TACCCTGCATATCTTC	0	0	0
CATTTCTACTACTTGT	1	1	0
GTCCTTGCCGTGGATA	4	4	0
TCTAAACTGTGTAACC	1	1	0
AGCGTGGTTCCAGTCC	2	2	0
ACTAGAGCGCTCTAGT	1	0	1
CGTACCGAGCCACATC	4	4	0
CTAACGCCTACAAACT	1	1	0
CACAACCTGAATACGC	1	1	0
AGAAAGTGATGGAAAT	1	1	0
AAATTCCGTTAGTCCG	1	1	0
CTCACATCGCACCTCT	0	0	0
CCCTCTTGCTTACGGG	2	2	0
GCCTGGTACGCCTTGA	2	2	0
CGGACTAAACTGCCGT	1	1	0
TCGTGGGTCAACAAAT	1	1	0
ACTAATTGAGGAGCTT	1	1	0
CACTAACCTAACCCGT	1	1	0
TGCTGACGTAGTCGCA	1	1	0
TACTGAATATTGGGCC	1	1	0
CTGGGTATAGAAGTCC	1	1	0
GCCTTGTGTGGAGGAG	1	1	0
CGTGGGATGTCGTCGT	1	0	1
AAGCTCCTAAACTGGT	1	1	0
GGGATTACCGGCTTAC	0	0	0
TGCTGACGGAGTTCAC	2	2	0
GAAGATATACGAAACG	2	2	0
CCGTAGCTACGAAACG	1	1	0
AGGTATATAAAGCCTA	1	1	0
AGGAGTCGCAGGTGTC	1	1	0
GCTTCTCCCTGAGTGC	1	1	0
GCCTTGTGGGGAAGGT	1	1	0
GTCAGGTTAAATCAGA	8	8	0
AAATAGCATAAATAGG	1	1	0
GGTAGCCATCGACGGT	0	0	0
GCAAACTGTGTTTGAG	3	3	0
ATGACTTGTGGGATTC	1	1	0
TGCTTCATGCTTTGGC	1	1	0
AGGCCGAACCCTTCAG	5	5	0
CGAAGAAGGACAAAGG	1	1	0
AACAAATGAGATGGCT	1	1	0
CATTTCTAAGGATTCA	1	1	0
CCATCGTCTCCCAATC	1	1	0
CCGAGATCGGTGGGAT	1	1	0
GCCAAAGCCTGTCTGG	1	1	0
ACTTCGCTATGTTGGC	1	0	1
CGTGCAACTTTGTGTC	1	1	0
GCCTGGTACTTAGGTA	1	1	0
CTAGCACGTTGTGACT	1	1	0
GAGCGGAACCGTGTTT	2	1	1
CTTAGTGTTCCAGGGA	1	1	0
ACTACCCGTATTGCCT	1	1	0
CGATGGCAGTAACGTT	0	0	0
ATTATTCGCTCAGAAT	1	1	0
CCAGCGAAGGTCTGAC	1	1	0
CATGCTGCGTCCATGT	1	1	0
ACAAAGATATGACCGA	0	0	0
ACCTTCCCGATTTACC	1	1	0
AGGTTCCCCACAGTTT	2	2	0
ACCAACCCTAGTGGAC	1	1	0
AAGCTCCTTTGTGACT	1	1	0
GGTTACACTGCAAGGG	1	0	1
CCCTCTTGAGCGCGAT	1	1	0
AGCACGTAAGAAGTCC	2	2	0
ACGGAGCATTCACATA	1	1	0
GCATCACTACGAAACG	1	1	0
TACCGCTCGCCGGATT	0	0	0
ATCAATCGCAATTAGT	4	4	0
AAAGAGGCGACAACTT	1	1	0
ACTGGTCACACTCCTC	3	3	0
GTCAGGTTTTCGTTCC	1	1	0
AGCTTCGAATGACTTT	1	1	0
CCTACGCTGTCAATAC	1	1	0
AATCGAAGGTTCAACT	1	1	0
AGAGGTGCAAACGCCT	1	1	0
ACGAATTCATGAAGCA	1	1	0
GAAGATATAGAAGTCC	3	3	0
CAATCTAGATATACCT	1	1	0
CTCCTCCACTCTTGAC	0	0	0
CTGAAGGGTGATGCCC	1	1	0
AAACTACAAAGTAATC	1	1	0
TATCCACGTCCTTATT	1	1	0
ATTGGCCCGCCAAGAT	0	0	0
ACAATCTTTGCCATCG	3	0	3
ATGCATATCTTCTGGA	1	1	0
AGTTGAACAAGGTAAT	1	0	1
CATTTCTAGGTCACAG	1	1	0
CTCTGCGTGAGAATTG	1	1	0
GGTGTCGAGGATAAAG	1	1	0
GTGTCACCACTAGGAT	4	3	1
AGTTGCGGACGTATAC	5	5	0
GCATCACTAGATGGCT	0	0	0
CGTGTACACGATTGAT	1	1	0
CCAGACAGAGGCAGTT	0	0	0
GTCAGGTTGGAATAGA	2	2	0
ACGAATTCTCGGTTTA	2	2	0
GATGCAGACGTAGAAG	1	1	0
AGTTTGTAGTCCAAAG	2	2	0
AGGCCGAACTAGATTG	1	1	0
ACCCTCAAGATGTGAG	1	0	1
GCGGTAACAACCTGAC	2	2	0
GATTGGGATCCGTCCA	1	1	0
CCATATGAATATAGGA	0	0	0
GGGTCATTATGCATGG	1	0	1
AGCATGCCATATACCT	1	1	0
AAACTACATATTGCCT	4	4	0
CGAAACTCTTGGACTT	9	8	1
TATCTGTCGCCTCTTT	1	1	0
AGCAACGCCTTACTCC	1	1	0
GGGCATCATGCTCCGT	1	1	0
GAATGCGCTAGTGGAC	1	1	0
GAAGATATTTGTGACT	2	2	0
GTGCCCATCTTGGTGT	1	1	0
TACCTCCCTCGGTACG	0	0	0
TCTATTCCTAACTACT	1	1	0
TGGGAATTTCACGTTT	1	1	0
ATCCTAGTAGCTACGG	1	0	1
ATGTGCCGAATCGGGT	1	1	0
TGGTTAACCTTACGGG	1	1	0
TGCCGGTAAATGAATG	1	1	0
GAGAAACCGGGCCAAT	0	0	0
GGTTACACGGCTACTA	1	1	0
AAACTACACCCATCTG	1	1	0
GTAAGCCGCGGGCTTT	0	0	0
GCTATGGGCTTCTTCG	1	1	0
TATTAGCGAGGTTGTG	0	0	0
AAACCGCCCCATTTGA	0	0	0
AAGAACAGGGATAAAG	1	1	0
GTGTCACCGGTCCCTT	3	3	0
GTCTTCCTGCGCATTC	1	1	0
CATTCATTGACAGATA	1	1	0
AAACCGCCCTACGAGC	1	1	0
GTCAGGTTAAACGCCT	2	2	0
ACTAATTGGTGGAGCT	1	1	0
AAGTCCAACGCTAATA	1	1	0
CATTCATTCCATTACT	1	1	0
CATTCATTGCGTTGCT	1	1	0
AAACAAACGTTAACCA	0	0	0
TACCTCCCCATTTGTT	2	2	0
TGGCTAGTATGACTTT	1	1	0
GTCCACTACGCTAGTC	1	1	0
TGTTATCAGTCTCTCT	1	1	0
AAACTGTGCTCCGCAT	1	1	0
ATTTCCATGTCTCTCT	1	1	0
CTTCTACGCGACTCCT	1	1	0
CTACGGGAAGGAGCTT	1	1	0
TGAATCCTTTATCTGT	1	1	0
TGGTTAACCCGCTGTT	1	1	0
TACCCTGCCACAGTTT	1	1	0
AGCATGCCGATCGTTT	1	1	0
GCACTCAGGATCTCGG	1	1	0
GGACTTCTGCACCTCT	4	4	0
GCGGTAACGGCGGTTT	1	1	0
ATACACCCTACAAACT	1	1	0
CTAGTAGGCCATTACT	1	1	0
GGCACTTCATATACCT	1	1	0
AAGGCGCTCTGGTGCA	1	1	0
AGTTGCGGTCCAGGGA	1	1	0
CGGCTGTAATCTTTGT	2	2	0
GATGCAGACGAACGTA	0	0	0
ACAGGCCAGCTCTAGT	1	1	0
GGTCTTTCAGCGCGAT	2	2	0
GTCTTCCTGAACGATT	2	2	0
CTCACATCTTGGCGTT	1	1	0
ACCCTCAAGAAGGCTT	2	2	0
GATTACTTTGTGTCCT	1	1	0
CTACGGGACAGATTAC	2	2	0
AAGTGAGAATATACCT	1	1	0
TGCGACTAGCGTTGCT	2	2	0
CCATCGTCGTTCTGTT	1	1	0
GATTGGGAGGGCCAAT	1	1	0
GTGTCACCCGTACCTA	2	2	0
ATAACAGGAGAAGTCC	1	1	0
CTAGACTACAGGTGTC	1	1	0
CCATCCACTCATCCTT	0	0	0
TCTATTCCCGAACGTA	1	1	0
AGGCGTTTTGACGGAC	1	1	0
CCACCTCTTGCCATCG	1	1	0
TGACGTCGGGCCCTTA	1	1	0
CCCGTAAGCTTACTCC	1	1	0
TCAGCCTCAAACTCGA	2	2	0
AGAAAGTGTGACCAGT	1	1	0
CGTGGGATCCCTAACC	2	2	0
GGTTGAGAAATCGGGT	1	1	0
ATATGGGTGCACCTCT	1	1	0
CCAGCGAAGCAAAGCC	1	1	0
CTTAGTGTCCGCTGTT	1	1	0
ATTATTCGTCCCAATC	2	2	0
ACCAACCCTTGTCGCC	3	3	0
ACCCGATTCGAACGTA	1	1	0
GTGTCACCTCTCAACC	5	5	0
CATTCATTATTCAGTA	1	0	1
ATGACAACTACAAACT	1	1	0
GTCCGTCAGAGCCCAT	1	1	0
CGAAGAAGGGGAACGA	1	1	0
AATATGACTAGCTTAT	1	1	0
ATTTGTTGTACCAGGC	1	1	0
CTAACGCCAAGCTTCT	1	1	0
GCTATGGGACTGCCGT	0	0	0
AAAGTCATTGTAAAGG	1	0	1
GTCCTTGCTCATCCTT	1	1	0
ACTGGTCAGAGAGTAT	0	0	0
CTGCTAGATCGGTTTA	2	1	1
CTGAGCGTAGAGGTGG	1	1	0
TGACGTCGCGAGATGT	1	1	0
GGCTTTGCAAATCAGA	1	1	0
ACACCAAGGCCGGATT	1	1	0
TCCTATATCATTTGTT	0	0	0
AATAAGGATTGTGACT	0	0	0
ATTTGTTGGATGTATT	5	5	0
ATATGCAAAGGATTCA	0	0	0
GCTTCTCCGGACTTCC	0	0	0
AATGTATGATGACTTT	1	1	0
TCAGCCTCCAGATTAC	1	1	0
GTCTTCCTTCTCAACC	0	0	0
CATGACGACTTCTTCG	1	1	0
CGTTGCCTCACGGACT	1	1	0
GAATGCGCTCGGTTTA	1	1	0
AGGCAATATTAAGCGT	1	1	0
TACTGAATAAGCTTCT	1	1	0
TACTGAATGATCGTTT	1	1	0
GAAGATATGGTTTCTC	1	1	0
GGAAGTCCACGCAGAG	0	0	0
ACCCATGCTGCAAGGG	1	1	0
TACCTCCCAAGATTGT	1	1	0
TAATGTGGGGTGGGAT	1	1	0
AATATGACAATCGGGT	2	2	0
CGGACTAATAGTGGAC	1	1	0
TACCTCCCACCTTCTT	0	0	0
ACGGTTGGAGGAGCTT	1	1	0
AGTTTGTAATGTTGGC	1	1	0
CCTCATGAACCACGCT	1	1	0
TCCTATATTTGCACGC	7	7	0
TACCTCCCTCTCACTT	1	1	0
AGTAATGGGAGAGTAT	3	3	0
GGCTATAATTCACATA	1	1	0
TCAGCCTCACGTATAC	1	0	1
CTGAGCGTATTCAGTA	1	1	0
TCGACTGCAAACTGGT	1	1	0
CGAACCGACCACATTA	1	1	0
ACGTAAACGAAAGACC	1	1	0
CATGACGAGTTGCACG	0	0	0
AAATTCCGCTACTTGT	2	2	0
CTCTGCGTCTTACGGG	3	3	0
GGCAAGGTACTGCCGT	1	1	0
AATAAGGACAAGTCAT	1	1	0
ACGAATTCGAGGCTGA	1	1	0
ACGCTTAATCCTTATT	1	1	0
AGAAGCTTCTGGTGCA	3	3	0
GAAGATATTAAGACGG	1	1	0
GAGTGTACTCGAAGCT	1	1	0
ACACCAAGTAAGACGG	1	1	0
CAGGTTGCAATGAATG	1	1	0
TCTGATTTGTCGTCGT	1	1	0
CCTTTGTCTCCAGTCC	2	1	1
AAACACGGGTAATCCC	1	1	0
ATCCGCATCTTACGGG	4	4	0
GAAGATATATCTTTGT	1	1	0
CAAACATTACTAGCCA	2	2	0
AAACACTACTGTTCTT	0	0	0
AATGGCGTACACTAAG	1	1	0
ACCACAGAAATGAATG	0	0	0
AGCACGTAATGGAAAT	3	3	0
CAATCTAGTGGCTACC	1	1	0
TACCCTGCTAAGACGG	1	1	0
AGGCAATAGTTGTCAT	1	1	0
AACTGCCTCATTTGTT	1	1	0
TCATAGCTTACAAACT	1	1	0
AATAAGGAAAGATTGT	2	2	0
GTAATCTGAGCTACGG	1	1	0
GTCCACTAGTCTCTCT	1	1	0
TCCTATATAATTCCCA	1	1	0
GTATTGACGAGTTCAC	2	1	1
AGGCGTTTGGGAAGGT	2	2	0
TATTAGCGAGGATTCA	1	1	0
GTTACTAGAAGCTTCT	1	1	0
TCGCAATCAGATGGCT	2	2	0
GGCACTTCGTTCTGTT	1	1	0
CGATGGCAGACAGATA	1	0	1
TGGAAAGCTGCTCCGT	1	1	0
GATGTGGCCTTCTGGA	1	1	0
TAGATCAAATCCGCTA	2	2	0
ATCTTGGCATGGATTA	1	1	0
AAGAGTATTAACTACT	1	1	0
TAGTAGCCATCCGCTA	1	1	0
TAAACCGACTACTTGT	1	1	0
CCGTCTTAAATGTTTG	0	0	0
TCAAGGCGAAACTGGT	1	1	0
GCATCGAGGATCGTTT	0	0	0
GCCAACATCTACTTGT	1	1	0
TCCCTGGAGCAGCATG	0	0	0
GAGAAACCCATCTCCC	1	1	0
CGTGTGTTCATCGCAG	1	1	0
CTCACATCGATTTACC	1	1	0
TCCGCTGTTTTACCCT	0	0	0
GTGTCACCAGGATTCA	4	4	0
GGATTGTTAAACTGGT	2	1	1
AGTCACAAAGCTACGG	1	1	0
AGCTTCGAAAACCTCC	2	2	0
GGAGTAAGTGATGCCC	1	1	0
AGCTCCACTCGAAGCT	0	0	0
AGCGTGGTTAGAAATG	1	1	0
GAAGATATCGGCTTAC	1	1	0
GTGAACTCCCCGAATG	1	1	0
CTGGAACATAAGACGG	1	1	0
CGAAGAAGCGCTCTCA	1	1	0
CCAGACAGACGAAACG	1	1	0
AACTCAGTCTACTTGT	2	2	0
GATACGCAAAATCAGA	1	1	0
AGCACGTAGGACTTCC	4	4	0
CCGACTTTTGATGCCC	1	1	0
CAATTCTCCCGTGTTT	1	1	0
ACGCTTAAGCAACCTG	1	0	1
ATTATTCGAACCTGAC	1	1	0
GGTAGCCACAACGTGG	0	0	0
GGAACGAAAAGGTAAT	1	0	1
CGAAACTCATATACCT	2	2	0
TCGTTCCCAATGTTTG	1	1	0
TACCGCTCTGCGACAG	1	1	0
CACAAGTAAACCCTTG	1	1	0
AAAGTCATTCGGTTCG	1	1	0
TGAGCACAGGTGACAC	1	1	0
CAACGCAGGAAGTGCC	1	0	1
ACCTTCCCGCAGTCGA	1	1	0
GTCCTTGCAGACACCA	1	1	0
CTCTATAGATCCGCTA	1	1	0
TCGACTGCTGAGGTCT	2	2	0
AGGCCGAACGACGTCA	2	2	0
ATTATTCGCCGCAACT	4	4	0
AAACCGCCCCGCTGTT	2	2	0
CGATCCAAGAACGATT	1	1	0
GATGGTTATTATAGCC	1	1	0
GGGTCTAGTTGTTTAC	0	0	0
AACAGAACCCACATTA	1	1	0
CCATGCATTCATATGG	1	1	0
CGAACCGAAGCGCGAT	1	1	0
ATTGGCCCTGCTCCGT	1	1	0
AGCTCCACCACAACAG	2	2	0
TACCGCTCCTTACTCC	3	3	0
GTCAAGAGTACAAACT	1	1	0
TAAACCGATAGTGTTT	3	3	0
GTGATAAATTGGACTT	1	1	0
AAAGAAAGGCTCTAGT	1	1	0
ACCGTCGAAAAGCCTA	1	1	0
ACTTCGCTCGAATAAT	1	1	0
AAAGAGGCATGGAAAT	1	1	0
TCCGACACCTACTTGT	1	1	0
AGTTGCGGAGTGAAAG	1	1	0
CGGTGAGTATGAAGCA	1	0	1
GCGTGCAAAAACTGGT	1	1	0
AAGGGACCCGAGATGT	1	1	0
ACACCAAGAGCAGAAC	1	0	1
GACACCTGTACAAACT	1	1	0
ACGAATTCGCGCATTC	1	1	0
GATTGGGATTATCTGT	1	1	0
GGAACGAATGGCCTGT	4	4	0
CCACGTTGTGGTTTCT	2	2	0
GCCTTGTGGGCGGTTT	2	2	0
AAACTGTGTGGAGGAG	1	1	0
TGGTTAACCCATTTGA	0	0	0
CCATCCACCCATTTGA	1	1	0
GATACGCAAGTGAAAG	1	1	0
ATACACCCAAGCTTCT	1	1	0
ATCAATCGCCCTAACC	1	1	0
AAGAAGGTATATACCT	1	1	0
CAGTTTAATGCGACAG	1	1	0
AGGCGTTTAGAAGTTA	1	1	0
ATGACAACGCACCTCT	1	1	0
ACCTTCCCCGTGGATA	1	1	0
ATTTCCATTGCTCCGT	1	0	1
AGCAACGCAGTGATGC	0	0	0
TGCTTCATAGGCAACG	3	3	0
AATAAGGAGAAGGCTT	1	1	0
ATTTCCATCAATTAGT	1	1	0
ATTGGCCCAAACTGGT	1	1	0
AATGGCGTACCTTGCC	1	1	0
CGATGGCAAATCGGGT	0	0	0
AGGTTCCCCCATTACT	1	1	0
GTGCGAAGGCTTTCCA	1	1	0
CCGACTTTGTCCATGT	1	1	0
TAAGGGCCCTGAGTGC	1	1	0
CGTGCAACAACCTGAC	1	1	0
TCGCAATCACCCATAT	1	1	0
CTGTCGCACAATTAGT	1	1	0
TAGTAGCCATATACCT	1	1	0
ACGAATTCTACCAGGC	1	1	0
AAGGGACCCTGAGTGC	0	0	0
AGTAATGGAGAACGGG	1	1	0
CGGTGAGTAAGGTAAT	1	1	0
GATTTCCCAATTCCCA	1	1	0
GAGTGTACCCTGTTAT	1	1	0
CTCTATAGTCCTTATT	1	1	0
ACTTCGCTTGCCTCAC	1	1	0
CTGCGATGCTGTCTGG	1	1	0
AAGCCTTCGAGCGGTA	1	1	0
TAACTTCTTTAGTCCG	1	1	0
TCCGACACCGAGATGT	1	1	0
AGTAATGGAAACGCCT	1	1	0
CCAGCGAAGCACCTCT	2	2	0
CATGCTGCAGATGGCT	1	1	0
AGAAAGTGGTGGATGG	1	1	0
TAGATCAAAAGATTGT	1	0	1
ATATGGGTTTGGATCG	1	1	0
AAAGCCCGCTTCGATT	0	0	0
ACGAATTCTTGCACGC	1	1	0
TGAGAGCGACATCTAT	1	1	0
GTGCCCATTGAGGTCT	0	0	0
CTTCTACGCTTGGTGT	1	1	0
GAGGGTCACTTACGGG	1	1	0
ACTAATTGACATCTAT	1	1	0
ACCAACCCCACTTTCT	1	1	0
ACCTGAAGGCAAAGCC	2	2	0
ACAGGCCAGATCGTTT	2	1	1
TATCCACGTGCTATTT	1	1	0
AGAGGTGCGGTGGGAT	1	1	0
AAACCGCCTTTGGGAG	1	1	0
TATCCACGGCAGCATG	1	1	0
GAGAAACCCTGCGTTG	0	0	0
TGCTTGGGCGAGATGT	1	1	0
TGAATCCTTACGTGCT	4	4	0
TACCTCCCAATCGGGT	2	2	0
ACAAGTAGGGCTACTA	2	2	0
ATGACAACCTCTTGAC	1	1	0
AAAGAAAGCCATTACT	1	1	0
CGTGTGTTATTTCCGG	1	1	0
CGACATTTTAGCTTAT	0	0	0
CGTTGCCTTGTGGCTA	8	8	0
AGCACGTACTAGATTG	1	1	0
AGTTTGTAAATGAATG	1	1	0
CTGTTTCCTTTGTGTC	1	1	0
AGCGTGGTACGAAACG	2	2	0
TCGACTGCCTAGATTG	1	1	0
ATTATTCGTTTACCCT	0	0	0
AGTTGCGGAAGTAATC	1	1	0
AAACTGTGGCACCTCT	1	1	0
ATATGCAAGAGAATTG	1	0	1
GCTTCTCCGAATACGC	1	1	0
AAGTCGGGCTTCTTCG	1	1	0
TCGCAATCGTGTCGGA	1	1	0
ATTCTGAGGAGAATTG	1	0	1
ACCTTCCCTGTAGTTT	2	2	0
ACAGGCCAGAAGTGCC	1	1	0
TCCCTGGATTTGGGAG	1	0	1
CCGAGATCTGAGGTCT	1	1	0
TCCGACACGTCTCTCT	1	1	0
TACGCGAGAAATCGTT	2	2	0
ACCGTCGATGCTCCGT	1	1	0
GGCAAGGTTGCCTCAC	0	0	0
GGTGTCGAAAATCAGA	1	0	1
GAAGATATCGTAGAAG	1	1	0
TGGCTAGTCCGCTGTT	1	1	0
ACGACGACTGGTATGA	3	3	0
AGCTTCGACTTCGATT	1	1	0
AATCGAAGGGACTTCC	0	0	0
GTCTTCCTGTATGAGT	1	0	1
CCGATACGTCCGTCCA	1	1	0
AGGACACAGCAGCATG	1	1	0
GTCAGGTTAATGTTTG	4	4	0
ACTCGGAATGACGGAC	1	1	0
TAGTAGCCGTTCTGTT	2	1	1
ATCTTGGCTGGTATGA	7	7	0
AGGTTCCCAACCCTTG	1	1	0
CCATCCACTACAAACT	1	1	0
TGGTTAACTTGAGGGT	0	0	0
CTCTGCGTGCACCTCT	5	5	0
CGAACCGAATATACCT	1	1	0
TACCCTGCAAACTGGT	1	1	0
GACACCTGACCCATAT	1	1	0
ATTTCCATTGAGGTCT	2	2	0
ACTCATACAGGCAGTT	1	1	0
AGGTTCCCGATCTCGG	0	0	0
AAGCTCCTGTTACCGC	2	2	0
CGAAGAAGAATCGGGT	1	1	0
AGGTATATTAGTGGAC	0	0	0
AAGTGAGAGATCGTTT	1	1	0
CGTACCGATACTTGTG	0	0	0
TGCTGACGGAATTCGT	6	6	0
CGAAGAAGGGCCCTTA	0	0	0
CTTTCACTCCGCTGTT	2	2	0
ACCCTCAAGGTTAGTG	2	2	0
GTGATAAAAGGCAGTT	1	1	0
AGCACGTAAAACAGGG	1	0	1
GCCTTGTGATGGATTA	1	1	0
AGGCGTTTGAGAATTG	1	1	0
GTCAGGTTGACAGATA	5	5	0
TGGTGTCTGGGAAGGT	1	1	0
TAGTAGCCATGGAAAT	0	0	0
CGGTGAGTTAGTGGAC	1	1	0
GGGTCATTCTTGGTGT	2	1	1
ACCACAGATAAGACGG	1	1	0
GAGGAGTGTGCGACAG	1	0	1
GGTTAGGGCAGGTGTC	0	0	0
ATTGGCCCTGGGATTC	1	1	0
GATTAAAGGTGGATGG	1	1	0
GCGGTAACCGTACCTA	1	1	0
AGCACGTACGGAATTT	3	3	0
ACGTAAACTTGGATCG	1	1	0
GTGAGGCAGATTAGAC	1	1	0
ACATCTCGGTTCAACT	1	1	0
CCGAGATCTTAAACTG	1	1	0
AATCGAAGCCCAAGCA	1	1	0
AAGGGACCCTGGTGCA	1	1	0
ACCACAGATCGAAGCT	1	1	0
CTAGTAGGGAATACGC	1	1	0
CCCTCTTGATGGGCAC	0	0	0
GGTAGCCAAACCTGAC	1	1	0
GCCTGGTAAAACTGGT	1	1	0
TCTAAACTAGGCAACG	1	1	0
CAATTCTCGCAACCTG	1	1	0
TAGGTACGTTTGGGAG	0	0	0
AGAATCAAAGCGCGAT	2	2	0
GGTGTCGACTAGATTG	3	2	1
GGTTACACGTTTACGT	1	1	0
ATATGGGTCTGAGTGC	1	1	0
TAGATCAATCGTCATG	1	1	0
CTGCTAGAGTCCAAAG	2	1	1
AAACTACAAGGTTGTG	1	1	0
CGATCCAACGTGCTAG	1	1	0
CCTTTGTCATATAGGA	1	1	0
GCATCGAGTCCCGTAG	1	1	0
CAAGGGTTGGAGAAGC	1	1	0
AGTCCGTGCCTGACAC	3	3	0
ATAAGCTAACCACGCT	1	1	0
GAGCGGAACAAGAGGG	1	1	0
GCGTATTCAAACAGGG	1	1	0
AAGAACAGAATCGGGT	1	1	0
ATGGGCTCCACAACAG	3	3	0
TAGATCAACTTACGGG	2	2	0
TACCGCTCTAGTCGCA	0	0	0
ACTTCGCTGATTGCGA	1	1	0
TGGTTAACGTAATCCC	1	1	0
ACCCTCAAGCAGGGTA	1	1	0
GTCAGGTTCGGGCTTT	1	1	0
GAGTGTACATACTCTT	1	1	0
TAGTCTCTCGTAGAAG	2	2	0
TGAATAGGTCTCACTT	1	1	0
AGCACGTACGTGCTAG	1	1	0
GTCAGGTTGACGATGG	1	0	1
GCTATGGGGTTCTGTT	0	0	0
TGGCTAGTTCATATGG	1	1	0
AGGTTCCCTACAAACT	1	1	0
TAGGTACGAGCGCCTT	1	1	0
AGAAAGTGCGAGATGT	1	0	1
GTCAGGTTAGGAAGAC	3	3	0
GCTAAGTTACGCCATT	1	1	0
AGCGTGGTTTGGATCG	8	7	1
CAAGGGTTCTTGGTGT	1	1	0
AGTAATGGGGAAACAG	1	1	0
AGGGACTGTACAAACT	1	1	0
AAGGCGCTTAACCCGT	0	0	0
GTCAAGAGAGCGCGAT	1	1	0
AGAATCAATTCGGCCT	1	1	0
GGCAAGGTTTGAGGGT	1	1	0
AGCAACGCTGCGACAG	3	3	0
GTCAGGTTAAATCGTT	5	5	0
CTGAGCGTGTCCATGT	2	1	1
CGTGGGATTAGAAATG	1	1	0
ACAAGTAGGACAAAGG	1	1	0
ACGGAGCACGCCTTGA	1	1	0
AGTTGCGGCTGGTGCA	1	1	0
GGTTAGGGAAACTCGA	1	1	0
ACCTTCCCATGACTTT	1	1	0
CATTCATTAGCGCCTT	1	1	0
TACCTCCCGGGAAATC	1	1	0
AGAAGCTTGTCCGTAC	1	1	0
GGTAGCCAGAGCGGTA	1	1	0
ACCTGAAGCGTAGAAG	1	1	0
CGTGCAACCAGATTAC	1	1	0
AATGGCGTGATGTGAG	1	1	0
CAGATGGGGGCCTAAG	1	1	0
TAATGTGGGGAATAGA	3	3	0
ACCTTCCCCCTGACAC	1	1	0
ACTTCGCTAAGTAATC	1	1	0
ACCTTCCCAAACTCGA	1	1	0
CAAGGAATGCAGGGTA	1	1	0
CCCTCTTGTTGTCGCC	1	1	0
CTCACATCCGTATCGG	1	1	0
GGTCCTAAGTTTGTTT	1	1	0
GAAGATATCAACGTGG	1	1	0
ATCAGGGATAAATAGG	1	1	0
ACGGTTGGGAATACGC	2	2	0
CTACGGGAGGGAACGA	1	1	0
GCAAACTGAATCGGGT	1	1	0
TCGTTCCCCGGCACAT	1	1	0
GAGAAACCCTTCGATT	2	1	1
AGCAACGCCGACGTCA	2	2	0
CTGCTAGAATGAAGCA	1	1	0
ATATGGGTATGCGGAT	1	1	0
TCAGCCTCCGAGATGT	1	1	0
AAGGCGCTAGAACGGG	1	1	0
TGGTGTCTGATGTGAG	1	1	0
TGCGACTACGCTCTCA	1	1	0
GTACGGACAACCCTTG	1	1	0
AGTAATGGCCGCTGTT	1	1	0
ACTTCGCTTTGAGGGT	1	1	0
GGTCTTTCGGAAACAG	1	1	0
ATTTCCATAATCGGGT	1	1	0
GGAGGTTTGGTCTGAC	1	1	0
CTCACATCCCGCTGTT	3	3	0
CGTCGAATGCAGGGTA	1	1	0
ATGGTCTGCGCTAATA	1	1	0
GAAGATATAAGTAATC	2	2	0
ATTTCCATGACAGATA	1	1	0
ACCCTCAACCCATCTG	1	1	0
ATTTCCATGGGAAATC	1	1	0
AGCACGTAACGGTAGC	1	1	0
ACCTTCCCATGGATTA	1	1	0
CAGTTTAATTGTCGCC	1	1	0
ATACACCCAGAGACTA	2	2	0
TGAATCCTTGGGATTC	1	1	0
CATTCATTTGATGCCC	1	1	0
ATTTCCATGACGATGG	2	2	0
ATCAGGGAAGGCAGTT	2	2	0
CGATGGCAATGTTGGC	1	1	0
CGTGTGTTACCCATAT	1	1	0
CCACCTCTTATTGCCT	2	2	0
CTGTTTCCCGCTCTCA	0	0	0
CTTTGGACCCATTACT	0	0	0
CTGTTGTGGAGTTCAC	1	1	0
AAGTATTGCCTACTAG	2	2	0
CTGTTTCCAGCTATGA	1	1	0
AGACGAGGCCCTTCAG	1	1	0
CCGATACGGTTTACGT	1	1	0
ACTGCTGGGAAGGCTT	1	1	0
GAATCCCATACAAACT	1	1	0
GATACGCACTTGGTGT	1	1	0
ACTAGAGCATGCATGG	1	1	0
AGGACACACTGTCTGG	1	1	0
CTCCCAAAAGGTTGTG	1	1	0
AGTAGTTACCGCTGTT	1	0	1
GTGCGAAGGGACTTCC	1	1	0
GACACAAAGCTTTCCA	1	1	0
TGAATCCTCTTACGGG	3	3	0
GAAGATATTTCGTTCC	2	2	0
AGGTAAGCCTTACTCC	1	1	0
AGTTGAACAGGATTCA	0	0	0
CTGTTAAACAGATTAC	1	1	0
CAATCTAGTAACCATC	1	1	0
ATAAGCTATACAGCCG	3	3	0
TCGAGTTTGTTTGTTT	1	1	0
ACATCTCGCCTCGTCT	1	1	0
CCGAGATCGAGAATTG	1	1	0
AGCATGCCCTGAGTGC	1	1	0
TAATGTGGGACAGATA	1	1	0
GGAACGAACGTATCGG	3	3	0
GGTAGCCATATTGCCT	1	1	0
TGCTTGGGACCACGCT	1	1	0
ACGAATTCAGAAGTTA	1	1	0
GGCGACAAACCTTCTT	3	3	0
AGAAGCTTTTATCTGT	1	1	0
CCATCCACTGGTATGA	2	2	0
CCTATTTACACAACAG	1	1	0
CGTACCGATTGCACGC	1	1	0
TATTAGCGTGATGCCC	1	1	0
ACCCGATTTTTACCCT	1	0	1
CCTATTTAAATTCCCA	1	1	0
CCTATTTAGGGAAGGT	3	3	0
CGGACTAACTTGGTGT	2	2	0
GGGCATCAGAGTTCAC	1	1	0
GATTAAAGCCGTGTTT	1	0	1
CAACGCAGTAGAAATG	1	1	0
GTACGGACTGGTATGA	0	0	0
CTCCTCCATAGTGGAC	1	1	0
AGAAGCTTTTCACATA	2	2	0
ATCTTGGCTGCTATTT	1	1	0
TCATACCATTGAGGGT	1	1	0
ATTTCCATCGGACAAC	1	1	0
TACCCTGCGAAGGCTT	1	1	0
AGAAACCATACAAACT	1	1	0
TGGGAATTCACAGTTT	1	1	0
AGTGCTTCCGAGATGT	1	1	0
AACTCAGTTCGGTTCG	1	1	0
ACCCTCAAAAACTCGA	1	1	0
GTCAGGTTCAACAAAT	3	3	0
ATAGATGTCCATTACT	1	1	0
CAATCTAGGAAGCACT	0	0	0
TAATGTGGGTTGTCAT	1	1	0
CCATATGAGATTTACC	1	1	0
ATGGGCTCCGAATAAT	1	1	0
CGGACTAATTTATCAC	1	1	0
ACCTGAAGAACCCTTG	0	0	0
GATTTCCCCCCATCTG	1	1	0
ACGCTTAAAATCGGGT	1	1	0
CTGCGATGAGAGACTA	1	1	0
GGGATTACAGCGCGAT	2	2	0
TATCCACGCTGGTGCA	1	1	0
GGTTGAGAGCTTTGGC	1	1	0
AATCGAAGACTAGCCA	1	1	0
CATTCGGGTTGATTCT	1	1	0
AACAAATGCTAGACCC	1	1	0
TCGAGTTTAGGATTCA	1	1	0
GGCCCAATATTTCCGG	0	0	0
CCACCTCTTTGTCGCC	4	4	0
TACCGCTCGGACTTCC	1	1	0
AGCAACGCGTATGAGT	1	1	0
GCCTTGTGCTACGAGC	1	1	0
TGCCGGTATTGTCGCC	1	1	0
CAGTTTAACAAGTCAT	1	1	0
CCACGTTGCTTTAATC	1	1	0
GTGATAAATCTCAACC	1	1	0
ATATGCAACGGACAAC	0	0	0
AGCAACGCGTTGCACG	2	2	0
GTCTTCCTCATCGCAG	1	1	0
CTCACATCGAAGCACT	6	6	0
AAACCGCCTACAAACT	1	1	0
ACCAACCCTCCAGTCC	1	1	0
GGCGACAAGTACCTTG	2	2	0
CCGATACGTTCACATA	1	1	0
TGGGAATTCGGACAAC	1	1	0
AAACACGGTCGGTACG	1	1	0
ATCCGCATCCATTACT	1	1	0
AGGCGTTTTGCCTCAC	0	0	0
ACTTCGCTGGCTACTA	1	1	0
TATGTGAAGGAATAGA	1	1	0
TGACGTCGGCTCTAGT	1	1	0
ACGACGACTTATAGCC	0	0	0
GCGGTAACAGCGCGAT	2	2	0
AACTCAGTGTTTGTTT	1	1	0
ACCTTCCCCAACGTGG	3	3	0
CAAGGAATATATACCT	1	1	0
GGTAAATCTGACGGAC	1	1	0
AGTAATGGGGGCCAAT	1	1	0
ATCTTGGCGCTCTAGT	1	1	0
GTCAGGTTACGTATAC	3	3	0
ACAGGCCAAGTTTAGA	1	1	0
CGAAGAAGAAACTGGT	1	1	0
ACCCTCAAGGCGTTAG	2	2	0
GCTTCTCCGCAGCATG	1	1	0
ACTAATTGATACCCAG	1	1	0
AAGTATTGCCATTTGA	1	1	0
AGTCACAAGCTTTCCA	2	2	0
GAATGCGCCGCTCTCA	1	1	0
AGAGGTGCTCTAGCAG	1	1	0
GGCACTTCTGTGTCCT	1	1	0
GGGTCTAGATCTTTGT	1	1	0
GCCAACATGGGAGGTA	1	1	0
CTTCTACGCCGCTGTT	1	1	0
GTCCTTGCAGAGGTGG	1	1	0
TAGATCAAATATCTTC	1	1	0
CGTTTCGTCACAGTTT	1	1	0
GGCGACAACCTGACAC	4	4	0
TAGATCAACCGCTGTT	2	2	0
TAAGGGCCGACGATGG	1	1	0
ACGAATTCTAGTCTAG	1	1	0
ACCTGAAGCTGAGTGC	1	1	0
ACTGGTCAATCAGCGC	1	1	0
ATAACAGGTGGTATGA	1	1	0
AGTAATGGAGGTTGTG	2	2	0
GTAAACAAGGCCCTTA	7	7	0
GAAGATATCCAGCAGT	1	1	0
CTGGGTATCCCAAGCA	1	0	1
GTGCGAAGGTTTGTTT	1	1	0
TCCGACACTGACGGAC	1	1	0
TACCTCCCTCATGAGG	1	1	0
GTCAGGTTCATACATT	2	2	0
GTCTTCCTCGTGGATA	1	1	0
ACGGCAGTACGTATAC	1	1	0
GAAAGACAATGCGGAT	0	0	0
TCGCAATCGGCCCTTA	1	1	0
TGGGAATTAGGAGCTT	1	1	0
TAGGCTTTGTACCTTG	0	0	0
GAGTGTACTGTAAAGG	1	1	0
TCGTGGGTAAGCGTAC	1	1	0
GGAGGTTTACTGAGTT	1	1	0
CATGCTGCGCAGGGTA	0	0	0
CCAGCGAAGGCGGTTT	1	1	0
TCAGCCTCTAGTGGAC	1	1	0
AGCTCCACTTGTTTAC	1	1	0
TGTTATCAACCTTCTT	1	1	0
AGGCGTTTATTCAGTA	1	1	0
AATAAGGATCCCAATC	1	0	1
AAGAACAGCAAGAGGG	1	1	0
CTCACATCCCCTTGGT	2	2	0
TCGTTCCCAGCGAAGT	1	1	0
GATGTGGCAACTTAGC	1	1	0
GTCAGGTTCGAATAAT	7	7	0
GTGCGAAGATATGCAT	1	1	0
GAAATACGCTGCGTTG	0	0	0
AATCCGGCAGAAGTTA	1	1	0
AAGTCGGGCGTAGAAG	1	1	0
CTCTGCGTTTGCACGC	1	1	0
AAAGAGGCTCCTTATT	1	1	0
CCGACTTTCTTCGCAC	1	1	0
GGTTACACGAGCCCAT	1	1	0
TCAGCCTCGCGTTGCT	3	3	0
GCCAACATCTTCAGGT	0	0	0
GGATTGTTTTGGCGTT	1	1	0
AGACGAGGGACGATGG	2	2	0
AGACGAGGATGACCGA	1	1	0
ACCCTCAAATTCAGTA	1	1	0
CATTCATTTAACTACT	2	2	0
TCATTTCATGCTCCGT	1	1	0
ACACCAAGCTTCAGGT	2	1	1
CCAGCGAAATCCGCTA	1	1	0
CTGTCGCAAGAGGTGG	1	1	0
TCATTTCAAAACTCGA	1	1	0
CATGCTGCTGGTTTCT	1	1	0
ATTTCCATCAAGAGGG	1	1	0
ACGACGACCGGACAAC	1	1	0
CACAACCTGCGTTGCT	1	1	0
AGTTTGTATTTGTGTC	1	1	0
CGTGTGTTGCAGGGTA	0	0	0
GTTACTAGCCATTTGA	1	1	0
TAGGCTTTAACACACG	2	2	0
TGCACCAGCTTACGGG	1	1	0
ACCTTCCCTTGTCGCC	2	2	0
GTCTTCCTTTCGGCCT	1	0	1
ATATGCAAAAACAGGG	1	1	0
GCGCTGATGAAAGACC	1	1	0
CCGTCTTAGCAGCATG	1	1	0
CTCCTCCAGGCTACTA	1	1	0
CGACATTTCCCGAATG	1	1	0
TGCTGACGTCCGTCCA	1	1	0
AGGGACTGTGACGGAC	0	0	0
GGCTTTGCATGGGCAC	1	1	0
GACTAGCGCGACGTCA	1	1	0
ATACTCTCATGCATGG	0	0	0
ACTCGGAATCGGTTCG	1	1	0
ACACCAAGAAACAGGG	1	1	0
CCGAGATCTAGAAATG	1	1	0
ATATGGGTGGGAAGGT	1	1	0
TCCGCTGTTCCCGTAG	1	1	0
ACTTCGCTCTGAGTGC	1	1	0
TGAGCACATCGGTTTA	1	1	0
TATGTGAAAAAGCCTA	1	1	0
GCTAAGTTGGCGGTTT	1	1	0
CTGTTTCCGAACGATT	1	1	0
CACAAGTACGATTGAT	1	1	0
ATCAGGGAAACACACG	1	1	0
GTTGTCCGACCCATAT	1	1	0
TGAGCACAAGTTTAGA	1	1	0
CCGACTTTGGTTAGTG	1	1	0
CGTCGAATACCCACGA	0	0	0
CCTACGCTAAACTCGA	0	0	0
GTGAGGCATGCCTCAC	1	1	0
TGAGAGCGTGCTCCGT	1	1	0
CTGGAACAAACCCTTG	1	1	0
TGCACCAGATGCGGAT	1	1	0
ACCTTCCCAGCGAAGT	1	1	0
CTTCTACGCCCATAGC	1	1	0
AGAGGTGCGGTGACAC	1	1	0
CAGTTTAAGCAGGGTA	2	2	0
AGGCCGAAATATCTTC	1	1	0
ACCGTCGAGCAGCATG	1	1	0
AAGGGACCAGGTTGTG	1	1	0
TAGGCTTTGTGTCGGA	2	2	0
GCGTATTCGCATGGGT	1	1	0
AGGAGTCGATCCGCTA	3	3	0
ATATGGGTTCCCGTAG	1	1	0
GGGTCATTTTGATCTA	1	1	0
ACCTTCCCACACTAAG	1	1	0
GGTTAGGGTGAGGTCT	1	1	0
CACAACCTTTCGCTGG	0	0	0
TCAAGGCGTCATCCTT	3	3	0
TACGCGAGGTCATATT	1	1	0
AAGTGAGAATACCCAG	5	5	0
CTCCTCCAAGCTACGG	1	1	0
GTCAGGTTGATTTACC	3	3	0
TCAGCCTCTGCTCCGT	2	2	0
CGAGGCTACTTCTTCG	2	2	0
TCGGTCATCGTAGAAG	1	1	0
TCTTTGACCCATTTGA	1	1	0
TCAGCCTCTTGTCGCC	6	6	0
GGGATTACCTTCAGGT	1	1	0
GGCTTTGCACTGAGTT	3	3	0
AACGATTTTCCAGTCC	1	1	0
TGCCGGTACACTCCTC	1	1	0
GAAATACGAATCGGGT	1	1	0
CGAAACTCGCGTTGCT	1	1	0
GAATGCGCGCGTTGCT	1	1	0
AGACCTCATAACTACT	1	1	0
CCTTTGTCCGGCTTAC	0	0	0
TCGTGGGTGCGCATTC	1	1	0
ACCAACCCTCATCCTT	0	0	0
CTGGGTATAGAGACTA	1	0	1
GAAGATATCTCGCGTA	1	1	0
GTCCTTGCATGGAAAT	1	1	0
TACCCTGCCCTCGTCT	1	1	0
GTGTCACCCAAGTCAT	2	2	0
GTGTCACCCAGTCCCT	3	3	0
GCTTCTCCCAGATTAC	2	2	0
CCATATGAGCCTCTTT	1	1	0
CCTTTGTCAGATGGCT	1	1	0
CTTTGGACAATGTTTG	1	1	0
TACTGAATGTAATCCC	1	1	0
ACATCTCGGAAGCACT	1	0	1
CAAGGGTTTGACCAGT	1	1	0
AGTAATGGACTCACCG	1	1	0
GGCGACAAGTGTCGGA	1	1	0
CGAGGCTAGGATAAAG	0	0	0
ACCTTCCCGGGAACCT	1	1	0
TAATCCATGTCATATT	1	1	0
ACCACAGAATATACCT	2	2	0
AACAAATGATATAGGA	1	1	0
AGGTAAGCCATCTCCC	1	1	0
GAGCGGAAACTGAGTT	1	1	0
ACGAATTCTTGATTCT	1	1	0
ACCCGATTCTTCAGGT	1	1	0
TGAATCCTGCAACCTG	1	1	0
AGAAGCTTAAAGCCTA	2	2	0
TCCGACACCCGTGTTT	1	1	0
TAACTTCTCTAGTAAC	1	1	0
AACGCCAAACTAGGAT	1	1	0
CAAGGGTTTGTCTTTC	1	1	0
GTGTCACCTTAGGACC	3	3	0
AATAAGGACGATTGAT	1	1	0
GGATTGTTCTACTTGT	2	2	0
AATAAGGAGTTGTCAT	1	1	0
GCCTGGTATCCCTGAT	1	1	0
CTAGTAGGTGCCTCAC	1	1	0
CTCACATCCTTAGGTA	1	1	0
TACGCGAGAGGAGCTT	1	1	0
ATACTCTCATGTTGGC	1	1	0
TAAACCGAACGCAGAG	1	1	0
GTGTCACCTGTAGTTT	1	1	0
ATCAATCGAACACACG	1	1	0
CACAAGTAGCTCTAGT	2	2	0
TCAGCCTCGAGAATTG	2	2	0
AGCATGCCCTTACGGG	1	1	0
TGCTTGGGCTACTTGT	1	1	0
AGTAATGGGCAGCATG	1	1	0
GGACTGGAGCCGGATT	1	1	0
CTTCTACGCGGCACAT	1	1	0
GGAACGAACGTGGATA	1	1	0
CCATGCATTGCGACAG	1	1	0
TAGTAGCCCTTTAATC	1	1	0
GAAGATATGTGGAGCT	1	1	0
AAATAGCAGTTACCGC	1	1	0
GCACTCAGTCGAAGCT	1	1	0
CACTTGATCCTGTTAT	0	0	0
AGAATCAATGCAAGGG	2	2	0
AACAGAACGAAGTGCC	1	1	0
ATAAGCTAATCAGCGC	1	1	0
GTCAGGTTCACAACAG	1	1	0
CACAACCTTACCGGCA	0	0	0
CTCCCAAAGTGGAGCT	1	1	0
CCATCCACACTGAGTT	1	0	1
GGAAGTCCTTCGCTGG	1	1	0
CTAGTAGGGAACGATT	1	1	0
GGACTGGAGCTTACCT	1	1	0
GGCACTTCGGCCCTTA	1	1	0
AATGTATGGATTAGAC	1	1	0
TCGCAATCTAGTCTAG	1	1	0
CCCTCTTGTCATATGG	1	1	0
CGAAGAAGGCAGTCGA	1	1	0
CGATCCAAAGCGAAGT	1	1	0
GGGTCATTTGTAGTTT	1	1	0
GCTTCTCCGGTGGGAT	1	1	0
GAGCGGAAGAAAGACC	3	3	0
GTGTCAGGACTGCCGT	1	0	1
TAATCCATTACAAACT	1	1	0
TCTAAACTGCTCTAGT	3	3	0
CTGGAACAATCCGCTA	1	1	0
ATTTCCATTCTCAACC	1	1	0
CCGATACGTCTCAACC	1	0	1
GTGTCACCCACGGACT	1	1	0
TGGCTAGTAGCGCGAT	1	1	0
AGTTGAACTAGTCGCA	1	1	0
AAAGAGGCCTCCGCAT	1	1	0
AATCGAAGATCTTTGT	1	1	0
AACAAATGAAGCGTAC	1	1	0
CGTACCGAGGGTTGGT	1	1	0
ACCTTCCCATTCGACG	2	2	0
ATCCGCATGAAGTGCC	0	0	0
AGAAACCAGTGTAACC	1	1	0
GCGGTAACACGCTCAG	1	1	0
CAGTTTAATGTAGTTT	1	1	0
TGGCTAGTAAACTCGA	1	1	0
TACCGCTCTCGTCATG	1	1	0
ATAAGCTACACTCCTC	0	0	0
ACGAATTCGACAAAGG	1	1	0
CCACCTCTCTTAGGTA	1	1	0
TGGGAATTCGACTCCT	1	1	0
CCAGACAGGAGCCCAT	1	1	0
TGCACCAGAGCGTAGG	1	1	0
ATCAATCGTGAAATGA	1	1	0
AAGGATGAAGCTACGG	2	1	1
ATTACCTTGTCAATAC	4	4	0
CTCACATCCTAGATTG	2	1	1
CTGTTGTGGATCGTTT	0	0	0
ATCCTAGTTCCGTCCA	1	1	0
CGATGGCATGTAGTTT	1	1	0
CTACGGGAGTGGAGCT	2	2	0
GAAGATATGCCGGATT	1	1	0
ATCCCACCATTCGACG	1	1	0
CATTTCTAATGACCGA	1	1	0
ACTAATTGAGCAGAAC	1	1	0
CTTTATCCAATCGGGT	1	1	0
TGAATCCTTCATGAGG	1	1	0
TAACTTCTCAGATTAC	0	0	0
CTAGTAGGGTTACGAT	1	1	0
AGTTTGTAAACTTAGC	1	1	0
ACCTTCCCGTCCGTAC	2	2	0
TAGTAGCCTCTGCATC	2	1	1
GTCCGTCATAAGACGG	0	0	0
GGTGTCGATTCCGAGT	1	1	0
GGACTTCTACGCTCAG	1	1	0
AGTAGTTATAGTCTAG	1	1	0
TCCTATATAGGAGCTT	1	1	0
ACGACGACTACAAACT	2	2	0
TATGTGAAGTCGTCGT	1	1	0
ACGCTTAATAGTGGAC	1	1	0
GTGCCCATGGTCTGAC	1	1	0
ATACACCCTGCTATTT	1	0	1
ATTTCCATTAGCCTCG	0	0	0
GAGGAGTGCAATACTT	1	1	0
AAGTCCAACTTGGTGT	1	1	0
GTATACGTGAAAGACC	1	1	0
ACGAATTCTACAAACT	0	0	0
CTAACGCCGTTTACGT	1	1	0
ATACTCTCCTACTTGT	1	0	1
ATGCATATTCCGTCCA	0	0	0
ACCCGATTTTAGTCCG	2	2	0
GTGTCACCACCTTGCC	4	3	1
CATTCGGGTCTGCATC	1	1	0
GAATCCCAGAACGATT	1	1	0
TACTGAATCTTCGATT	1	1	0
GTGTCACCACTCACCG	3	3	0
GACACCTGGAGAGTAT	1	1	0
GGAACGAATGCTCCGT	1	1	0
CTGTGACCGGCCTAAG	2	2	0
GAAGATATACTAGCCA	2	2	0
CGAAACTCCAGATTAC	1	1	0
AAGGCGCTCCACATTA	1	1	0
CTGAGCGTTAACTACT	1	1	0
TCTTTGACCCCGACTT	1	1	0
AGAAACCAATTCGACG	1	1	0
GTAAGCCGACTAGGAT	1	1	0
ATTTCCATGCGTTGCT	0	0	0
CTGCGATGATCCGCTA	1	1	0
AGCAACGCCCATTACT	1	1	0
AAGGCGCTAACCTGAC	1	1	0
CGATGGCAGAGAATTG	2	2	0
TACCTCCCAAACAGGG	0	0	0
CGAAACTCTTGTCGCC	0	0	0
TCTGATTTTGGCCTGT	1	1	0
ATACACCCAAGTAATC	1	0	1
GAGGAGTGGCGCATTC	1	1	0
GAAGATATCCGCAACT	2	2	0
AGTAGTTATCTCAACC	1	1	0
GAAGATATAGAAGTTA	6	6	0
ATCCCACCTCGACACC	0	0	0
ATCCCACCAGATGGCT	0	0	0
ACCCATGCGAAGGCTT	1	1	0
CGGACTAAATGGGCAC	0	0	0
GTCTTCCTTCGACACC	1	1	0
ATTGAAGTTGGTTTCT	1	1	0
AAGAGTATAGGAGCTT	1	1	0
CCACCTCTCGTCAGCA	1	1	0
AGCATGCCGCAACCTG	1	1	0
TATCTGTCATTTCCGG	2	2	0
TGAGAGCGCCTGACAC	1	1	0
GTTGTCCGCTTCTGGA	1	1	0
GGTTGAGACGTATTTC	0	0	0
GACACAAAATTGGGCC	1	0	1
GTGCGAAGCCGCTGTT	1	1	0
TCCGCTGTAAGCTTCT	1	1	0
AACGATTTCCATTTGA	0	0	0
GTGTCACCTTGGATCG	5	5	0
CTCCTCCATTCGGCCT	1	1	0
ACCGTCGATTTATCAC	1	1	0
GATGGTTATGCGACAG	0	0	0
GAAGATATTAGCTTAT	1	1	0
ACTCGGAAGGTGGGAT	4	4	0
ACCAAGGGCCATTACT	1	1	0
AACTCAGTTAGAAATG	1	0	1
ATCAATCGATATACCT	0	0	0
AGTTTGTAAAGCGTAC	1	1	0
ACTGCTGGAAACTCGA	1	0	1
GGCTATAAAGGATTCA	1	1	0
TAATCCATAAGGTAAT	1	1	0
TCATTTCATCCCTGAT	0	0	0
AGGACACACGGGCTTT	1	1	0
AGAGAGACCGGGCTTT	6	6	0
AATGTATGTAACCATC	1	0	1
GGAACGAATGAGGTCT	0	0	0
AATATGACGGAGAAGC	3	3	0
AGAATCAATGTGCTCA	1	1	0
AAACTGTGCGACTCCT	0	0	0
GAAAGACAAATCGGGT	1	1	0
CATGACGACTTACGGG	1	1	0
CTTTGGACCAATTAGT	1	1	0
CAAGGTACTGACGGAC	1	1	0
TGGTTAACGATGTGAG	1	1	0
GTCAGGTTGGCTACTA	0	0	0
AAGTCGGGTCCCTGAT	1	1	0
AAACGTGATGCTCCGT	2	2	0
CATTCGGGCCATTTGA	1	0	1
ATTCTGAGGAAGTGCC	1	1	0
GATTAAAGTAGTGGAC	1	1	0
TGGTGTCTCGGGTAGT	0	0	0
GCATCACTAGAGACTA	1	1	0
CCATCCACGCAGCATG	1	1	0
ACCCTCAATAAATAGG	1	1	0
AGCAACGCGGGAAATC	1	1	0
CGAGGCTAATATGCAT	1	1	0
CTGAGCGTATACTCTT	1	1	0
ACCAAGGGAACTTAGC	0	0	0
AGAAAGTGTTGGATCG	1	1	0
CGATCCAAGTCGTCGT	1	1	0
CAGTTTAAGCCAAGAT	1	1	0
GCATCGAGGCGTTGCT	1	0	1
AACGGTAGAGCTACGG	0	0	0
GCCTTGTGGCATGGGT	1	1	0
TGAATCCTGTTTGTTT	2	1	1
GTGTCACCAGCGTAGG	1	1	0
GATTACTTCGCTCTCA	0	0	0
ACCTGAAGTCCAGGGA	1	1	0
CCCGTAAGCCGCTGTT	3	2	1
GATTTCCCGGTTTCTC	1	1	0
AACTGCCTCTACTTGT	2	2	0
CTGTTAAACTTACGGG	5	4	1
AAGGCGCTTTCCAGAC	1	1	0
GGGCATCATCGAAGCT	1	0	1
GTCTGGAACACAACAG	2	2	0
AGGTTCCCGAAGCACT	2	2	0
CTGTTTCCGTTACCGC	0	0	0
AAACTACACACAACAG	2	2	0
AAAGAAAGACGTATAC	1	0	1
ATCGCGCTACTAGGAT	1	0	1
GGGATTACACTGCCGT	1	1	0
ACGAATTCACGGTAGC	2	2	0
AAACGTGATTAGGACC	1	1	0
GTCCGTCATGAGGTCT	1	1	0
AAAGTCATAGAAGTTA	1	1	0
CTGGGTATGACGATGG	1	1	0
AAGGATGAACATCTAT	0	0	0
GGATTGTTTGGCTACC	1	1	0
GAGAAACCCCAACCGT	1	1	0
TAGGTACGGAGGCTGA	1	1	0
TCGTTCCCCTGGTGCA	1	1	0
GCTTCTCCAAGCTTCT	1	1	0
GTCTTCCTCGTACCTA	3	3	0
ATGTGCCGTGACGGAC	1	1	0
AAACCGCCTATTGCCT	1	1	0
GGAAGTCCCTTACGGG	2	2	0
AGAAACCATTGAGGGT	0	0	0
GTGTCACCTTAAGCGT	1	1	0
ACCTTCCCGAATACGC	2	2	0
AAAGAGGCCGGACAAC	1	1	0
CAGATGGGTGGTATGA	1	1	0
CCATCCACGTCTCTCT	1	1	0
AGTTGCGGCACTCCTC	1	1	0
GGAAGTCCGCCAAGAT	1	1	0
TCGACTGCGCAACCTG	1	1	0
TCTTTGACTTGGATCG	1	1	0
GCTTCTCCTTCACATA	1	1	0
GTGTCACCAAGATTGT	1	1	0
ACCAACCCGATTGCGA	1	1	0
AGTAATGGTCATGAGG	2	2	0
AGGTAAGCTGTGTCCT	1	1	0
GCATCACTCCACATTA	1	0	1
GAAGATATCTAGTAAC	1	1	0
AGTAATGGTTTAACAG	1	1	0
GTGCGAAGATACTCTT	1	1	0
CGAAACTCTGCAAGGG	2	2	0
CAGGTTGCGTTCTGTT	1	1	0
TCCTATATTCGGTTCG	1	1	0
CCGATACGAATGAATG	1	1	0
GATACGCAAGCTACGG	2	2	0
TGCGACTAACTAGGAT	1	0	1
GTATTGACCTGTCTGG	1	1	0
CCCTGTTTGAGAATTG	0	0	0
ACATCTCGCATCTCCC	1	0	1
CAAGGTACACCCATAT	1	1	0
TGGACGGATAGTCTAG	1	1	0
GTGAGGCAATGACTTT	0	0	0
TACCCTGCATGCATGG	1	1	0
CTCTGCGTCCATTTGA	1	1	0
CAACGCAGATACTCTT	1	1	0
GATGGTTACTTACGGG	1	0	1
ACCAACCCAGCAGAAC	2	2	0
AGCTCCACCAACAAAT	0	0	0
GCTACCGTTACGTGCT	1	1	0
AGGGACTGTGAAATGA	1	1	0
GAGAAACCGTTCTGTT	1	1	0
CCCTGTTTATGGAAAT	1	1	0
ACGAATTCATTCAGTA	1	1	0
TACCGCTCTTTGGGAG	1	1	0
ACCTTCCCCACGGACT	1	1	0
AAACCGCCGAGCGGTA	1	1	0
ACCTTCCCGGGAAGGT	4	4	0
CAGACTCGTCTCAACC	1	1	0
CGTGTGTTCGACTCCT	1	0	1
GTCTGGAAGCGTTGCT	0	0	0
TGCTGACGCGCCTTGA	2	2	0
TCAGCCTCTTGTGACT	3	3	0
CAATCTAGAATGAATG	1	1	0
CCATCGTCACCTTCTT	1	1	0
GTGTCACCATCAAGTG	1	1	0
ACCCGATTAGTGAAAG	1	1	0
ACCTTCCCCGGAATTT	1	1	0
ACCCATGCTTGAGGGT	1	1	0
GATACGCATCTCAACC	1	1	0
CCACCTCTCTCCGCAT	2	1	1
ACCCTCAACCCTAACC	1	1	0
AGCAACGCAGGTTGTG	2	2	0
CGTTGCCTGGTGGGAT	1	1	0
GATTTCCCCCATTTGA	1	1	0
ACGGCAGTCCCATCTG	6	3	3
CAAGGTACAAACTCGA	1	1	0
GTCTAATCGAGTTCAC	1	1	0
CAAGGGTTCGCTCTCA	1	1	0
CAGTTTAAACGGTAGC	1	1	0
AAGTTGTCGTCTCTCT	1	1	0
ACCTTCCCCGAACGTA	1	1	0
TCCTATATAGGCAGTT	1	1	0
GGTCCTAATGCCTCAC	1	1	0
GTCAGACCCTATAGAG	1	1	0
AACTGCCTAACCCTTG	1	1	0
GGCTATAAGATCGTTT	3	2	1
CCGAGATCTTATAGCC	1	1	0
CATTCGGGGCTCTAGT	1	1	0
ACCTTCCCACATCTAT	3	3	0
TCAAGGCGGGCATGCT	1	1	0
GGTAGCCAGCTCTAGT	1	1	0
TATGTGAAGGCCCTTA	1	1	0
CTCTGCGTCGAGTCTG	1	1	0
GTGTCACCCGGAATTT	2	2	0
GGCGACAATAACCATC	1	1	0
ATTTCCATCTGCGTTG	3	3	0
AAGCTCCTGAACGATT	1	1	0
ATGACAACAGAGACTA	0	0	0
ACCTTCCCGTTTGTTT	2	2	0
GGAGTAAGGACGATGG	2	2	0
CCGACTTTAGGAAGAC	1	1	0
TAGTCTCTCTTACGGG	2	2	0
CGTGCAACGAGAATTG	1	1	0
TATTAGCGATCCGCTA	1	1	0
CTAGACTAGTAATCCC	1	1	0
TCCAGAAGCCGTGTTT	1	1	0
GTCAGGTTCCAACCGT	1	1	0
GAAGATATAGATGGCT	1	1	0
GGGCATCACGAATAAT	4	4	0
AAATTCCGAAACTGGT	1	1	0
ACGGGTTACTCAGAAT	1	1	0
GGTCTTTCAATCGGGT	1	1	0
GGTCTTTCGTAACGTT	1	1	0
TCCGACACAGCAGAAC	3	3	0
ATAGATGTCAGTCCCT	0	0	0
GTCAGGTTACTAGGAT	3	3	0
ACAAAGATAATGAATG	1	1	0
TAGTCTCTGCCGGATT	1	0	1
GACTAGCGTTGAGGGT	1	1	0
TGGCTAGTCACTTTCT	1	1	0
AAACTACAAAAGCCTA	1	1	0
GTCTAATCGAACGATT	1	1	0
GCCTTGTGCTGGTGCA	1	1	0
ACTAGAGCTTGAGGGT	1	1	0
ATTACCTTCATCTCCC	1	1	0
ATTGGCCCCGAGATGT	1	0	1
ATATGGGTAGCTACGG	0	0	0
TACCTCCCGCACCTCT	1	1	0
ATTTGTTGAGGAGCTT	1	1	0
ATACTCTCGACAGATA	0	0	0
GTCTTCCTAGCTACGG	1	1	0
AACTGCCTTACAAACT	1	1	0
TACTGAATCTTTCTTT	1	1	0
TCTGATTTTTCGGCCT	1	1	0
AGGCGTTTATTTCCGG	2	2	0
TGCGACTAAAAGCCTA	1	1	0
GTTCTGCTCGAACGTA	1	1	0
GGTGTCGATGGGATTC	1	0	1
AAGTGAGAAGCTACGG	1	1	0
ACTAGAGCTCACGTTT	1	1	0
CTTCTACGCTTCGATT	1	1	0
GTCAGGTTTTTATCAC	1	1	0
GTCCTTGCTCGAAGCT	1	1	0
TCGGTCATCGAGATGT	1	1	0
TACCGCTCTATTGCCT	1	1	0
TGCTTGGGGTATGAGT	1	1	0
AGCAACGCTGACCAGT	1	1	0
CCGAGATCCTTAGGTA	1	1	0
ACGGAGCACGTCAGCA	1	1	0
GCAAACTGTTAAACTG	1	1	0
TAGTAGCCTTAGTCCG	1	1	0
CGTCGAATGCTTTCCA	1	1	0
CATTTCTACTCGCGTA	1	1	0
AAAGAAAGGGTCTGAC	1	1	0
ACATCTCGGTCCAAAG	1	1	0
ATTCTGAGTTCGCTGG	1	1	0
AGCAACGCTCGGTACG	1	1	0
AGAAAGTGGTGGAGCT	2	2	0
CCTATTTAGCACCTCT	0	0	0
CGACATTTAACTTAGC	1	0	1
CCGACTTTGTTTGTTT	1	1	0
TCTATTCCTAACCATC	1	1	0
CCGAGATCCTGCGTTG	0	0	0
GGCGACAAGAAGCACT	1	1	0
CTGGAACAGGAATAGA	1	1	0
AGGTAAGCTCCTTATT	1	1	0
GTGGTGCTGCCGGATT	0	0	0
AAGGGACCGGTTAGTG	1	1	0
ATCCGCATGCCTCTTT	1	1	0
CCACCTCTCCGCTGTT	1	1	0
TGGCTAGTCCATTTGA	0	0	0
ATAAGCTACGACTCCT	2	2	0
GAAGATATACTTCAAT	1	1	0
AGCATGCCAAACAGGG	0	0	0
GGGTCTAGCCATTACT	0	0	0
TCATACCAAGCTATGA	1	1	0
GTGTCACCCCTATTCA	2	2	0
CATGACGATTATAGCC	1	1	0
CGTACCGAGCAAAGCC	1	1	0
TCGTTCCCTGATAACA	1	1	0
TCGAGTTTCCATTTGA	1	1	0
CTCCTCCACTTCGCAC	1	0	1
TGGCTAGTCCCATCTG	1	1	0
TCCTATATGATCTCGG	1	0	1
CCCGTTCTCGCTAGTC	1	1	0
ATCAGGGAGCGCATTC	1	1	0
ATCCCACCGGAGAAGC	2	2	0
ATCGCGCTTTAAACTG	0	0	0
GTGTCACCGTTACCGC	2	2	0
GAGCGGAAAGCGCGAT	1	1	0
TCCAGAAGCTTACGGG	1	0	1
ACCTTCCCAGAACGGG	2	2	0
GGAGTAAGGGTCCCTT	1	1	0
TAGTAGCCTTGATCTA	1	1	0
CCATCCACATGACCGA	1	0	1
AAACGTGATGTTTGAG	2	2	0
AAGAGTATAACTTAGC	1	0	1
TCCGACACACACTAAG	7	7	0
AAACGATCAAAGCCTA	1	1	0
TACCGCTCTTTGTGTC	2	2	0
AGACGAGGCCCTAACC	1	1	0
AACAGAACCACAGTTT	3	3	0
AGCAACGCTGAGGTCT	1	1	0
CCTTTGTCTTATCTGT	1	1	0
ACGGAGCAGGCCTAAG	1	1	0
GATTTCCCATTTCCGG	1	1	0
TACCTCCCTTGGATCG	1	1	0
AGCATGCCAGGAGCTT	1	1	0
TGGGAATTTTGATTCT	1	1	0
GTATTGACTAGTGGAC	1	1	0
TAGGCTTTTCCTTATT	1	1	0
CCACGTTGTTGTGACT	1	0	1
GGAACGAACAGATTAC	1	1	0
CCCTGTTTAAACGCCT	0	0	0
CCCTGTTTTGACCAGT	1	1	0
GTGTCACCATGGGCAC	2	2	0
GTATACGTGATCGTTT	1	1	0
CAACGCAGGGCTACTA	1	1	0
TCTAAACTATGCATGG	1	1	0
TGGGAATTGTTACCGC	3	3	0
AAGAACAGCGAGATGT	2	2	0
CTACGGGAGATGTGAG	1	1	0
AGCACGTATGCGACAG	0	0	0
TACCTCCCTAGAAATG	1	1	0
TACCTCCCTTAGGACC	1	1	0
GTGTCACCTGTGCTCA	1	1	0
TACCCTGCGGATAAAG	3	3	0
ATGGTCTGTGGGATTC	1	1	0
GCTATGGGAAACTGGT	1	1	0
AGGCGTTTAAACTGGT	1	1	0
CACTAACCCATACATT	1	1	0
AGCAACGCGTCCAAAG	1	1	0
GTATACGTCACAAGGC	2	2	0
CCATCCACTTGGATCG	0	0	0
AGAGGTGCGTCTCTCT	1	1	0
AATGTATGAGCGAAGT	1	1	0
CATGACGAAGTTTAGA	2	2	0
GAATCCCACGGGCTTT	1	0	1
ATTTCCATGTTAACCA	1	1	0
TATGTGAATCGACACC	1	1	0
GTACGGACATATCTTC	1	1	0
AATGGCGTTTCGGCCT	1	1	0
CCTCATGACTCTTGAC	1	1	0
AACAGAACCCGTGTTT	3	2	1
AATGTATGGTCCGTAC	1	1	0
TAATGTGGGTCAAAGA	1	1	0
TGGGAATTCGAGATGT	2	2	0
CTAACGCCGGCTACTA	2	2	0
CATTCATTAAATCAGA	2	2	0
TCTGATTTACGCTCAG	1	1	0
CTAGCACGCGCTCTCA	1	0	1
TCGACTGCCTTCTGGA	1	1	0
AGTAATGGGACAGATA	2	2	0
GGCTTTGCGAGTTCAC	1	1	0
ACCTTCCCCGTATTTC	2	2	0
ACCTTCCCGCCGGATT	3	3	0
ATTTCCATACATCTAT	1	1	0
GATTTCCCTATTGCCT	1	1	0
TCGGTCATGTCATATT	2	1	1
GTCAGACCTCATCCTT	1	1	0
CTTAGGCCGAAGCACT	1	1	0
GACTAGCGACCACGCT	1	1	0
CACTAACCTTTGTGTC	1	1	0
GGAGGTTTGGGAAGGT	2	1	1
ACCTTCCCTCCTTATT	2	2	0
CGGTGAGTTGCAAGGG	1	1	0
CGTTGCCTTACGTGCT	1	1	0
TCTATTCCCGCTCTCA	2	2	0
AACAAATGAGCGTAGG	2	2	0
AACTGCCTCTTACTCC	1	1	0
TCGAGTTTATGACCGA	1	0	1
AGCCATCTTCTGCATC	1	1	0
AGAAACCAGGTGGGAT	1	1	0
TGGAAAGCCCATTTGA	1	1	0
TAGATCAACCGTGTTT	1	1	0
TCTTTGACTGCAAGGG	1	1	0
ACCACAGAGGGAAGGT	1	1	0
GCGGTAACTCCCTGAT	1	1	0
TGCTTGGGAAGCTTCT	1	1	0
TCATAGCTAAGCTTCT	2	2	0
AACGCCAAAACCCTTG	2	2	0
GTAAGCCGGCACCTCT	1	1	0
CCCTTGCAATCCGCTA	4	4	0
CTGTTGTGTGGGATTC	1	0	1
TCCGCTGTATATGCAT	2	2	0
TAATGTGGTACAAACT	1	1	0
TCATACCACCCTAACC	1	1	0
TGCTTCATCTCTTGAC	1	1	0
AGCATGCCCCAGCAGT	1	1	0
CCCTCTTGTCCCTGAT	1	1	0
TCATAGCTACCACGCT	1	1	0
TGGTGTCTGAACGATT	2	2	0
CTCAAACAATATGCAT	1	1	0
GGAGTAAGAGGAGCTT	2	2	0
GGTTACACTGGGATTC	1	1	0
CTGAAGGGGAGAATTG	1	1	0
CATGACGACTTCGATT	3	3	0
ACCGTCGAGACGATGG	1	1	0
TGTTATCACTCCGCAT	1	1	0
GCTATGGGTAGCTTAT	1	1	0
GATTGGGAAAACCTCC	1	1	0
AAGAGTATCCTGACAC	1	1	0
GAAGATATTGATGCCC	2	2	0
CACAACCTAGAGGTGG	1	1	0
TGCGACTATTATCTGT	1	1	0
CATGCTGCTAAGACGG	1	1	0
CAATTCTCGGAATAGA	0	0	0
AATACATCGGGCCAAT	1	1	0
ATTTGTTGAAACAGGG	1	1	0
AGCAACGCCGAATAAT	2	2	0
GTCAGGTTCTTAGGTA	2	2	0
AGTTGCGGTAGTGGAC	1	1	0
GCGTGCAATTGATTCT	1	1	0
TACCGCTCCACAACAG	2	2	0
CAGATGGGTTCGTTCC	1	1	0
TGAGAGCGCGCCTTGA	0	0	0
TGGCTAGTAATGACCC	0	0	0
AGCACGTATCATCCTT	1	1	0
ATGACAACAAGTAATC	1	1	0
GTAATCTGGAAGCACT	1	1	0
ACCCTCAAATGGGCAC	1	1	0
CCCTGTTTCAAGTCAT	1	1	0
TATGTGAAAGATGGCT	1	1	0
ACCGTCGATTGAGGGT	1	1	0
GGTTGAGACCTGACAC	1	0	1
CGGCTGTAGGCTACTA	1	1	0
GTTCTGCTTTGGACTT	1	1	0
TCGGTCATCCATTTGA	1	1	0
ACATCTCGAAACGCCT	0	0	0
AGCAACGCAAGTAATC	1	1	0
CTTAGTGTAAACTGGT	1	1	0
CAGATGGGTTGTCGCC	1	0	1
AAACTGTGCAGGTGTC	1	1	0
AAACACGGTGACGGAC	1	1	0
GCATCACTGCGTTGCT	1	1	0
GTGCGAAGGGGTTGGT	2	2	0
TCTTTGACTAGCCTCG	1	1	0
TCCGACACGAAGCACT	2	2	0
ACTGCTGGCTTACGGG	1	1	0
GAGGGTCACTCGCGTA	1	1	0
ACTCATACTCATCCTT	1	1	0
AGGACACAACGCTCAG	1	1	0
AATCGTTCGTTTGTTT	1	1	0
TCGAGTTTCACAGTTT	1	1	0
GTGTCACCGCAGCATG	1	1	0
GTCAGGTTATATGCAT	3	3	0
ACCCGATTGAGAGTAT	1	1	0
GTCAGGTTTGACCCTC	3	3	0
TAGTAGCCCTCAGAAT	0	0	0
ACGGTTGGAAGCGTAC	1	1	0
CCATCCACCATCGCAG	1	1	0
CGTTTCGTAAATCGTT	1	1	0
AAGGCGCTTCGGTTCG	4	4	0
ACGTAAACCGATTGAT	1	1	0
GAATCCCATAGCTTAT	1	1	0
ATTCTGAGAGCACCAC	0	0	0
CTTTCACTTTAAGCGT	1	1	0
AATAAGGAGGAATAGA	1	1	0
CTCTATAGGATTAGAC	1	1	0
CGAAGAAGCCGTGTTT	1	0	1
GGTCTTTCCGACGTCA	1	1	0
GTCAGGTTGTCAATAC	2	2	0
AGTGCTTCGGTGGGAT	1	1	0
GTGTCACCATGGATTA	1	1	0
CTCAAACAAGGATTCA	6	6	0
AGCAACGCTAGCCTCG	1	1	0
AAAGTCATCATTTGTT	1	1	0
ATGACTTGAAACTGGT	1	1	0
GGTCTTTCGGATAAAG	1	1	0
AATCGTTCCTTCGATT	2	1	1
ACTGGTCATAGCCTCG	1	1	0
GGATTGTTTGTCTTTC	1	1	0
TACCGCTCTGTAAAGG	1	1	0
GTCCTTGCCGCTCTCA	0	0	0
TACCTCCCGTGGATGG	3	2	1
CCTTTACAATGACTTT	1	1	0
AAGAAGGTTGGTTTCT	1	1	0
CCGTCTTACGAGATGT	1	1	0
GTGAGGCACTTCTGGA	1	0	1
ACCCATGCTAACCCGT	1	1	0
CACAAGTATGTGTCCT	1	1	0
AGGTTCCCCGAGATGT	1	1	0
GCTACCGTCACAGTTT	2	2	0
TGCGACTAAACCTGAC	1	1	0
AGGCGTTTCAATTAGT	2	2	0
GGCTTTGCCTACTTGT	1	1	0
ACCTTCCCAGCTACGG	1	1	0
ACATGGACCCGTGTTT	1	1	0
CCTCATGATTTGGGAG	1	1	0
GAGAAACCGAAGTGCC	1	1	0
TACCTCCCAAGTAATC	3	2	1
AAGTATTGTCCAGTCC	2	2	0
TGGGAATTGTTACGAT	3	3	0
GTAAACAAGTTGTCAT	1	1	0
CAGACTCGATATACCT	1	1	0
ATACACCCCGCTCTCA	1	0	1
ACTACCCGCTTGGTGT	1	1	0
GGGAGATGGAGCGGTA	1	1	0
CAGTTTAACTTGGTGT	1	1	0
TATGTGAAGCATGGGT	1	1	0
GAAGATATGGAGAAGC	1	1	0
AACGGTAGGAGCGGTA	1	1	0
ACAGATAATCATGAGG	1	1	0
AGCTCCACAATGAATG	1	0	1
ATCAATCGTACAAACT	1	1	0
TCGCAATCCGAGATGT	2	2	0
CTTAGGCCAGAACGGG	1	1	0
ACCCGATTGCCGGATT	1	1	0
CAAGGAATTTGATTCT	0	0	0
GATTTCCCAGAGACTA	1	1	0
ACGAATTCGGCCTAAG	3	3	0
AAATAGCAAAGGTAAT	1	1	0
GTGTCACCCTAGATTG	2	2	0
CCCTCTTGGGTCACAG	1	1	0
GCCTGGTAGCACCTCT	1	1	0
AGAATCAAACCCATAT	1	1	0
CAATTCTCCCCTTGGT	0	0	0
ACTCATACACCTTGCC	0	0	0
ACGCTTAAGGTGGGAT	1	0	1
CCTTTACATTTACCCT	1	1	0
CCACGTTGATGGGCAC	1	1	0
ATACTCTCTGGTTTCT	1	1	0
TAGGTACGACTTCAAT	1	1	0
AAACGTGACCACATTA	1	1	0
ACCAAGGGGGCTACTA	2	2	0
GTCAGGTTTCACGTTT	1	1	0
AACGTTACGGACTTCC	1	1	0
GAAAGACAGCAACCTG	1	1	0
TAGGTACGAAACAGGG	2	2	0
CGGCTGTACAACGTGG	1	1	0
CTGGAACAAGTTTAGA	1	0	1
AGTAATGGTCGGTTCG	1	1	0
GTCTGGAAAGCGCGAT	2	2	0
AACAGCGGGGTCTGAC	1	1	0
AGTAATGGGATTGCGA	1	1	0
AAGAGTATCAGGTGTC	1	1	0
GAGAAACCTTTGGGAG	1	1	0
AGGCGTTTCTGTCTGG	1	1	0
GGGATTACAGGAAGAC	1	1	0
GTGTCACCGTCAAAGA	2	2	0
AATGGCGTCAGGTGTC	1	1	0
AACAGCGGCTTGGTGT	1	1	0
CTTCTACGCTACTTGT	1	1	0
GTGTCACCAAACTGGT	2	1	1
ACCGTCGACCGCTGTT	1	1	0
ATGCGGAGCTTCGATT	2	2	0
CGTTGCCTCACAGTTT	1	1	0
GGAGGTTTACGTATAC	2	2	0
CCGAGATCAAACTCGA	1	1	0
GGCAAGGTCTCTTGAC	1	1	0
TGCCGGTATTATAGCC	1	1	0
CTACGGGACCCGAATG	1	1	0
CTCCTCCATTTACCCT	1	1	0
GGGTCTAGCACAACAG	1	1	0
GAATCCCAACCTTCTT	1	1	0
ATTTCCATAATGTTTG	1	1	0
GAAGATATCACAGTTT	1	1	0
GGGCATCACATTTGTT	1	1	0
GGTGTCGATAGTGGAC	0	0	0
AAAGAGGCTTCCGAGT	1	0	1
ACTGGTCAGCAAGGAC	1	1	0
CTCCCAAAGTAACGTT	1	1	0
CTCACATCCTCGCGTA	2	2	0
ACTCGGAACAACAAAT	1	1	0
TATCCACGATACTCTT	1	1	0
GTGCGAAGTCTCAACC	1	1	0
TAGCCACATGGCCTGT	1	1	0
CGTGTGTTAGCTATGA	1	1	0
TCAGCCTCTGTTTGAG	1	1	0
TCATACCAGCTCTAGT	2	2	0
ACCAGTTTGCTTACCT	1	1	0
GCGGTAACGTGTAACC	1	1	0
CCATGCATGATCGTTT	1	1	0
GGGTCATTTCCAGTCC	1	1	0
AGCAACGCGGATAAAG	2	2	0
TAAGGGCCCGTATTTC	1	1	0
TACCTAAGGCAGTCGA	2	2	0
GACACAAATCGGTACG	0	0	0
CTCACATCGACGATGG	0	0	0
TACCCTGCTAGTGGAC	1	1	0
AGGCAATAGAGAATTG	1	1	0
GTACGCTTTAGAAATG	1	1	0
ATGACAACGCCGGATT	1	0	1
GGGTCTAGGGGAAATC	1	1	0
GTGATAAAGAGAATTG	1	1	0
CAACGCAGACGTATAC	1	1	0
CCCTCTTGCGCTCTCA	0	0	0
ATTGAAGTGGGAAGGT	1	0	1
GGACTTCTCGAATAAT	1	1	0
GAAAGACACATTTGTT	6	6	0
AAGTTGTCTAGTGGAC	0	0	0
AATCCGGCTACTTGTG	0	0	0
CTAGACTACGAGATGT	1	0	1
GCTTCTCCTGTAGTTT	1	1	0
CGTTTCGTGGGAAATC	1	1	0
GGCGACAATCCCAATC	6	6	0
TGCGACTAGTGGATGG	1	1	0
ACAGGCCATAGCTTAT	1	0	1
ACCCGATTAAGCTTCT	1	1	0
AGTAATGGTAAATAGG	1	1	0
AAAGCCCGGTTAACCA	2	2	0
TGAGAGCGACGTATAC	2	1	1
GTCTGGAACGAGATGT	2	2	0
CGAAACTCGGGCCAAT	1	1	0
ATCGCGCTTACCGGCA	1	0	1
CATTCATTGAGCGGTA	1	1	0
GTCAGGTTAGAGACTA	2	2	0
TACGTTCGGCCTCTTT	1	1	0
GTCTGGAAATATACCT	3	2	1
TACCGCTCAGCGCGAT	2	2	0
AAACACTATGAGGTCT	1	0	1
AGAATCAAGCCAAGAT	1	0	1
CCTACGCTTTGTCGCC	2	2	0
ACTCATACCTCTTGAC	1	0	1
ATCAATCGTAAATAGG	1	1	0
GGCTTTGCACACTAAG	1	1	0
AGGCCGAACGGAATTT	2	1	1
ACCCATGCGCTTACCT	1	0	1
GGGAGATGTACAAACT	0	0	0
GTGTCACCGTGTAACC	1	1	0
TAATCCATCACAAGGC	0	0	0
GTGTCACCATATAGGA	1	1	0
CTCCCAAAAAATCAGA	1	1	0
AAACCGCCCGTATCGG	1	1	0
AATGGCGTTGCCTCAC	9	9	0
GCATCACTCCTATTCA	1	1	0
ACTTCGCTGCAAGGAC	1	1	0
GTCAGGTTTTGTGACT	2	2	0
AAACTACAATCAAGTG	1	1	0
AGAGAGACAGCGTAGG	1	1	0
CAATCTAGCACAACAG	1	1	0
ACCTGAAGGAATTCGT	1	1	0
AACAGAACGTTCTGTT	2	2	0
AAACTGTGGTCAAAGA	1	1	0
GATTTCCCCTTGGTGT	1	0	1
CACTTGATAATCGGGT	1	1	0
CAACGCAGACACTAAG	1	1	0
TCCGACACTAAATAGG	1	0	1
ACCAGTTTTTGTTTAC	1	0	1
GACACAAAAATGAATG	0	0	0
ACGGGTTAAATGACCC	1	1	0
GGAAGTCCCTGAGTGC	1	1	0
ACGGAGCAATGGAAAT	2	2	0
GTATACGTTACAGCCG	1	1	0
AGTTTGTACTTACTCC	1	1	0
GTTACTAGATGAAGCA	1	1	0
GGACTTCTTGATGCCC	1	1	0
GTGTCACCTGGTATGA	3	3	0
TCTAAACTTCGGTTTA	1	1	0
GTGTCACCCCAGCAGT	2	2	0
GTCTAATCTGGAGGAG	1	1	0
ATATGGGTGATCGTTT	1	1	0
ACGCTTAAAGCGCGAT	1	1	0
CAATCTAGGGGAAGGT	1	1	0
ACCGTCGAATGCATGG	0	0	0
AATACATCGAAGGCTT	0	0	0
ACTAATTGTGACGGAC	1	1	0
CCCTCTTGAAATCAGA	1	1	0
TAGTAGCCACGAAACG	1	0	1
AGCGTGGTAGCTACGG	1	1	0
CCATCGTCGAGCGGTA	1	1	0
AGTAATGGAAAGCCTA	2	2	0
AATATGACGAAGGCTT	1	1	0
GTTCTGCTTGACCCTC	2	1	1
TCGACTGCCCTACTAG	1	1	0
AGTTTGTACCTCGTCT	2	2	0
CCGTCTTACCCTTCAG	1	1	0
AGCAACGCGCCTCTTT	1	1	0
GAAATACGCCCTTCAG	1	1	0
AAATTCCGCTTTAATC	2	2	0
AACGCCAACAGATTAC	1	1	0
CTCCTCCATTATAGCC	0	0	0
GAAGATATCAACAAAT	2	2	0
AACGATTTGTCTCTCT	1	1	0
CAATCTAGACCTTCTT	1	1	0
ACTCATACTCTAGCAG	1	0	1
ACCCTCAAGTTTGTTT	1	1	0
GCGCTGATAGCTACGG	1	1	0
CCGATACGTGATAACA	1	1	0
GTATACGTCCGTGTTT	2	2	0
ATTTGTTGGCCACATC	1	1	0
CTGCGATGATACCCAG	1	1	0
GTACGCTTATACCCAG	1	1	0
AAACTACATGCCATCG	1	1	0
ACGAATTCCACGGACT	1	1	0
GGCAAGGTCGCTAGTC	0	0	0
GCCTTGTGGCAGTCGA	1	1	0
ATTTCCATAGAGACTA	3	2	1
AATACATCCGAGATGT	1	1	0
GAAGATATATATGCAT	4	4	0
AGACGAGGACGCTCAG	1	1	0
CAATTCTCCGGACAAC	1	1	0
ATAGATGTGGATAAAG	1	1	0
TGTTATCAAAACAGGG	1	1	0
AGTAATGGGATGTATT	1	1	0
CCACCTCTTTCGGCCT	0	0	0
TAGTAGCCCGGGTAGT	1	1	0
ACCTTCCCTTGGACTT	1	1	0
ACAAAGATGGTCCCTT	1	1	0
AATATGACACAGCGGA	0	0	0
GCATCACTTGCCTCAC	1	0	1
CTGTTAAAACCCATAT	1	1	0
GATTAAAGCTGGTGCA	1	1	0
TAATGTGGGCGCATTC	1	1	0
GATTACTTCTACTTGT	1	1	0
GTCTAATCTAGTGGAC	3	3	0
GTCAGGTTCGATTGAT	2	2	0
GTGTCACCTGACCAGT	2	2	0
CTAGTAGGGAAGGCTT	1	1	0
CGAAGAAGTGTGCTCA	5	5	0
ACGGCAGTGCGTTGCT	1	0	1
AGCAACGCGACAGATA	1	1	0
CCTACGCTACCTTGCC	1	1	0
ATTACCTTAAATCAGA	1	1	0
ATGCATATCTCCGCAT	1	0	1
GGTTAGGGATATAGGA	1	1	0
CCATATGACAACAAAT	1	1	0
CTCACATCCACAAGGC	0	0	0
ATCCCACCAGAACGGG	1	1	0
AATCGTTCTCGAAGCT	1	1	0
AGGTATATCGCTCTCA	1	1	0
GGTTACACGTTGTCAT	1	1	0
CTGAAGGGCGTCAGCA	1	1	0
TGAGCACAAACACACG	1	1	0
TAGGCTTTCAGGTGTC	1	1	0
GCATCACTCTTCAGGT	1	1	0
AGTTGCGGCCGCTGTT	1	1	0
GCCAACATCGTACCTA	0	0	0
GGACTTCTGTCGTCGT	1	1	0
ATCTTGGCTGAAATGA	4	4	0
GTCAGACCCGCTAATA	3	3	0
TACGCGAGGCCTCTTT	1	0	1
TATGTGAAGGTCACAG	1	1	0
CTCACATCCACAGTTT	2	2	0
CTGCTAGAGGCGGTTT	1	1	0
TGGTTAACGGTGGGAT	1	1	0
AATATGACGTACCTTG	1	1	0
CGTGCAACGCCGGATT	1	1	0
CCCGTTCTCCGCTGTT	1	1	0
GCATCGAGATCCGCTA	1	1	0
ACCTTCCCACTAGCCA	2	2	0
CCGGAAATCACTCCTC	1	1	0
AGAGGTGCTGTACACG	1	1	0
CCTTTACACGAATAAT	1	1	0
ACCGTCGAGAATTCGT	1	1	0
AGTAATGGCAATTAGT	1	1	0
GTACGCTTGTGTCGGA	1	1	0
ATGCGGAGTACGTGCT	1	1	0
AGACGAGGATACCCAG	1	1	0
CGTGCAACTTGTCGCC	1	1	0
CATGCTGCTTGTCGCC	1	1	0
GATTACTTAGCGCGAT	1	1	0
CCATCGTCAAGATTGT	1	1	0
AAACACTATAGTCTAG	1	1	0
ACCACAGATCCAGTCC	1	1	0
ATGCATATCCTGTTAT	8	8	0
TCATACCAAAACCTCC	1	1	0
AAGTTGTCTCTGCATC	1	0	1
TAGATCAACATTTGTT	1	1	0
TATCTGTCATGCATGG	0	0	0
TCGGTCATATATACCT	1	1	0
CATGACGATTAGGACC	6	6	0
AGGAGTCGTGGGATTC	1	1	0
AAACGTGATTCGCTGG	1	1	0
ACCTTCCCGAACGATT	5	5	0
AGTCACAACATCGCAG	2	2	0
AAGCCTTCATGGAAAT	1	1	0
ACTGCTGGCGGGTAGT	0	0	0
GGAACGAAGGCCCTTA	1	0	1
AGCTCCACCATCGCAG	1	0	1
GTAAACAACCCTAACC	1	1	0
GACACCTGCATTTGTT	1	1	0
AGAAAGTGACCCATAT	2	2	0
CGGCTGTATTTGTGTC	1	1	0
AGGACACAGAGTTCAC	1	1	0
CAGTTTAATCATATGG	1	1	0
CAACGCAGATATGCAT	1	1	0
GTGTCACCATCAGCGC	2	2	0
CCTCATGATCGACACC	1	1	0
GCCTTGTGAGCTACGG	1	1	0
CTGTTTCCTACTTGTG	1	1	0
TACCGCTCTTGATCTA	1	1	0
ATATGGGTTCGGTTTA	1	1	0
ATCTTGGCTAGAAATG	1	1	0
AGCACGTACGGGTAGT	1	1	0
GGACTTCTCTTGGTGT	1	1	0
GTGTCACCCAGTTTGC	1	1	0
ATGACTTGATCCGCTA	1	1	0
ATCCTAGTGGCTACTA	0	0	0
GGCCCAATGTTGCACG	1	0	1
CGATCCAACTTTAATC	0	0	0
ATCTTGGCCGTAGAAG	1	1	0
ACGAATTCTAGCCTCG	2	2	0
TAGCCACAAGGAGCTT	1	1	0
TAATGTGGGTCTCTCT	2	2	0
ACCCGATTGATTTACC	1	1	0
CAGGTTGCGCCACATC	1	1	0
ACGAATTCCCGCTGTT	1	1	0
CCATCCACCCGCTGTT	3	3	0
CCATATGATGTAAAGG	0	0	0
ATCCGCATTAACTACT	1	1	0
CTAGCACGCCCGACTT	1	1	0
CGTGTACACACTTTCT	1	1	0
AAAGAAAGCTTCAGGT	1	0	1
TACCTAAGGGTTAGTG	1	1	0
TGGACGGAGGCGTTAG	1	1	0
CCATCGTCAAACTGGT	2	2	0
CTAGTAGGCTGAGTGC	0	0	0
CGAAACTCTGGTATGA	1	1	0
TCATTTCATGCGACAG	1	1	0
CATTCATTCAAGTCAT	1	1	0
CTCCTCCAAGAGACTA	1	1	0
CCTCATGATCCAGGGA	1	1	0
AGGTTCCCGGCTACTA	1	1	0
AAAGTCATATACTCTT	0	0	0
ATACTCTCATGACCGA	0	0	0
AGAAGCTTCAAGTCAT	1	1	0
AACGATTTATGGAAAT	1	1	0
AGTCACAAAAATGTCG	1	1	0
GTCCACTATACAAACT	1	1	0
AGCGTGGTAAGCTTCT	0	0	0
GTCAGGTTGAATACGC	1	1	0
ATGACTTGCTCAGAAT	1	1	0
GATGCAGAAGTTTAGA	0	0	0
TCGAGTTTCGAGATGT	0	0	0
ATCTTGGCCCCTTGGT	2	2	0
CTTCTACGAAACTCGA	2	2	0
TCTATTCCTGCCTCAC	2	1	1
ATGACTTGATCCCACG	1	1	0
ATTATTCGCATCGCAG	7	7	0
CTTTCACTATGGAAAT	1	1	0
ACTCATACAAACTGGT	0	0	0
ATTTCCATCCGTGTTT	1	1	0
CCTACGCTTCTAGCAG	1	1	0
GGCACTTCCCATTACT	1	1	0
AGCAACGCCGGGTAGT	1	1	0
TACCTCCCGTGTCGGA	1	1	0
AGCACGTAAGGTTGTG	0	0	0
CCTTTACAGCTTTCCA	1	1	0
AAGGCGCTCCCGAATG	1	1	0
CATTCATTACCTTCTT	1	1	0
CCGATACGTTGTCGCC	1	1	0
GCTAAGTTTCCGTCCA	1	1	0
TGTTATCAAGGAGCTT	1	1	0
ATGACAACATCAAGTG	1	1	0
ACATCTCGGGACTTCC	1	1	0
CCAGCGAACGAACGTA	4	4	0
ATGACAACGTAATCCC	1	1	0
TACCCTGCACGAAACG	1	1	0
AGCTCCACCCGCTGTT	2	2	0
AGGTATATGAGAATTG	1	1	0
ACTGCTGGGATTAGAC	1	1	0
GTCAGGTTCTTTAATC	2	2	0
GAGCGGAATAGTGGAC	1	1	0
GTGCGAAGGTGTAACC	1	1	0
ATTTCCATATTCCTTG	1	1	0
TCCGCTGTCACAACAG	2	2	0
ACGAATTCGTGTCGGA	1	1	0
ACCTTCCCACGTATAC	1	1	0
AAAGTCATCTGTTCTT	0	0	0
AGTGCTTCCGAACGTA	1	1	0
GTGTCACCGGGAACGA	2	2	0
ACTGCTGGATATCTTC	1	1	0
TGCCGGTAACACTAAG	0	0	0
GGGTCTAGGCTCTAGT	1	1	0
ACGGCAGTGGGAAGGT	1	1	0
GCTTCTCCGGTTTCTC	1	1	0
CGTTTCGTGAACGATT	1	1	0
CGTGCAACTTATCTGT	1	1	0
CTTCTACGCACTCCTC	1	1	0
ATGACAACCGACGTCA	1	0	1
TCCGACACGGAGAAGC	1	1	0
CAAGGTACCTTAGGTA	1	1	0
TAACTTCTTACAAACT	1	1	0
CGAAGAAGATATACCT	1	0	1
AGACGAGGAAACTGGT	0	0	0
ACCTGAAGAATGAATG	1	1	0
ATCGCGCTCGAGTCTG	1	1	0
ATTGAAGTAAACTCGA	1	1	0
TGAGCACACGCTCTCA	1	1	0
CCAGCGAAATATCTTC	1	1	0
ACCCGATTATTTCCGG	1	1	0
GAAGATATCATCTCCC	2	2	0
CATGACGAAGATGGCT	1	1	0
CGACATTTGTCATATT	0	0	0
GATGTGGCGAATTCGT	1	1	0
CTACGGGATCCGTCCA	1	1	0
GTCTTCCTCCGTGTTT	1	1	0
ATTACCTTTTGCATAT	0	0	0
AGAAGCTTTGACGGAC	0	0	0
AGTAATGGGTTCTGTT	1	1	0
CAGGTTGCGAAGCACT	1	1	0
ACAATCTTGCCGGATT	1	1	0
GTTACTAGAGATGGCT	1	1	0
AGCTTCGACTTCTGGA	1	1	0
TAACTTCTTTAAACTG	1	1	0
TCCGCTGTTACCGGCA	1	1	0
ATTACCTTTAACCCGT	1	1	0
AATATGACAAGTAATC	1	1	0
GTCCTTGCAGCTACGG	2	2	0
AAGAAGGTCCCTTGGT	1	1	0
CCGAGATCGGCCTAAG	1	1	0
AGTAATGGGGCGTTAG	1	1	0
ATTATTCGGTTCTGTT	1	1	0
GCCAACATGTACCTTG	1	1	0
ATGTGCCGTGAGGTCT	0	0	0
TGAATCCTCCCAAGCA	1	1	0
ACGGAGCATGTAGTTT	1	0	1
GTGTCAGGATTGGGCC	4	4	0
TCCGACACATACTCTT	1	1	0
ATTCTGAGACCACGCT	1	1	0
ACCTTCCCTCTCAACC	1	1	0
CCGACTTTTTAAACTG	1	1	0
GGGCATCACCCGAATG	1	0	1
GAGAAACCCAGATTAC	1	1	0
GTCCTTGCCAGATTAC	1	1	0
TAGGTACGCCGTGTTT	1	1	0
ATTTCCATAAACGCCT	1	0	1
ATTATTCGGCAGGGTA	1	0	1
GTCAGGTTTGATGCCC	1	1	0
GGGATTACGGCGTTAG	1	1	0
TCGTGGGTACTTCAAT	1	1	0
TCCCTGGACCATTTGA	1	1	0
AGTTGCGGAAATCAGA	1	1	0
AAACAAACCTTCGATT	2	1	1
GTATTGACGTACCTTG	1	1	0
GTCTAATCCTTCTGGA	1	1	0
AACAAATGCCGTGTTT	1	0	1
TAAGGGCCTGAGGTCT	2	2	0
CCACCTCTATGCGGAT	0	0	0
AGGCCGAAGGTTAGTG	1	1	0
CGGTGAGTAACAATCC	1	1	0
ACGGCAGTACGGTAGC	1	1	0
ACCCATGCGAGAATTG	1	1	0
TAGTAGCCGAGGCTGA	1	1	0
CCCTCTTGCCAGCAGT	1	1	0
GGTCTTTCTTTGGGAG	1	1	0
CGTTGCCTGGGTTGGT	1	1	0
CGTGTACATACCGGCA	1	1	0
TACGTTCGCGAGATGT	1	1	0
GGGAGATGACCTTGCC	0	0	0
TACGCGAGTACAAACT	1	1	0
GTCCTTGCTTGGATCG	1	1	0
GTGCCCATAACCTGAC	0	0	0
AGGCAATATTCCGAGT	2	2	0
TGAATCCTCCGCAACT	0	0	0
AGTTGCGGGGACTTCC	1	1	0
TGGTTAACCGGACAAC	1	1	0
ACCCTCAAGTGTAACC	1	1	0
ACCAACCCGTTGTCAT	1	1	0
AGAAGCTTAGAGGTGG	1	1	0
ACCACAGACCGTGTTT	1	1	0
TAATCCATGCATGGGT	1	1	0
GGTGTCGAAGAACGGG	1	1	0
ACATCTCGTATTGCCT	1	1	0
TCATAGCTAGATGGCT	1	1	0
TCGCAATCCTTCAGGT	1	1	0
ACATGGACGATTAGAC	1	1	0
ACAAGTAGTGTACACG	0	0	0
ATGCATATAAGCTTCT	1	1	0
CACTAACCGCGTTGCT	1	1	0
CCTATTTAACCCATAT	1	0	1
AACTGCCTATTCAGTA	0	0	0
AGTTGAACATGTTGGC	1	1	0
TGCGACTAACGCTCAG	1	0	1
ATAACAGGAAGCGTAC	1	1	0
GTACGCTTCTTACGGG	1	1	0
AAACAAACGAAAGACC	1	0	1
CTGCTAGAGTTGCACG	1	1	0
CAAGGGTTGGACTTCC	1	0	1
TGGTTAACCGGAATTT	1	1	0
AAACTGTGTCCCTGAT	2	2	0
AAACAAACACGAAACG	1	1	0
AGGCAATAAGAGACTA	1	1	0
AGAATCAATTAAGCGT	1	1	0
TAGGCTTTGGTGGGAT	1	1	0
AGTGCTTCTCGACGGT	1	1	0
CTGAAGGGATCCGCTA	1	1	0
TCGGTCATCGACGTCA	1	1	0
AGTGCTTCAGAAGTCC	1	1	0
TAAGGGCCAAAGTCGG	1	1	0
GATTTCCCGACAACTT	1	1	0
ACGACGACGAGAATTG	1	1	0
ACCGTCGACTTAGGTA	2	2	0
ACCTTCCCTCACGTTT	1	1	0
CGACATTTAATCGGGT	3	3	0
TACCTCCCGAACGATT	1	1	0
GTACGCTTAAACTCGA	0	0	0
CTGCGATGTGCCTCAC	0	0	0
ACCCTCAATTAGTCCG	1	1	0
ACGTAAACATATACCT	0	0	0
GCACTCAGCGAATAAT	0	0	0
CCTTTGTCGAAGGCTT	3	3	0
CGGACTAATTCGCTGG	1	1	0
ACTCATACAGCGCGAT	1	1	0
CAGTTTAAAGCTACGG	1	1	0
AAGTATTGCTTACGGG	1	1	0
CGTGGGATCGTAGAAG	1	1	0
GTGTCACCCCCTTGGT	2	2	0
TCGAGTTTAACCTGAC	1	1	0
AGCATGCCCCCGAATG	1	0	1
TAGATCAACTGGTGCA	1	1	0
ACGCTTAATTTGGGAG	0	0	0
CTTTGGACCGGAATTT	1	1	0
TCAAGGCGAGTGAAAG	1	1	0
TACGTTCGTAAATAGG	1	1	0
CGGTGAGTAATCGGGT	1	1	0
ACACCAAGGTTGTCAT	1	1	0
ACTTCGCTGTCCGTAC	1	0	1
CAATCTAGAAACAGGG	2	1	1
GGAGTAAGCGCTCTCA	0	0	0
AGGAGTCGCACAACAG	3	3	0
GATTTCCCGGGAAGGT	1	1	0
GGAGGTTTTCTGCATC	1	1	0
GCATCGAGGAAAGACC	0	0	0
AAGAAGGTTGCAAGGG	1	1	0
TGCACCAGGAAGCACT	2	2	0
AAGCCTTCCCGTGTTT	3	3	0
GTCAGGTTAGCGAAGT	3	3	0
TACGCGAGCTGAGTGC	1	1	0
TGGCTAGTTCGACACC	1	1	0
GTCTGGAACCGCAACT	1	1	0
CTTAGTGTTTCACATA	2	2	0
ACGGTTGGCGAGATGT	1	1	0
AGTAATGGCAAGAGGG	2	2	0
GACACAAAATGACTTT	1	0	1
ACCTGAAGCGAATAAT	1	0	1
ACTAATTGGAGAATTG	1	1	0
ATAAGCTATGCCTCAC	1	1	0
GGAGTAAGAGGAAGAC	1	1	0
ATTGAAGTGCGCATTC	1	1	0
AAACAAACCGGGCTTT	1	1	0
GAGAAACCCCCAAGCA	0	0	0
CTGTTTCCCTTACGGG	1	1	0
AGCAACGCTTGAGGGT	1	1	0
CTGGAACAGTCTCTCT	1	1	0
AGAAACCATTGCACGC	4	4	0
TGGCTAGTTTCACATA	1	1	0
ACCTTCCCCAAGAGGG	1	1	0
CTAGTAGGGGTTAGTG	2	2	0
GGACTGGAACACTAAG	1	1	0
ACCAACCCCAACAAAT	1	1	0
GCGGTAACTTAGTCCG	2	2	0
ACCCTCAAATATCTTC	1	1	0
GTAAACAAGTGTAACC	1	1	0
GGTTGAGACCCAAGCA	2	2	0
ACGGCAGTGTTCTGTT	1	0	1
CGGTGAGTCTGTTCTT	1	1	0
AGCAACGCATGGGCAC	1	1	0
TCGCAATCACCACGCT	1	1	0
GTGCCCATGGGCCAAT	1	1	0
AGAGAGACATGGGCAC	1	1	0
CCTCATGAAATCGGGT	2	2	0
ACTTCGCTTACAAACT	2	2	0
GGTTACACCGAATAAT	1	1	0
CAATTCTCGTTACCGC	0	0	0
AGAAGCTTATTGGGCC	1	0	1
TATCTGTCAAGCTTCT	2	2	0
ATCGTAACAAACAGGG	1	1	0
ACCTTCCCACTGCCGT	1	1	0
ACTGCTGGCGCTAATA	1	1	0
ATTACCTTCGGGTAGT	0	0	0
TATTAGCGAAGCTTCT	1	1	0
AGGCCGAACACAACAG	1	1	0
GTGATAAAATGGGCAC	1	1	0
ATACACCCGTGGAGCT	1	1	0
ACCTTCCCTCGACACC	2	2	0
TAATGTGGCAAGAGGG	0	0	0
CAGATGGGTCATGAGG	1	1	0
CATGACGAGACAAAGG	1	0	1
ACCTTCCCACTGAGTT	1	1	0
ACTAGAGCCGTACCTA	1	1	0
ATTCTGAGCAGATTAC	1	1	0
GACACAAATAGTGTTT	1	1	0
CGAAGAAGACCCATAT	1	1	0
ACAAAGATGACAACTT	1	1	0
GTACGGACCCGCTGTT	1	1	0
TGCACCAGGTTCTGTT	2	2	0
GGCGACAATGCCTCAC	0	0	0
ACGGTTGGAAATCAGA	1	1	0
ATTGGCCCAGGCAGTT	1	1	0
CAGTTTAAGATGTGAG	2	2	0
ACTCGGAATATTGCCT	1	1	0
ATCAGGGAGCAACCTG	1	1	0
AATACATCGGGAACGA	2	2	0
ATGACTTGGAACGATT	1	1	0
TCCAGAAGAAACTCGA	1	1	0
CCTATTTAGCAGCATG	0	0	0
TCGTGGGTATCAGCGC	1	1	0
TAGCGGATTACAAACT	2	1	1
TGCTTGGGCAAGTCAT	1	1	0
TCATACCAGAAGCACT	1	1	0
CAGATGGGATCAAGTG	1	1	0
GTCTTCCTAGAACGGG	1	1	0
GACACAAAACGAAACG	1	1	0
TCCAGAAGGGTCTGAC	1	1	0
AATGGCGTGGGAACGA	1	1	0
TGTTATCACCGCAACT	1	1	0
CTGTTGTGCCCGAATG	1	1	0
AAGAGTATCTGGTGCA	1	1	0
GTGAGGCATAAGACGG	1	1	0
AACAAATGAGCGCGAT	1	1	0
ATATGGGTAGCGCCTT	1	1	0
TATCTGTCGGCTACTA	1	0	1
AAACAAACTGACCAGT	1	1	0
ATTCTGAGCGTATCGG	1	0	1
GTTACTAGGTTCTGTT	1	1	0
AGCAACGCGGAATAGA	1	1	0
TCAGCCTCATATACCT	1	1	0
AGAGAGACCCCATCTG	1	0	1
CGTCGAATATACTCTT	2	2	0
ACGGGTTATCCCGTAG	1	1	0
ATGACTTGCCGCTGTT	0	0	0
CCAGACAGTTGTCGCC	1	1	0
TATCCACGACGAAACG	2	2	0
CCTTTGTCGGGAAGGT	1	1	0
GGTTGAGACTTACGGG	1	1	0
AAACAAACGAAGGCTT	1	1	0
GTCAGGTTGTCAAAGA	3	3	0
AGCGTGGTGTGTAACC	1	1	0
AAACACTAAACCCTTG	1	0	1
CGTGGGATGGACTTCC	0	0	0
AGGAGTCGCCGCTGTT	0	0	0
ATAACAGGTTCGCTGG	0	0	0
GAGGGTCAATCAAGTG	1	1	0
AGTAGTTATTCACATA	0	0	0
TGGTGTCTCCCGACTT	1	0	1
CGGTGAGTCCCGACTT	1	1	0
CATTCATTCATTTGTT	1	1	0
GATGTGGCCTCTTGAC	2	2	0
CCGTCTTAATACTCTT	1	1	0
CACTAACCTTCCGAGT	0	0	0
TATGTGAATTCGCTGG	1	1	0
TAATGTGGAGCGCGAT	1	1	0
TGGGAATTCTACTTGT	0	0	0
CACTTGATCATCTCCC	1	1	0
ACAAGTAGTCGACACC	1	1	0
GGTGTCGAGATGTGAG	1	1	0
TATGTGAAGTCCGTAC	1	1	0
CTGCGATGAGCTACGG	1	0	1
AAGGGACCATACTCTT	1	1	0
ATGCGGAGATCAGCGC	0	0	0
ACCTTCCCGATTAGAC	2	2	0
AGTGCTTCCGTCAGCA	2	2	0
AAAGAGGCAACACACG	1	1	0
GGACTTCTGAGAATTG	1	1	0
GTCAGGTTACATCTAT	1	1	0
ACCCTCAATATTGCCT	1	1	0
GGGAGATGCCCATCTG	1	1	0
AAACTACACGTACCTA	1	1	0
TAGGCTTTCTTAGGTA	1	1	0
CCATATGATATTGCCT	1	1	0
GTGTCACCTTGTTTAC	1	1	0
AACGCCAAAAAGTCGG	1	1	0
GTGTCACCTGATGCCC	1	1	0
CTCCTCCATAGCTTAT	1	0	1
CACAACCTCGTCAGCA	1	1	0
GTTACTAGGGATAAAG	1	1	0
CCTATTTACTGCGTTG	0	0	0
TCTAAACTCTTTAATC	1	1	0
GTCAGGTTTGGTATGA	2	2	0
AATGTATGGAATACGC	6	6	0
AGAAAGTGATACTCTT	2	2	0
TGCGACTATCGACACC	1	1	0
ACAAAGATTTAAGCGT	1	1	0
CAACGCAGAGAGACTA	3	3	0
ACCAAGGGAACCTGAC	1	1	0
AGAAAGTGCGGCTTAC	1	1	0
CGTCGAATAAGCGTAC	2	2	0
CTAGACTAATCAGCGC	1	1	0
GCAAACTGAGAAGTCC	1	1	0
CCAGCGAATGGTTTCT	1	1	0
AGCACGTATACCAGGC	1	0	1
GCGTGCAACTTGGTGT	1	1	0
CCAGACAGCTAGATTG	1	1	0
CCTTTACACCGTGTTT	1	1	0
CTAACGCCCTGAGTGC	1	1	0
CTTCTACGGGCCTAAG	0	0	0
AATCGAAGTCATCCTT	2	2	0
CGATCCAAGTTTACGT	1	1	0
CATTCATTATGCGGAT	2	2	0
CATGACGATGGTATGA	1	1	0
AGAATCAACCCTAACC	1	1	0
GTCAGACCTGAAATGA	1	1	0
TCAGCCTCCGCTAATA	1	1	0
GATTACTTAAACCTCC	0	0	0
GATACGCAACTTCAAT	0	0	0
CAGATGGGAAAGCCTA	1	1	0
TAGCGGATTGACCCTC	1	1	0
AGTAATGGGGTTTCTC	1	1	0
TAAGGGCCGCAAAGCC	1	1	0
TACCGCTCATACCCAG	1	1	0
GGGAGATGCGAACGTA	1	1	0
CCCTTGCATCTCAACC	1	1	0
CTCTATAGAGCGCGAT	1	1	0
GTGATAAAAAACAGGG	1	1	0
GTCAGGTTTTGTTTAC	2	2	0
TACCCTGCCCTGTTAT	1	1	0
ATGACAACTTGTTTAC	1	1	0
TCGACTGCACGTATAC	1	1	0
TGAGCACATCACGTTT	1	1	0
ACCAAGGGGGATAAAG	0	0	0
AGCTCCACCGAGATGT	0	0	0
GGGTCATTTTGTCGCC	1	1	0
TCCAGAAGTAGCCTCG	0	0	0
TAGTAGCCGCACCTCT	0	0	0
CGGCTGTAGAGAATTG	4	3	1
GTCCACTATGTTCCAG	1	1	0
GTCCACTAATGCGGAT	1	1	0
CATTCGGGGGGAACGA	1	0	1
ATTTCCATACCCATAT	1	1	0
GAAGATATTTCACATA	1	1	0
CCCGTTCTTGAAATGA	1	1	0
GTGTCACCAAGGTAAT	3	3	0
TGACGTCGTAGTCTAG	1	1	0
CGTACCGAAGCTACGG	1	1	0
ACCAACCCGAAGCACT	6	6	0
ACAAAGATAGATGGCT	1	1	0
ATGCATATCACAGTTT	0	0	0
ACAGATAAGCACCTCT	1	1	0
CGTTGCCTGAAGGCTT	0	0	0
ACTGCTGGCTTTCTTT	1	1	0
AATCGTTCACCTTCTT	1	1	0
ATTTCCATCGGCTTAC	1	1	0
ACCCTCAAGGTCTGAC	1	1	0
CTAACGCCTCTGCATC	1	1	0
TACTGAATAGGAAGAC	1	1	0
GTGTCACCAGTGAAAG	1	1	0
CCACCTCTTAAGACGG	1	1	0
ATACTCTCTAAATAGG	1	1	0
TCATACCATTGTGACT	1	1	0
CCATCGTCGTCTCTCT	1	1	0
ATATGGGTTGCTCCGT	1	1	0
ACTCATACTGTTTGAG	1	1	0
TGCGACTAGATCGTTT	1	1	0
CATTCATTGGTGGGAT	1	0	1
TAATCCATCTTAGGTA	1	1	0
CATTCATTTGCGTATC	1	1	0
AACAAATGACGAAACG	2	2	0
GGATTGTTCAGATTAC	1	1	0
TCCGACACCGCTAATA	1	1	0
AGTAGTTAAACACACG	0	0	0
AAAGAGGCCAATACTT	1	1	0
CAAGGTACAATGAATG	0	0	0
TAGTCTCTACGGTAGC	1	1	0
AAATAGCATATTGCCT	1	1	0
GAGGAGTGGAAGGCTT	1	0	1
TGCACCAGGACAGATA	0	0	0
GGGATTACTCGACGGT	0	0	0
AATGGCGTTTTAACAG	1	1	0
CAAACATTGCTCTAGT	1	1	0
ATCAGGGACGCTCTCA	1	1	0
CGTTTCGTAGAAGTTA	1	1	0
AGCTTCGAGAAAGACC	1	0	1
AGTAATGGAACACACG	1	1	0
AGAAAGTGCAGATTAC	2	2	0
ATCGCGCTGCGTTGCT	1	1	0
GTTGTCCGGAAGCACT	0	0	0
CATGACGAACGAAACG	1	1	0
CCTATTTACCCAAGCA	1	1	0
CCCGTAAGGGAATAGA	1	0	1
CTGCGATGGCAACCTG	1	1	0
CTTCTACGGTAACGTT	1	1	0
GCCTTGTGTTGTCGCC	1	1	0
ATATGGGTCTGCGTTG	0	0	0
CGGACTAATGGGATTC	1	1	0
CCTATTTAACGAAACG	1	1	0
ACCTTCCCTTTACCCT	1	1	0
AACAAATGCTTCTTCG	1	0	1
CACTAACCTGACGGAC	1	1	0
CTGTCGCAAAACTGGT	2	1	1
ATTACCTTGAATTCGT	1	0	1
GGAAGTCCGCAAAGCC	2	2	0
AGCTCCACAAGTAATC	1	1	0
GGACTTCTGTATGAGT	1	1	0
TATCTGTCGGCGTTAG	2	2	0
ATCAATCGCCGCAACT	1	1	0
GTATTGACTTCCAGAC	0	0	0
CAACGCAGTTCGGCCT	1	0	1
GTGAACTCTACAAACT	1	1	0
GCTTCTCCATGACTTT	1	1	0
CACAAGTAAAACGCCT	5	5	0
TGGTTAACGATCGTTT	1	1	0
CCGACTTTGATGTGAG	1	1	0
TCCAGAAGTACAAACT	1	1	0
CTGTTTCCTAAGACGG	1	0	1
GAAGATATCGATTGAT	1	1	0
CCATGCATCTTACTCC	1	1	0
CAGATGGGCTTACGGG	2	2	0
GTGTCACCGGAGAAGC	3	3	0
AAGTATTGACTGAGTT	1	1	0
GTCAGGTTCAATACTT	1	1	0
AGCACGTAAAATGTCG	0	0	0
CTGCTAGATCTGCATC	1	1	0
AGAATCAAGGGAGGTA	1	1	0
GGCTTTGCGTTACCGC	1	1	0
CTGCTAGAGTCCGTAC	1	1	0
AGGTTCCCATACCCAG	1	1	0
CCGACTTTGAAGGCTT	1	1	0
ATCTTGGCGTCAAAGA	1	1	0
TGCGACTACACAACAG	1	1	0
ACCTTCCCTCTGCATC	1	1	0
TAATGTGGCACGGACT	1	1	0
GGCCCAATACGAAACG	0	0	0
TCAGCCTCTCGAAGCT	1	1	0
GATTTCCCGAAGTGCC	2	2	0
AACGGTAGATGGATTA	1	1	0
TAATCCATTGTGGCTA	1	1	0
ACTAATTGCAACGTGG	1	1	0
GCCTGGTACTATAGAG	1	1	0
ACAGATAAAGTGAAAG	1	1	0
CTCACATCGCCGGATT	1	1	0
GTTGTCCGGACAAAGG	0	0	0
CACAACCTACTTCAAT	1	1	0
ACCTTCCCCTCGCGTA	1	1	0
TCCTATATTGCCTCAC	1	1	0
GTAAGCCGCTGTCTGG	1	1	0
AAGCCTTCTCACGTTT	1	1	0
GGCAAGGTCTACTTGT	1	1	0
TGCACCAGCTGCGTTG	1	1	0
CGTGTGTTTTAGGACC	2	2	0
AGCATGCCTACAAACT	3	3	0
ATTTGTTGTGCGTATC	1	1	0
CCATCCACGTTCTGTT	1	1	0
TGAGCACAAGAGACTA	3	3	0
TCTGATTTTAGTGGAC	1	1	0
GTGATAAACTTAGGTA	1	1	0
ATCGCGCTACCACGCT	1	1	0
AAGGCGCTGCTCTAGT	0	0	0
ACCAACCCTTGGCGTT	1	1	0
AAGTGAGATATTGCCT	2	2	0
CAAACATTGAGAATTG	2	2	0
AAGAAGGTGCTTTGGC	1	1	0
ACAAGTAGACCTTGCC	1	1	0
AGTAGTTATCCCGTAG	2	1	1
GATACGCACCTGACAC	1	1	0
TCAAATGGGCTCTAGT	1	1	0
GTATACGTATGACCGA	1	1	0
AGTAATGGGGCCCTTA	2	2	0
GGCAAGGTATTTCCGG	1	1	0
AATCCGGCGGCATGCT	1	1	0
TAATCCATTTGAGGGT	1	1	0
ATTTCCATCTTGGTGT	0	0	0
TAACTTCTAGGCAACG	1	1	0
ATATGGGTCGTAGAAG	1	1	0
AGAGAGACACGCTCAG	2	2	0
ATTGGCCCGTCCGTAC	1	1	0
CTAGACTAGCAAGGAC	2	2	0
TGAATAGGGCTCTAGT	1	1	0
AAGTTGTCAATGTTTG	1	1	0
CGTACCGACCATTACT	1	1	0
GTCAGGTTGCCACATC	1	1	0
AGGTAAGCTTTACCCT	1	1	0
TAATCCATAAACTCGA	1	1	0
AGGCCGAAATCAGCGC	1	1	0
ACCCGATTTCTGCATC	1	0	1
TGAATCCTTAGTCGCA	1	1	0
GCCAACATTTATAGCC	1	1	0
CGATCCAATGTGTCCT	1	1	0
TCCAGAAGTAACCATC	1	1	0
TGAATCCTCGAATAAT	1	1	0
AATCCGGCTATTGCCT	1	1	0
CGTGTGTTAACCCTTG	1	1	0
CGTGCAACCACAACAG	2	2	0
AAAGCCCGTTGAGGGT	0	0	0
CCGACTTTAAACGCCT	1	1	0
CCGTCTTAGGTTAGTG	1	1	0
AGTCACAAACTGAGTT	1	1	0
TACCCTGCCTCTTGAC	1	0	1
CTCACATCACTGAGTT	0	0	0
TGCTTCATCAGATTAC	1	1	0
AAGGATGAGTCCATGT	1	1	0
AGGCGTTTTTGTGACT	1	1	0
CGTGTGTTCCCATCTG	1	1	0
GAATCCCATAACTACT	1	1	0
GACTAGCGCCATTACT	1	1	0
CTAGACTACTTACTCC	0	0	0
TAGGCTTTTACAAACT	1	1	0
ATGGGCTCAAAGTCGG	1	1	0
GATACGCACCGTGTTT	1	1	0
ACAGGCCAATTCCTTG	1	1	0
AGGGTAAAACGCTCAG	1	1	0
CTAGCACGCACAACAG	1	1	0
TATTAGCGCGGGTAGT	2	2	0
GACACAAATTATAGCC	1	1	0
CCCTTGCACCGCTGTT	1	1	0
AGAAAGTGTTCACATA	1	1	0
ACCACAGAGAAGTGCC	1	1	0
CGTGGGATTTGCATAT	1	1	0
CCCTTGCAGTTGCACG	1	1	0
AGGTTCCCCGTATCGG	1	1	0
CCCTCTTGAAATGTCG	1	1	0
TAGTCTCTATATGCAT	1	1	0
CTCCTCCACCGCTGTT	3	3	0
TGAGCACAGTTTGTTT	2	2	0
AAACTGTGAATCGGGT	2	2	0
AGGTAAGCGTCATATT	1	1	0
GTCTTCCTAAGCGTAC	1	1	0
CTTTGGACACGGTAGC	1	1	0
GTCAGGTTACCTTCTT	1	1	0
CCCTCTTGTTCGGCCT	1	1	0
AGAGAGACCTTGGTGT	1	1	0
AACGTTACAGAAGTTA	1	1	0
GATACGCACTACTTGT	1	1	0
ATTACCTTTCCTTATT	3	3	0
CCCGTTCTAAACTCGA	1	1	0
TGCGACTACAGTCCCT	1	1	0
TGCTTCATCAACGTGG	1	1	0
GAATGCGCAAACTGGT	1	1	0
TCGTTCCCTTGTCGCC	2	2	0
GTGCGAAGGGTTTCTC	3	3	0
AAAGTCATGTCTCTCT	1	1	0
CTTTCACTAGAGACTA	1	0	1
GGTAAATCCGCTAGTC	1	0	1
CCTACGCTGAAGTGCC	1	1	0
CTGTTAAAACTGCCGT	1	1	0
GTGTCACCGTAACGTT	2	2	0
GGACTGGAGGCTACTA	0	0	0
CCCTCTTGCGGACAAC	1	1	0
AGGCAATATCGAAGCT	1	0	1
CGTGTGTTCGAGATGT	1	1	0
TCCTATATTTGATCTA	1	1	0
TCAGCCTCAAACTGGT	1	1	0
ACGGGTTAGAGTTCAC	0	0	0
TACCGCTCAGAGACTA	1	1	0
TACGTTCGGGCCCTTA	2	2	0
AGCCATCTACATCTAT	1	1	0
CCTTTACAGAAGGCTT	1	1	0
AAGCCTTCAGCTACGG	2	2	0
GCTCGTAGCGTCAGCA	1	1	0
ATGCGGAGATGCGGAT	1	1	0
AGCACGTAGCGTTGCT	1	1	0
CTCACATCGCAAGGAC	2	2	0
ACTAGAGCGAACGATT	1	1	0
CGTGTACAGCAAAGCC	1	1	0
AAACGTGAGCAGCATG	2	2	0
AGAAAGTGCTGTCTGG	1	1	0
TGCTTCATGTCGTCGT	1	0	1
TGAGCACAGGCTACTA	1	1	0
TGAATCCTTGCTCCGT	1	1	0
ACCTTCCCTTCGTTCC	1	1	0
ATATGCAAATGCATGG	1	1	0
ACGGTTGGACGTATAC	0	0	0
ACCCTCAAACGCTCAG	1	1	0
ATTACCTTCCTCGTCT	2	2	0
GTAAGCCGTGCTATTT	1	1	0
ATTTCCATGCACCTCT	1	0	1
AAGGCGCTAAGCTTCT	1	0	1
AGTTGCGGCCTATTCA	1	1	0
ACTTCGCTCTCTTGAC	1	1	0
CTCCCAAATACAAACT	1	1	0
CGGCTGTATTGTGACT	1	1	0
GATGGTTAAAAGTCGG	2	1	1
TGACGTCGTGGCCTGT	1	1	0
TCCGACACAATGAATG	1	1	0
AATCGAAGAGTGATGC	1	1	0
TACCGCTCTACAAACT	2	2	0
CATGACGACGCCTTGA	1	1	0
CGTGCAACGGACTTCC	0	0	0
CCAGCGAAACTAGGAT	1	1	0
GCAAACTGCGAGATGT	1	1	0
AGAGGTGCAGCAGAAC	1	1	0
CCTCATGATGCTCCGT	1	1	0
AGAAACCACACTTTCT	2	2	0
AATATGACACTGAGTT	1	1	0
GAGGAGTGCTTCGATT	0	0	0
GTAATCTGAAAGCCTA	1	1	0
CTGAGCGTTACAAACT	2	2	0
ATTCTGAGTTGCACGC	1	1	0
ACAAGTAGCTTACGGG	1	1	0
GGTTAGGGGTCCGTAC	1	1	0
AATAAGGAATGCGGAT	1	1	0
GAATCCCAGACAAAGG	1	1	0
GGAGTAAGGGCTACTA	1	1	0
CATGACGATAGCCTCG	1	1	0
ATAACAGGACCTTCTT	0	0	0
GACACCTGGTATGAGT	1	1	0
AGTTTGTATCATCCTT	1	1	0
AGTCCGTGTTAAACTG	1	1	0
AAAGCCCGCCCTAACC	0	0	0
AGGCGTTTGCTCTAGT	1	0	1
TGAGCACAGTCTCTCT	1	1	0
TGAATAGGCCGCTGTT	1	1	0
ATACACCCTTTGGGAG	1	1	0
TATCCACGTTGAGGGT	1	1	0
ATAGATGTCTTCTGGA	1	1	0
AATACATCTTTGTGTC	1	0	1
GCGTGCAAGGTCACAG	1	0	1
CTCACATCCCCATAGC	2	2	0
GAGGGTCAGGCCCTTA	1	1	0
GAGAAACCCCTGACAC	1	1	0
AGCACGTAGGCGTTAG	1	1	0
TGGGAATTAAACTCGA	1	1	0
ATCCGCATCGCTCTCA	1	1	0
TGGTTAACATGACTTT	2	2	0
AAACGTGATCATCCTT	1	1	0
ATAACAGGTCGAAGCT	1	1	0
ACTGCTGGAAGGTAAT	2	2	0
GTGCGAAGGTTACCGC	1	1	0
ATTTCCATACAGCGGA	1	1	0
ACGCTTAAAGCACCAC	1	1	0
TCAAGGCGCCATTACT	0	0	0
CCCGTTCTAACACACG	1	1	0
GTTACTAGCTTACGGG	3	3	0
ATCGCGCTTACCAGGC	1	1	0
GGTTAGGGTAACCATC	2	2	0
ACCCTCAATTGATTCT	0	0	0
ATATGGGTAGCGCGAT	1	1	0
AAGTCCAAATATACCT	1	1	0
AAACACTAAAACTCGA	1	1	0
TCGTGGGTACAGCGGA	1	1	0
TAGTCTCTGAGGCTGA	3	3	0
TAGTAGCCTATTGCCT	1	1	0
GTACGGACGTGTAACC	1	1	0
TCTAAACTATGGGCAC	2	2	0
CCCTCTTGACCTTGCC	1	1	0
AAACGTGAACAGCGGA	1	1	0
CCGATACGCGGCTTAC	1	1	0
AGTTTGTATTTGGGAG	1	1	0
GTTCTGCTCAAGTCAT	1	1	0
AAATAGCAAGCGCGAT	1	1	0
TGGACGGATTCCGAGT	1	1	0
AACTGCCTAGGATTCA	1	0	1
TACCTCCCGAGGCTGA	1	1	0
TCGCAATCGAAGCACT	1	1	0
AGCACGTAGTCCATGT	6	6	0
GTGCGAAGTGATAACA	1	1	0
GAGGAGTGGAGTTCAC	1	1	0
ATCCCACCCTCTTGAC	1	1	0
TATCCACGTCGGTTCG	1	1	0
AGTTGCGGTTGATTCT	1	0	1
TCGTTCCCGATTTACC	1	1	0
ATACACCCGTGGATGG	1	1	0
ACCACAGACAACAAAT	0	0	0
TCATAGCTACATCTAT	0	0	0
TCCTATATCATCTCCC	1	1	0
GCAAACTGTCTGTGGT	1	1	0
TATCCACGTTGTCGCC	2	2	0
CCATCCACAGAACGGG	1	1	0
AGAAGCTTTGAGGTCT	0	0	0
CTCACATCCCAGCAGT	1	1	0
GCCAAAGCATCTTTGT	1	1	0
ATCCCACCAGCGAAGT	1	0	1
ATGACTTGGATGTGAG	0	0	0
ACCACAGAGCAAGGAC	1	1	0
GATTACTTAGGAGCTT	1	0	1
AGCAACGCTAAGACGG	1	1	0
ACCAACCCTGTAGTTT	1	1	0
ACTGCTGGGTGGATGG	1	1	0
TCCAGAAGGGATAAAG	1	1	0
GTGAGGCAATTCGACG	1	0	1
CTGTTGTGCAATTAGT	1	1	0
CCCTGTTTTTGGCGTT	1	1	0
AGAGAGACAACCCTTG	1	1	0
TCCGCTGTGAAGGCTT	1	1	0
CGATCCAAATCAGCGC	1	1	0
TCAAATGGGGAAACAG	1	1	0
CTTAGTGTCGTCAGCA	2	2	0
CATGACGATAGAAATG	1	0	1
GATTAAAGTTGTGACT	0	0	0
ATTATTCGGGAAACAG	0	0	0
GTCTGGAACTAGATTG	1	1	0
AGCGTGGTAATCGGGT	1	1	0
AGCAACGCCTTACGGG	3	3	0
GTACGGACGAATACGC	1	0	1
GTGTCAGGAAAGTCGG	1	1	0
GGGAGATGCTTCGATT	1	0	1
TGGGAATTCGTCAGCA	1	1	0
ATAGATGTGTCAAAGA	1	1	0
TGACGTCGCTTACGGG	1	1	0
TCCAGAAGCGTGGATA	1	1	0
AGGTAAGCCTGGTGCA	1	1	0
CATTTCTAGCAGCATG	1	1	0
AGTAATGGGATTTACC	1	1	0
GTGTCACCCCGTGTTT	4	4	0
CCCGTTCTCTTACGGG	2	1	1
AGTCACAAGTCAATAC	1	1	0
TCGTTCCCCAGACCAT	1	1	0
CCTCATGACGTACCTA	1	1	0
CGGTGAGTCAATACTT	0	0	0
CTTTGGACTCGGTTTA	1	1	0
GTATTGACAAGATTGT	1	1	0
TCTAAACTAGAGACTA	1	0	1
AGTCCGTGTAGTCTAG	1	0	1
ACCAACCCGTGTAACC	1	1	0
ATGACAACATATACCT	1	0	1
AAAGAAAGTCTGTGGT	1	1	0
TCTGATTTCTACTTGT	1	1	0
TCATTTCATACTTGTG	1	1	0
CGAAGAAGACTCACCG	1	0	1
GACACAAAATCCGCTA	2	2	0
CCTTTGTCAACCTGAC	0	0	0
ATTTCCATATGCATGG	1	1	0
AGCTTCGAAGCTACGG	1	1	0
CTGTGACCCTACTTGT	1	1	0
AGGCAATAGGGAACGA	1	1	0
GATTAAAGATACTCTT	1	1	0
CCGAGATCTCCGTCCA	0	0	0
ATCGTAACCGAGATGT	1	1	0
GCCTTGTGACTGAGTT	0	0	0
CAGGTTGCGCAAAGCC	1	1	0
TCATTTCACTCCGCAT	1	1	0
GCACTCAGTACGTGCT	1	1	0
GTATACGTAATGAATG	1	1	0
ACAGATAAGATGTATT	0	0	0
GTGGTGCTGGCGTTAG	2	2	0
ACCCGATTTAAGACGG	1	1	0
AGCACGTAAATGAATG	0	0	0
CTTTCACTATGACTTT	1	1	0
GGCAAGGTATACTCTT	2	2	0
AGGAGTCGAAACCTCC	1	1	0
ACCCTCAAGGTGGGAT	1	1	0
GTGTCAGGCGCTCTCA	1	1	0
CTTTCACTTCATATGG	1	1	0
CTCTGCGTCTGTTCTT	0	0	0
CTCACATCAGCGAAGT	1	1	0
AACGCCAATGTAGTTT	1	1	0
GAAGATATGCCACATC	1	1	0
GACTAGCGTCGGTTTA	0	0	0
GTGTCACCATGGAAAT	3	3	0
AGGAGTCGCTACTTGT	1	1	0
TATCTGTCTCGAAGCT	2	2	0
CCTTTACAGTCCGTAC	1	1	0
TCGACTGCCCCGACTT	1	1	0
GACACCTGATCAAGTG	1	1	0
ATCCTAGTGCCAAGAT	1	1	0
GGAACGAACTGGTGCA	1	0	1
GGAACGAACGCTCTCA	1	1	0
AACAGCGGACGCTCAG	1	1	0
CGGCTGTAGATTAGAC	1	1	0
GTGGTGCTGTACCTTG	1	1	0
GTAATCTGCCATTTGA	1	1	0
ACCAACCCCGACGTCA	1	1	0
GGTCTTTCTTCCGCTC	3	2	1
ACCAGTTTATATACCT	1	1	0
AGGCAATAGGCCCTTA	1	1	0
CCCTTGCAGCCGGATT	1	1	0
ACATGGACCTTCAGGT	0	0	0
AGGTTCCCTGCGACAG	2	2	0
AATGGCGTTAACCATC	3	3	0
GTAAACAACTTACGGG	1	1	0
AGGGACTGAGGTTGTG	0	0	0
AGTAATGGCCGCAACT	1	1	0
CAATCTAGGTTGTCAT	1	1	0
TGCTGACGTTGATCTA	1	1	0
ATGGGCTCACCCACGA	1	1	0
AGAGGTGCCAATACTT	1	1	0
AGAGAGACCGGACAAC	1	1	0
GGTAGCCATTGGATCG	2	2	0
ATCGCGCTCTTCGATT	0	0	0
GTCAGGTTTGTTCCAG	1	1	0
TCAAATGGTAGTGGAC	0	0	0
ATGGTCTGTTTGTGTC	1	1	0
AGTAATGGTGTGCTCA	1	1	0
CATTCGGGTTATAGCC	2	2	0
ATTACCTTACGAAACG	2	2	0
CTGTTTCCGCTTTGGC	1	1	0
CCACCTCTTTGGCGTT	1	1	0
GTAATCTGATACCCAG	1	1	0
GTCCTTGCAGAAGTTA	1	1	0
ACGGTTGGCAACAAAT	1	1	0
GTACGCTTTCGAAGCT	0	0	0
CAGTTTAAGTATGAGT	2	2	0
GTAAACAAGAGCCCAT	1	1	0
GCCTGGTAGCTTACCT	1	0	1
ATATGCAACACGGACT	1	0	1
AATCCGGCGTCCATGT	1	1	0
TATCTGTCCGAGATGT	3	3	0
CGGCTGTAGTGGATGG	2	2	0
ACTAGAGCCTTCGATT	1	1	0
CCTTTACATGGAGGAG	3	3	0
GTGTCACCAAAGCCTA	9	8	1
CGAACCGAGAAAGACC	1	1	0
AATGGCGTTCGACACC	1	0	1
AGTAGTTACTTAGGTA	1	1	0
TCCGCTGTGAGGCTGA	1	1	0
AACTCAGTTTGCACGC	3	3	0
AAGTGAGACTCCGCAT	1	0	1
GATGGTTAAGCTACGG	1	1	0
TCGACTGCTAGAAATG	0	0	0
ACCAACCCGGGAAATC	1	1	0
AAGAGTATCCCGAATG	0	0	0
CATTCATTGCTTTGGC	1	1	0
ATCCTAGTCCATTTGA	1	1	0
CCGAGATCTGCTCCGT	1	0	1
TATGTGAAAGCTACGG	0	0	0
GGTTACACGCACCTCT	1	0	1
CGATCCAACTGGTGCA	0	0	0
AAACCGCCGCGTTGCT	1	1	0
CTTAGGCCTTGTCGCC	1	1	0
GTCCTTGCTGGGATTC	1	1	0
ACATGGACCGAATAAT	0	0	0
CAATCTAGTCCAGTCC	1	1	0
GTCAGGTTATCAAGTG	2	2	0
GCTAAGTTGTTGTCAT	1	1	0
CACTTGATAACCTGAC	1	1	0
TCAGCCTCCTTACTCC	1	1	0
TCTATTCCCAGGTGTC	0	0	0
ACTCATACCTTACGGG	1	1	0
TGTTATCACAGGTGTC	1	1	0
AGAAACCACCTGTTAT	1	1	0
ACGGCAGTATTCAGTA	0	0	0
CTGAAGGGTTGATCTA	1	1	0
AATGGCGTGTAACGTT	1	1	0
TGGAAAGCCAGTTTGC	1	0	1
CTGTCGCAGCAACCTG	1	1	0
AGTAATGGCAATACTT	1	1	0
GCTATGGGATCAGCGC	1	1	0
AAATTCCGAGTTTAGA	1	1	0
GTGATAAACGTGCTAG	1	1	0
CTGGGTATGATTAGAC	1	1	0
GGGTCTAGCGTATTTC	1	1	0
GAGGAGTGGCAGGGTA	1	1	0
ATCTTGGCTGTTTGAG	1	1	0
GGTCTTTCCTTAGGTA	3	3	0
TGCTGACGAATGTTTG	1	1	0
CATTCATTTCACCGAG	1	1	0
GGTAGCCAGGTCTGAC	1	1	0
AGACGAGGATTCGACG	1	1	0
AAACGTGAGATCGTTT	3	3	0
CCTACGCTCTATAGAG	1	1	0
ATCCCACCCCGCTGTT	4	4	0
CGACATTTTCGACACC	1	1	0
CACAAGTACCTGACAC	1	1	0
AGGTAAGCTCATATGG	1	1	0
ATACTCTCAGAGACTA	1	0	1
GTAAACAATTGAGGGT	1	1	0
TAGTAGCCTTTGTGTC	1	1	0
CTGTTTCCTCATCCTT	1	1	0
CCGACTTTCTTACTCC	1	1	0
CAATTCTCGATTGCGA	1	0	1
CACTAACCTGTGTCCT	3	3	0
CCAGACAGGCATGGGT	1	1	0
ACCTTCCCCTAGATTG	1	1	0
AGCGTGGTTAACCATC	0	0	0
CACTAACCTCGGTTCG	1	1	0
AACAGAACAAGCTTCT	1	1	0
TCAAGGCGGAACGATT	1	1	0
TACCCTGCCTACGAGC	1	1	0
CCACCTCTGCGTTGCT	1	1	0
ATGACAACGCTCTAGT	1	0	1
ACCCTCAAACCTTGCC	1	1	0
TCTGATTTACGTATAC	1	1	0
ATGTGCCGTGCCTCAC	1	1	0
TCATAGCTGCCGGATT	1	1	0
TCATACCATGACGGAC	1	1	0
CTGAAGGGCCGCAACT	1	1	0
GTAAACAACCATTTGA	1	1	0
ACCCATGCCGGGTAGT	1	1	0
AAACTACAGAGAATTG	0	0	0
ACCTTCCCGGAGAAGC	1	1	0
GATGTGGCCCCGAATG	1	1	0
AATCGAAGCGCTCTCA	1	1	0
ATGCATATTTGGATCG	1	1	0
GAAGATATATATAGGA	2	2	0
CGGACTAAACATCTAT	1	1	0
TCTATTCCGAACGATT	2	2	0
ACCCATGCACGTATAC	1	0	1
CTCGGTGAGGGTTGGT	1	1	0
ATCCCACCTGACCAGT	1	1	0
AAAGAGGCCTAGATTG	1	1	0
GCCAAAGCGCGCATTC	2	2	0
TAGGCTTTCCATTTGA	1	1	0
CTGTCGCACAGACCAT	1	1	0
ATCCGCATTACTTGTG	1	1	0
GTTCTGCTCATCGCAG	1	0	1
AGTAATGGTGTAGTTT	1	1	0
TGCTGACGTTCGGCCT	3	3	0
GAAAGACAAAGATTGT	0	0	0
GGTCCTAATGAGGTCT	1	1	0
TACCGCTCAACCCTTG	1	1	0
AGCAACGCCAAGTCAT	1	1	0
AGCAACGCTGGTATGA	2	2	0
CGTGGGATTGCCTCAC	1	1	0
CTTAGTGTTCTCACTT	1	0	1
AAGTCCAATTTATCAC	1	1	0
TAGGCTTTGGATAAAG	1	1	0
GCCTTGTGTGCCATCG	1	1	0
GTGCGAAGCTGTTCTT	1	1	0
TGAGCACACACAACAG	1	1	0
CCAGACAGTTGTGACT	1	1	0
TGGGAATTGATTTACC	1	1	0
ATTTCCATCAGGTGTC	1	1	0
GTAAACAAACATCTAT	1	1	0
GAAGATATAGGCAGTT	1	1	0
TCTATTCCATCCGCTA	2	2	0
AGCAACGCCAACAAAT	2	2	0
AGGTATATCGAGATGT	1	1	0
CTAACGCCGGTCACAG	1	1	0
GTCCTTGCAAACTCGA	1	1	0
GATGCAGAATGAAGCA	1	1	0
GGAAGTCCCCCGACTT	1	1	0
GGGTCATTAAACCTCC	1	1	0
GCCTTGTGAATTCCCA	1	1	0
CTGCGATGTTTGTGTC	1	1	0
GTCCTTGCATGCGGAT	1	1	0
TATCTGTCTTTGTGTC	1	1	0
TATTAGCGGCAACCTG	1	1	0
AGTAGTTATCGGTTTA	1	1	0
CCAGCGAATAGTCTAG	1	1	0
ACGTAAACTCCTTATT	0	0	0
TGACGTCGTTTACCCT	0	0	0
AGACCTCAGATGTGAG	1	1	0
ACTGCTGGTGCTATTT	1	1	0
CGTTGCCTGTGGATGG	1	1	0
CAAGGAATAGAAGTTA	1	1	0
CACTAACCCCTGTTAT	1	1	0
CTTAGGCCCGCCTTGA	2	2	0
GGACTTCTCTCTTGAC	1	1	0
AAACACTAGGGAAATC	2	2	0
TGCTTCATTTGGCGTT	1	1	0
CACAACCTAGCGCGAT	2	2	0
ACGGGTTAATCCGCTA	1	1	0
GAGCGGAATCGGTTTA	1	1	0
GAGCGGAATCGACACC	1	1	0
CGATCCAAACTAGGAT	1	1	0
CTAGTAGGGAAGCACT	1	0	1
GGCACTTCTGACGGAC	1	1	0
CTGCTAGATCCCGTAG	1	1	0
GAATCCCACTCGATGC	0	0	0
ACCCATGCCTTTAATC	1	1	0
AAACAAACTCGACACC	1	1	0
AGAAAGTGTGCTATTT	0	0	0
ATTGGCCCGTCAATAC	1	1	0
TGGCTAGTGTCTCTCT	1	1	0
AATGGCGTTCATCCTT	1	1	0
AATCGAAGCTGGTGCA	0	0	0
TGGCTAGTTCGACGGT	0	0	0
CGGTGAGTCCATTACT	1	1	0
AACGCCAAAATGAATG	1	1	0
CCTATTTAGGATAAAG	1	1	0
CCCTGTTTCCTCGTCT	1	1	0
ACGAATTCCTCAGAAT	1	1	0
CCCTGTTTCAGTTTGC	1	1	0
CCGAGATCATTCGACG	0	0	0
TAGGCTTTAAACCTCC	0	0	0
GTACGGACCTTCTGGA	1	1	0
GTGTCAGGACCCACGA	1	1	0
CGAACCGACCAACCGT	2	2	0
AACAAATGTGCGTATC	1	1	0
CTGTGACCACTGCCGT	1	1	0
CAGTTTAAGAGTTCAC	1	1	0
GGACTTCTTGTAGTTT	1	1	0
CCTCATGAATATAGGA	1	1	0
GTCTAATCGGACTTCC	1	1	0
TCTTTGACTTCCGAGT	1	1	0
AGCAACGCGCAGGGTA	1	1	0
TAGCGGATATACTCTT	1	1	0
GTAAGCCGGGGAAGGT	0	0	0
CCATCCACGAGAATTG	1	0	1
ATCCCACCAGAGACTA	1	1	0
GCAAACTGGGCCCTTA	0	0	0
ACCACAGAAGAGACTA	1	1	0
AAATTCCGATGGGCAC	0	0	0
GTACGCTTATTCAGTA	1	1	0
ACAGGCCAACGGTAGC	0	0	0
ACTAGAGCATCCGCTA	1	0	1
TCCTATATGGTTTCTC	1	1	0
CTCACATCGAATTCGT	1	1	0
TGCTGACGCTAGATTG	1	1	0
GTCCTTGCTGCGACAG	1	1	0
CCAGACAGGTACCTTG	1	1	0
CCGTCTTATGCCATCG	1	1	0
GTCAGGTTCCGTGTTT	2	2	0
CCCGTTCTGACAACTT	0	0	0
GATGGTTACCCTAACC	1	1	0
CAATTCTCTCCAGTCC	1	1	0
GAAGATATAAACTCGA	1	1	0
CTGTTTCCATCAGCGC	1	1	0
CGTGTACACTTACTCC	2	2	0
AACAGCGGTCATGAGG	1	1	0
AGGCGTTTTTGATCTA	1	1	0
CTCCCAAACTGTCTGG	0	0	0
CTACGGGAAAGCTTCT	1	1	0
GTATTGACTGCTATTT	1	1	0
GAATGCGCGACAGATA	1	1	0
TGCTGACGGTCAAAGA	1	1	0
TGCGACTACTTCAGGT	1	1	0
GCGGTAACGTCTCTCT	1	1	0
CGTTGCCTGTTGCACG	1	1	0
ACCAACCCGTCCATGT	1	1	0
CTGAGCGTACGCTCAG	1	1	0
ATATGCAACCATTTGA	1	1	0
AAACACTAGGCCCTTA	1	1	0
AAAGCCCGACGAAACG	1	1	0
AATCCGGCTTATCTGT	1	0	1
ATATGGGTATACTCTT	2	2	0
CCCTGTTTAGGCAACG	1	1	0
TGCTTCATTGAGGTCT	0	0	0
TACGTTCGTCACGTTT	1	1	0
ATACACCCGAGCCCAT	1	1	0
CGTGTACATCTAGCAG	1	1	0
ATTACCTTATACCCAG	1	1	0
ACGCTTAAAGCTACGG	1	1	0
TGAGAGCGCGCTAATA	1	1	0
GTCCGTCACCGTGTTT	1	1	0
GATACGCAACTAGGAT	1	0	1
AGTAATGGATGTTGGC	1	1	0
CGTTGCCTGTTCAACT	1	1	0
TCCAGAAGTGCTCCGT	1	1	0
CTCTATAGTCATCCTT	1	1	0
GTCTAATCCGGGTAGT	1	1	0
GCAAACTGCAGGTGTC	1	1	0
GTACGCTTGGGAAATC	2	1	1
GGAACGAAACTTCAAT	1	1	0
TCCCTGGACAGTTTGC	1	1	0
GAAGATATAGTTTAGA	2	2	0
TAGCGGATGTTCAACT	1	1	0
CGAACCGATTATCTGT	1	1	0
TCAAATGGCCATTTGA	1	1	0
TGCCGGTAAGAGACTA	1	1	0
AAATAGCACTTTCTTT	2	2	0
AAACACTACGCTAATA	1	1	0
TACCCTGCTAGCCTCG	1	0	1
ATACTCTCGTATGAGT	1	1	0
CAAGGAATTTTGTGTC	0	0	0
TAGATCAAAGCGCGAT	1	1	0
TAGCGGATGGTGGGAT	1	1	0
GTGTCACCAAGCTTCT	2	2	0
CGATCCAATCGGTTTA	2	2	0
ATAAGCTACAATACTT	1	1	0
AGAAACCATTATCTGT	1	1	0
TACGTTCGGGTCTGAC	1	1	0
TGGAAAGCCTCCGCAT	1	1	0
AGAAACCATAGTCTAG	0	0	0
TATCCACGATTTCCGG	1	1	0
GCTTCTCCGAAGCACT	1	1	0
CCATCGTCCAGATTAC	2	2	0
CTCGGTGAAAGCTTCT	0	0	0
CAGTTTAAGTGGATGG	1	1	0
TGAGAGCGCACAACAG	2	2	0
ACGAATTCTCGACGGT	0	0	0
CCATCGTCGAGAATTG	1	1	0
ATTTGTTGGCCTCTTT	1	1	0
ACCACAGAATGTTGGC	1	1	0
AAACTACAGGTGGGAT	0	0	0
ACAGGCCAAACCCTTG	2	2	0
CTGAAGGGTATTGCCT	1	1	0
AACAAATGATACTCTT	1	1	0
TGAATAGGAACCCTTG	1	1	0
TCCAGAAGCGGCTTAC	1	1	0
GGTTACACCTTCGATT	1	1	0
AACGGTAGGGTCTGAC	1	1	0
TCCGACACTATTGCCT	2	2	0
ACCACAGAATGCGGAT	0	0	0
CGATCCAATGACGGAC	1	1	0
ATTATTCGGCAGTCGA	2	2	0
GAGCGGAAATTGGGCC	1	1	0
ATATGCAACCGCTGTT	2	2	0
AGAATCAAGTCCATGT	1	1	0
AGCTCCACATCAGCGC	1	0	1
GAGGGTCAACGAAACG	1	0	1
AAATAGCAGTTGTCAT	1	1	0
GCCAAAGCCTTACGGG	2	1	1
AAACAAACCTTACGGG	0	0	0
GGAACGAACAAGTCAT	1	1	0
AACAGAACGCAAAGCC	1	1	0
AGGAGTCGCGCTCTCA	1	0	1
GCATCACTTTTACCCT	1	1	0
GTGTCACCCTATAGAG	2	2	0
GTCAAGAGTAAATAGG	0	0	0
TGCTGACGGTGGAGCT	1	1	0
CATTCATTGAACGATT	1	1	0
TGCGACTATGTGCTCA	1	1	0
CCCTTGCAAATGAATG	1	1	0
CTGCTAGAGGGAACCT	1	1	0
GTGTCACCGATCGTTT	1	1	0
GTCTAATCGATTAGAC	1	0	1
GGCGACAACGCTCTCA	1	1	0
TCCAGAAGACCTTCTT	1	0	1
GTGTCAGGCTAGATTG	1	1	0
GAATCCCACCGCTGTT	1	1	0
GGCCCAATCCCGACTT	1	1	0
CATTCATTTAGTCTAG	1	1	0
AAAGCCCGGAGAATTG	1	1	0
ACCACAGAATTTCCGG	1	1	0
CGAAACTCTCCTTATT	1	1	0
ACCCTCAATCTAGCAG	1	1	0
GCGTATTCCAGACCAT	0	0	0
CTCTGCGTATGACTTT	2	1	1
ACCAGTTTTATTGCCT	2	2	0
CTCCTCCAGGATAAAG	2	2	0
GCATCGAGTACAAACT	1	1	0
TACCCTGCAAACTCGA	3	3	0
TACCTCCCCACAACAG	5	5	0
AACTGCCTTAACCCGT	1	1	0
CAGACTCGGCTCTAGT	1	1	0
AGAGAGACCCACATTA	1	1	0
CTTCTACGATCTTTGT	1	1	0
CATTCATTGTCAAAGA	1	1	0
TACTGAATTCGGTTCG	0	0	0
CATGCTGCTGATAACA	1	1	0
CATTCATTGGACTTCC	1	1	0
TCTGATTTATATCTTC	2	2	0
CCGAGATCGTTCTGTT	1	1	0
AACAGAACGTAATCCC	1	1	0
TAAACCGAGTCCATGT	1	1	0
AAGCCTTCTCGTCATG	0	0	0
CTGGAACATCGAAGCT	3	3	0
TATCCACGAGATGGCT	1	1	0
GGAGTAAGGAGTTCAC	1	1	0
GAAGATATTAACCATC	1	1	0
TCTAAACTTGACCAGT	1	1	0
AGGGACTGCCATTACT	1	1	0
CGATGGCATAACCATC	1	1	0
TGCTTCATGGAGAAGC	0	0	0
AGGTATATACGGTAGC	0	0	0
GTGTCACCGATTTACC	1	1	0
GTGAACTCATGACTTT	0	0	0
ATCCTAGTAGGATTCA	1	1	0
TCTTTGACTAAATAGG	1	1	0
ACATGGACTTGCACGC	1	1	0
TCGAGTTTCCGCTGTT	1	1	0
GAGTGTACAGCGCGAT	1	1	0
ACCTTCCCCGCTAGTC	1	1	0
AACTCAGTTATTGCCT	1	0	1
GATGTGGCACGAAACG	1	1	0
TGGACGGAATTGGGCC	1	1	0
AACGCCAACCCTTCAG	6	5	1
TCGTGGGTTGTGCTCA	1	1	0
TGGCTAGTATATCTTC	0	0	0
ATCCTAGTAAACTGGT	1	1	0
TCCAGAAGCTTCGATT	2	1	1
TGCTTCATCGTAGAAG	1	1	0
TCTTTGACGTTAACCA	2	2	0
AGTAATGGAGGAGCTT	2	1	1
CCCTTGCAGGGCCAAT	1	1	0
GGAAGTCCGACAAAGG	1	1	0
CCATCGTCTGACCAGT	0	0	0
CTCAAACATGACCAGT	1	1	0
TGGTGTCTCAACGTGG	1	1	0
CAAACATTGGGAAGGT	1	1	0
GGATTGTTATACTCTT	1	1	0
GCCAAAGCGTCTCTCT	1	1	0
GGACTTCTAGCGCGAT	2	2	0
CCGAGATCAGAAGTCC	1	1	0
ACCTTCCCGAGCCCAT	1	1	0
AGAAGCTTTTTACCCT	1	1	0
GATGGTTATACCAGGC	1	1	0
ACCTTCCCGTGGAGCT	2	2	0
ACCCTCAAATCAGCGC	1	1	0
AGAAGCTTGGGAACCT	1	1	0
GTACGCTTGCTTTCCA	1	1	0
CGTGCAACGTCCAAAG	1	1	0
GGCGACAAAAACTGGT	1	1	0
CCTTTGTCATACTCTT	1	1	0
ACCTGAAGGTAATCCC	1	1	0
GCTACCGTATTCGACG	1	1	0
CAAGGTACTAAATAGG	0	0	0
AAAGTCATCGTGCTAG	0	0	0
TCTTTGACTGCTCCGT	1	1	0
GGATTGTTGAGGCTGA	2	2	0
AAGTCGGGATATCTTC	0	0	0
ACCTTCCCTTTGGGAG	1	1	0
GAAGATATTTCGCTGG	1	1	0
GGTAGCCAGAAGTGCC	1	1	0
CGAGGCTACGTATTTC	0	0	0
TGAGCACACGTGGATA	1	1	0
ACGGAGCAGGATAAAG	1	1	0
TAGCCACATACCAGGC	1	1	0
AAGGCGCTTTAAGCGT	1	1	0
TGGCTAGTGTTACGAT	1	0	1
GTGTCAGGATACCCAG	1	1	0
TGAATAGGGCCTCTTT	1	1	0
GATTTCCCGATGTGAG	1	1	0
ATACACCCATATCTTC	1	1	0
TGTTATCAGAGGCTGA	1	1	0
GCCAACATCGAGATGT	1	1	0
GCGTATTCTAGTCTAG	1	1	0
GTCTGGAACATTTGTT	1	1	0
CTGCGATGCCATTACT	1	1	0
CTAGTAGGTGGCCTGT	1	1	0
AGCCATCTAAACTCGA	1	1	0
CCCTTGCAGCACCTCT	0	0	0
CCTTTGTCACGTATAC	1	1	0
GAGCGGAAAAATCAGA	1	1	0
AACAGAACGGGAAGGT	1	1	0
CCGACTTTGTCCGTAC	1	0	1
TGCTGACGACGCCATT	1	1	0
TATCCACGAAACTCGA	2	1	1
CTGTGACCGCACCTCT	1	1	0
CTGTCGCAGGATAAAG	1	1	0
ATCGCGCTAGTTTAGA	1	0	1
GATGCAGACTTACGGG	1	1	0
ACTAATTGTAGTCTAG	1	1	0
CCACGTTGACGTATAC	1	1	0
AGTAATGGCTAGTAAC	1	1	0
AAGGGACCGGAAACAG	1	1	0
AACGCCAAACGTATAC	0	0	0
CACTTGATTCCGTCCA	1	1	0
AAGTCCAAATGTTGGC	1	1	0
GCTAAGTTATGGATTA	1	1	0
GGCCCAATATATACCT	1	1	0
CATTCATTGCAAAGCC	1	1	0
TCATTTCAATGTTGGC	1	1	0
CCATCCACAGCTACGG	1	1	0
CATGACGACTAGTAAC	2	2	0
GGCTATAACAAGTCAT	1	0	1
AAGAGTATGCACCTCT	1	1	0
CTGTTTCCTGACGGAC	1	1	0
AAACCGCCATTGGGCC	3	3	0
AGAAGCTTCGAACGTA	0	0	0
CAGGTTGCCACTCCTC	1	1	0
AGGTAAGCCGAACGTA	1	1	0
CTTTCACTAGCGTAGG	1	1	0
GAAGATATGAAGGCTT	3	3	0
CTAGACTACTAGTAAC	1	1	0
GTGTCACCTCCAGTCC	1	1	0
TAGCCACAAATGAATG	1	1	0
CCCTCTTGTGTGTCCT	1	0	1
ACCCATGCTTGTCGCC	1	1	0
ATTTCCATGCGCATTC	1	1	0
AAACACTATTGAGGGT	1	1	0
TCATACCACTTGGTGT	1	1	0
CATGACGATCTGTGGT	0	0	0
AATATGACCCCTAACC	1	1	0
GTCTAATCCGAGATGT	1	1	0
TAGTAGCCTCGGTTTA	1	1	0
GACACCTGCTTACGGG	1	0	1
GTGCCCATTCTCAACC	1	1	0
AAGCCTTCTCGACACC	1	1	0
GCAAACTGAGGATTCA	1	1	0
CCTTTGTCGAAGCACT	1	0	1
ACCCTCAATGCGACAG	1	1	0
AGCTCCACACTGAGTT	1	0	1
GTCCACTAATATACCT	2	2	0
AAGGGACCTTATAGCC	1	1	0
GTAAGCCGCTTTCTTT	1	1	0
CCCTCTTGGATGTGAG	0	0	0
GCGGTAACCCTGACAC	1	1	0
ATACTCTCCTTACGGG	1	1	0
TATCCACGCCCTTGGT	1	1	0
TGCGACTACAACAAAT	1	1	0
CCATGCATGGCATGCT	1	1	0
AGCACGTAGGGCCAAT	2	2	0
CTCACATCGATCTCGG	1	1	0
ACTTCGCTAATGAATG	1	1	0
CAGGTTGCCTAGATTG	1	1	0
GGTAGCCACCTGTTAT	1	1	0
TACCTCCCGCAGGGTA	2	2	0
CTTTCACTGAGCCCAT	1	1	0
ATATGGGTCGTCAGCA	1	1	0
CTTTATCCTGACGGAC	1	1	0
CCATATGAACGAAACG	3	3	0
AAGGATGATCGGTTCG	1	1	0
CGTTGCCTAGCGCGAT	0	0	0
CGTGGGATCCAGCAGT	2	2	0
TCTGATTTTGCTCCGT	1	1	0
TGCCGGTAGGAATAGA	1	1	0
AGAGAGACCCCTTGGT	1	1	0
TCCGCTGTTTCGCTGG	1	1	0
AATGGCGTATGACCGA	1	1	0
CACAACCTATTGGGCC	1	1	0
CCATGCATCGACTCCT	1	1	0
AGTAATGGCACAAGGC	1	1	0
TGCTGACGCTCGATGC	1	1	0
AGCAACGCCGGAATTT	1	1	0
ACCTGAAGGTATGAGT	1	1	0
CGAGGCTATGATGCCC	1	0	1
GGCTATAACTTCTGGA	1	1	0
CTTTGGACCCGTGTTT	1	1	0
GCCTTGTGGTTTACGT	1	1	0
CTCTGCGTTTAAACTG	1	1	0
GTGTCACCTTATCTGT	1	1	0
TGTTATCAGAGAATTG	1	1	0
TGGTTAACGATTTACC	0	0	0
ATCGTAACACGTATAC	1	1	0
TAGTAGCCGATTAGAC	1	1	0
TGAATAGGCTTCTTCG	1	1	0
CTCACATCACGAAACG	2	2	0
TGAATCCTCCCTTCAG	1	1	0
CTTTATCCAAGATTGT	1	1	0
GGACTTCTATCAGCGC	1	1	0
ATACACCCGGGAACCT	0	0	0
GGACTTCTCATCTCCC	1	1	0
CTGTTAAATGACGGAC	1	1	0
GATTACTTGAAGTGCC	1	1	0
AATCCGGCCTTACGGG	2	2	0
AAACAAACCGTACCTA	2	2	0
GCCAACATATACCCAG	1	1	0
CTGCGATGCGTAGAAG	1	1	0
TCCGACACCTTCAGGT	3	3	0
GTGTCACCATTCGACG	2	2	0
CGAAGAAGCTACTTGT	1	1	0
ACAGATAAAAACTGGT	1	1	0
ACTAATTGGTCATATT	1	1	0
AAACTGTGGGCCCTTA	1	1	0
TCGTTCCCAAGCTTCT	2	2	0
AAATTCCGGTGTCGGA	1	1	0
AAAGCCCGAGGATTCA	1	1	0
AATATGACCTTGGTGT	2	2	0
CTACGGGAGCAAGGAC	1	1	0
TAGATCAATGCGTATC	1	1	0
CCTATTTACGCCTTGA	0	0	0
GTATACGTTGCGACAG	1	1	0
AAAGCCCGTGCTCCGT	1	1	0
TGTTATCACTAGATTG	0	0	0
ACCAGTTTTGCCTCAC	1	1	0
CCGATACGCTGCGTTG	1	0	1
AAGTTGTCTACAAACT	1	1	0
ACTCGGAACGGCTTAC	1	0	1
AATCCGGCGCGTTGCT	1	1	0
TACGTTCGGGCCTAAG	1	0	1
TCTATTCCCTTACGGG	2	1	1
ACAAAGATCATACATT	1	1	0
TATCCACGAATGACCC	1	1	0
GTACGGACAAACTGGT	2	2	0
ACTCGGAAAAGCGTAC	1	1	0
AAATAGCAAAACTCGA	1	1	0
AACGGTAGTCCAGTCC	3	2	1
CATTCATTTCCGTCCA	1	1	0
GGAGGTTTTCGAAGCT	2	2	0
GATTGGGATGTAGTTT	3	3	0
CTTAGGCCCGTATTTC	1	1	0
GTCAGGTTATCTTTGT	1	1	0
TAGTCTCTCTTCGATT	1	1	0
CTGAAGGGTGTACACG	1	1	0
GTAAGCCGAAGTAATC	1	1	0
GCGTATTCTGAGGTCT	0	0	0
GATTACTTCGAGATGT	1	1	0
TCGTTCCCTGTACACG	1	1	0
CGAAGAAGGTTCTGTT	2	1	1
CTGTGACCGGTCTGAC	2	2	0
ACTCATACTCCAGTCC	1	1	0
AGAAAGTGATATACCT	1	1	0
AGACCTCACTGGTGCA	1	1	0
GGTCTTTCTTGTTTAC	0	0	0
AAATAGCATGCGACAG	1	1	0
TACCCTGCCACAACAG	1	0	1
AGAGGTGCGTTCAACT	1	1	0
AACGTTACCACAAGGC	1	1	0
ACCAAGGGAGCGAAGT	0	0	0
TCGACTGCTAACCATC	1	1	0
GCACTCAGATGCATGG	1	1	0
ACTAATTGCCATTACT	1	1	0
GTCAGACCGTTTACGT	1	1	0
AATCGTTCAGCTACGG	1	1	0
GTCCGTCAAAGCTTCT	1	1	0
CCAGACAGCCACATTA	1	1	0
ACTGCTGGCGCTCTCA	1	1	0
CCGTAGCTCCATTACT	1	1	0
GTCAGGTTTCGGTTTA	1	1	0
CTTTCACTCGTAGAAG	1	1	0
CCCGTTCTACGTATAC	1	1	0
TACCTAAGTAGAAATG	1	1	0
GATGGTTAGGCTACTA	1	1	0
AAGAGTATAGATGGCT	2	1	1
GCACTCAGCTTGGTGT	0	0	0
ATCAATCGTAAGACGG	1	1	0
CGTCGAATTTGATTCT	1	1	0
TCCGACACAAACTCGA	2	2	0
CTGGGTATAACCTGAC	1	1	0
AGTTGCGGCGCCTTGA	1	1	0
AATACATCAGCTACGG	1	1	0
CATTCATTGTCAATAC	2	2	0
GCGTATTCCGCTCTCA	1	1	0
GCCTTGTGCCATTACT	1	1	0
AAGGGACCTACCAGGC	0	0	0
CTGCTAGAACTGCCGT	1	1	0
CGTACCGACTTACGGG	1	1	0
AGCTCCACGGTTTCTC	1	1	0
CGAAGAAGTCGAAGCT	1	1	0
GCTTCTCCTCCAGTCC	1	1	0
ATACTCTCTTCCGAGT	0	0	0
GCATCACTTAAGACGG	2	2	0
AACAGCGGCTTACGGG	2	2	0
GGCTATAAGGCCTAAG	1	1	0
ACAGATAACCGCTGTT	4	3	1
ATACTCTCCCATTTGA	2	2	0
AAGTTGTCGTCCATGT	1	1	0
CTGAGCGTCGGCTTAC	1	1	0
GGGAGATGCTTACGGG	1	1	0
CTGCGATGGCCAAGAT	1	1	0
CGGACTAACCATTACT	1	1	0
CGATCCAACGGAATTT	1	1	0
AACGCCAAATTCCTTG	1	1	0
ACCAAGGGCTGTTCTT	1	1	0
GGTTGAGACCACATTA	0	0	0
ATCCCACCCTAGATTG	2	2	0
CATGACGAGATTAGAC	2	2	0
ACCGTCGAAAGCTTCT	1	1	0
CTCACATCTTCGTTCC	1	0	1
CGATGGCACTGAGTGC	1	1	0
CTGTTTCCGGGAAGGT	1	1	0
AGAAACCATACGTGCT	1	1	0
TGAGCACAACGTATAC	2	2	0
CTAACGCCCACAACAG	1	1	0
TATCTGTCTTGATCTA	1	1	0
CTCACATCCAGTTTGC	1	1	0
CCTTTACAGAGAATTG	1	1	0
GCCAAAGCCTGTTCTT	1	1	0
TATCCACGTTCACATA	1	1	0
CTTAGTGTTAACCATC	1	1	0
TCCCTGGATTGTCGCC	2	2	0
GGAGTAAGATCCGCTA	1	1	0
GAATGCGCGTTCAACT	1	1	0
GCTACCGTGTCGTCGT	1	1	0
AAGAAGGTCACAGTTT	1	1	0
CATTCATTTCGACGGT	1	1	0
ATCAGGGATGCCTCAC	1	1	0
CTCCCAAATATTGCCT	2	2	0
CCACGTTGTCATATGG	1	1	0
CCGTCTTATCCTTATT	1	1	0
GAAAGACAAACCTGAC	1	1	0
TCCTATATCCCTTCAG	1	1	0
TGACGTCGCGGGCTTT	1	1	0
AGGACACATGCCTCAC	0	0	0
CCATATGATTGAGGGT	1	1	0
ATCCCACCTTTAACAG	0	0	0
CGATGGCAACTAGCCA	3	2	1
CTGCGATGATCAGCGC	1	1	0
ACAATCTTGACGATGG	1	0	1
GGCCCAATCCCTTCAG	1	1	0
CGTGCAACCTCTTGAC	1	1	0
ATTGAAGTGTACCTTG	1	1	0
CGAACCGATTCACATA	1	1	0
ACCCTCAATAGTGGAC	1	1	0
CTGAAGGGTAGTGGAC	1	1	0
CTCTATAGGAGTTCAC	1	1	0
AGTTGCGGTCGAAGCT	2	2	0
AGCGTGGTGATTTACC	1	1	0
AGTGCTTCTAGAAATG	0	0	0
AAACACTAGCTCTAGT	1	1	0
GAGGGTCATTTGGGAG	0	0	0
CTTTATCCTTGCATAT	1	1	0
CAAACATTATATCTTC	1	1	0
CATGACGAAGCTATGA	0	0	0
TCTATTCCTTATAGCC	1	1	0
TCCTATATGGCTACTA	1	1	0
ACGACGACCGTACCTA	1	1	0
GGAGGTTTTGCTCCGT	0	0	0
GGCGACAAAGCTACGG	0	0	0
GATTACTTTAAGACGG	1	1	0
CGAGGCTAGATGTGAG	1	1	0
CATTCATTGAATTCGT	1	1	0
ACTAATTGGACAACTT	2	1	1
TCCGACACTGCCTCAC	1	1	0
CTGTGACCTTCGGCCT	1	1	0
GCTACCGTTGAGGTCT	1	1	0
GTGTCACCTTTGTGTC	2	2	0
ATTCTGAGGCTCTAGT	1	1	0
AGGAGTCGACGGTAGC	1	1	0
CTTTGGACATATACCT	1	1	0
CCTTTGTCTTAAGCGT	1	1	0
ATCCCACCTGACCCTC	1	1	0
ACTCGGAATTGCACGC	0	0	0
CCAGACAGTCGACACC	1	1	0
GGTAAATCAGGATTCA	1	1	0
GCTATGGGGCTCTAGT	1	1	0
AAGGGACCCGCTCTCA	1	1	0
TACCTAAGATGACCGA	0	0	0
GGTTGAGAAACCTGAC	0	0	0
CCGATACGGGTTTCTC	1	1	0
AGAGGTGCTGACCAGT	1	0	1
ACTGGTCAAATGAATG	1	1	0
AGCTCCACGTTAACCA	1	0	1
AGCATGCCTCGACACC	2	2	0
AAACCGCCTTTATCAC	1	1	0
CCAGCGAATAGTGTTT	1	1	0
GCACTCAGTTGTCGCC	1	0	1
GTGCGAAGTGGCCTGT	1	1	0
CGTACCGATAACCATC	0	0	0
GGTTACACCGTCAGCA	1	0	1
GCATCACTTGATGCCC	1	1	0
GTGCGAAGAGGATTCA	1	1	0
TCGACTGCCCCAAGCA	1	1	0
TATTAGCGGAACGATT	2	2	0
CTGTTAAAAGCAGAAC	1	0	1
TGCGACTAGTTTACGT	1	1	0
CTGTTAAAGTGGAGCT	1	1	0
ACAAGTAGGCAACCTG	1	1	0
TACCTCCCAGTGAAAG	1	1	0
TCGTTCCCAGCAGAAC	2	2	0
TGGGAATTAAACCTCC	1	1	0
TAAGGGCCGAAGTGCC	2	2	0
AGTAATGGTGTACACG	1	1	0
TCGACTGCGTCGTCGT	1	0	1
ACCTGAAGCCGCTGTT	1	1	0
CTGTTAAAGTCTCTCT	2	2	0
CGTCGAATATCCGCTA	1	1	0
AAACTACAAGCGCGAT	1	1	0
GCAAACTGGTGGATGG	1	1	0
AACAAATGAAACCTCC	1	1	0
AGGCAATACTTACGGG	2	2	0
CGTGTGTTCTTACGGG	1	1	0
AAACAAACTTGATTCT	1	1	0
TAGATCAATCGACGGT	0	0	0
ACTAATTGAACCTGAC	1	1	0
CTTCTACGCCACATTA	1	1	0
CCACCTCTTCTCAACC	0	0	0
ATCAGGGAAGTGAAAG	1	0	1
CATGCTGCCACTCCTC	1	1	0
GGTAAATCGCTTTCCA	1	1	0
TGCTGACGCACTCCTC	2	2	0
GAAGATATGGGCCAAT	2	2	0
AGAAAGTGGCTCTAGT	0	0	0
ATAAGCTACCTATTCA	1	0	1
CCGATACGGAAAGACC	1	1	0
ACGGTTGGTACCAGGC	1	1	0
CCATCGTCTTATAGCC	1	1	0
TACGTTCGTGTGCTCA	0	0	0
TCGTTCCCAAACAGGG	1	1	0
GTCCACTAGGGAAGGT	1	1	0
ATTTCCATGATTAGAC	2	2	0
AAGGGACCCACTTTCT	2	2	0
AAATAGCAAACCTGAC	1	1	0
TAGGTACGGAACGATT	1	1	0
AAGGCGCTCGAGATGT	1	1	0
CTGTCGCATCGGTTTA	1	1	0
AATACATCAAACTGGT	1	1	0
AACGCCAAGTCCAAAG	1	1	0
TACCTCCCCTGAGTGC	2	2	0
AAACTACACGAGATGT	2	2	0
AGGCGTTTACTGCCGT	2	2	0
GCAAACTGAAGCTTCT	1	1	0
CGGTGAGTGCGTTGCT	1	1	0
CCGTCTTAGTACCTTG	1	1	0
GAGGAGTGCCCGACTT	1	0	1
CATTCATTAAGCGTAC	1	1	0
AACAGCGGCTCCGCAT	1	1	0
AGAATCAACGGGTAGT	1	1	0
AAGCTCCTGCTCTAGT	1	1	0
GGGCATCACGCTCTCA	1	1	0
CCCTCTTGTATTGCCT	1	1	0
ATACTCTCTACCAGGC	5	5	0
ATCCGCATGCGCATTC	1	1	0
CGTTTCGTCGTCAGCA	2	2	0
AGCAACGCGATGTGAG	1	1	0
GTACGGACTTTGGGAG	1	0	1
CGTTTCGTACTCACCG	1	1	0
AAGTATTGGCAGGGTA	2	2	0
GCCAACATTGAAATGA	1	1	0
ATCGCGCTGCTCTAGT	1	1	0
CTGTTAAATTGAGGGT	1	1	0
ACTCATACTAACCATC	0	0	0
GTTGTCCGCCCGAATG	3	2	1
CACTAACCCCGCTGTT	1	1	0
ACGTAAACAAGATTGT	1	1	0
AGCAACGCATGACCGA	1	1	0
AGTTGCGGAAACCTCC	1	1	0
GTCTTCCTGACAACTT	1	1	0
ATGCGGAGCCAGCAGT	1	1	0
TGCACCAGCTACGAGC	1	1	0
GGTTAGGGTCGGTACG	1	1	0
CCAGCGAAAACCCTTG	1	1	0
TGACGTCGGACAACTT	0	0	0
TCTGATTTCTTACTCC	1	1	0
CGTTGCCTAGACACCA	1	1	0
ATACTCTCGTTACGAT	1	1	0
AGTAATGGGCAAGGAC	1	1	0
TAGCCACACCGCTGTT	3	3	0
CATTCATTTACTTGTG	1	1	0
GTCAAGAGTGCTATTT	1	1	0
AACAAATGCGCTAATA	0	0	0
GTCAAGAGCGCCTTGA	2	2	0
GGAAGTCCATATACCT	1	1	0
TATGTGAAGAGTTCAC	2	2	0
GAGCGGAAGCACCTCT	1	1	0
CTACGGGAGATTAGAC	2	2	0
GACACCTGTGCGTATC	1	1	0
ACGTAAACGAATACGC	1	1	0
GAAGATATAACCTGAC	1	1	0
TCGCAATCCGACTCCT	1	1	0
AGGACACATCCAGTCC	1	1	0
GAGGAGTGAATTCCCA	1	1	0
CACTAACCCCCTAACC	1	1	0
ATTTCCATTTAGTCCG	2	2	0
CTGAAGGGGACAAAGG	1	1	0
TATTAGCGACAGCGGA	1	1	0
GGCACTTCATGACTTT	1	1	0
CGAAGAAGATACCCAG	1	1	0
AAAGAGGCCAGATTAC	1	0	1
ACTAATTGATCCGCTA	2	2	0
ACAGGCCAATCAGCGC	1	1	0
TCGGTCATGAACGATT	1	1	0
ACTACCCGTACAAACT	1	1	0
GATTAAAGTCTGTGGT	1	1	0
AGTCCGTGAATCGGGT	1	1	0
CTGTTTCCTAGAAATG	0	0	0
ATCGCGCTATGTTGGC	1	1	0
GTCAGGTTCGTCAGCA	2	2	0
GTAAACAACCTGACAC	1	1	0
GTCCTTGCTAACCATC	1	1	0
AGGGACTGCGACTCCT	1	1	0
CCCGTTCTAGCAGAAC	2	2	0
TAACTTCTCTTCGCAC	1	1	0
AGTAGTTAGGAATAGA	1	1	0
CGGTGAGTCTCCGCAT	2	2	0
CCCTCTTGTGCCTCAC	1	1	0
GATTTCCCTCATGAGG	2	1	1
GAATCCCAGTTCAACT	1	0	1
GAAGATATGTTACGAT	1	1	0
AACGTTACCAGACCAT	1	1	0
GCTTCTCCACGCAGAG	1	1	0
AACGATTTTGACCCTC	1	1	0
ATGACTTGGGGAGGTA	1	1	0
ACCAGTTTGCCTCTTT	1	0	1
AAGCCTTCAAACTCGA	1	1	0
AACGGTAGTAACCATC	1	1	0
GCAAACTGTGACCCTC	1	1	0
CGTGGGATTCCCTGAT	1	1	0
GGTAAATCCTTCAGGT	1	1	0
CTTTGGACAATGAATG	1	1	0
AAGAGTATCCCAAGCA	1	1	0
ACCTTCCCGGTTAGTG	2	2	0
AATCGTTCCCATTTGA	1	1	0
CTCCTCCAACCCATAT	1	1	0
GGGAGATGTTGGATCG	0	0	0
CTTAGTGTAGCTACGG	1	1	0
TCTAAACTGGCATGCT	1	1	0
ATGCATATTAGCCTCG	1	1	0
CGAACCGAGTCAAAGA	2	2	0
ACTAGAGCTTGGACTT	2	1	1
CGTGTGTTACGCTCAG	1	0	1
GAATCCCAAAACTGGT	1	1	0
CGTTTCGTACGTATAC	1	1	0
ATATGCAAAACCTGAC	1	0	1
AACGCCAATACTTGTG	1	1	0
CCAGACAGGTTACGAT	1	1	0
AAGGGACCATGGATTA	2	2	0
GGAACGAATTTGTGTC	1	1	0
AGCAACGCTCTAGCAG	1	0	1
GTGTCACCTTGATTCT	1	1	0
GGTGTCGACACTCCTC	1	1	0
CACTAACCCTTCTGGA	1	1	0
ACGGTTGGACTGAGTT	1	0	1
ACGGAGCACAGTCCCT	0	0	0
GCACTCAGACCCATAT	1	1	0
CACAAGTATAGTCTAG	1	1	0
ACATCTCGGCCGGATT	1	1	0
GTGTCACCTTGGACTT	2	2	0
CGATCCAACGCTCTCA	1	0	1
ATACTCTCGGCTACTA	0	0	0
TGAATAGGCTAGATTG	0	0	0
AGTTTGTACCCATCTG	1	1	0
AGAGGTGCTGGGATTC	1	1	0
CCATGCATGCAGCATG	1	1	0
AAGTCGGGACGCCATT	1	1	0
AGGACACAATTCAGTA	1	1	0
CCATCCACGAAGTGCC	1	0	1
GAAGATATTTCCGAGT	1	1	0
CTGCGATGCGTATCGG	2	2	0
AGGACACAATTCCTTG	1	0	1
CATGACGAGCGTTGCT	1	1	0
TGCTTCATTAACCCGT	1	1	0
TGAGAGCGCAGTTTGC	2	2	0
AAACTACAGATGTGAG	1	1	0
GTCTAATCCGTCAGCA	1	1	0
CTCCTCCACGAGATGT	0	0	0
GAAGATATCCACATTA	1	1	0
ACAATCTTTTTATCAC	1	1	0
AATACATCCCTGTTAT	0	0	0
AGCAACGCGATTAGAC	1	1	0
TCAGCCTCCAGGTGTC	1	1	0
AGTAGTTACAGATTAC	1	1	0
TGAATAGGCTACTTGT	1	1	0
AAAGCCCGTGGCCTGT	1	1	0
AAGCCTTCTACAAACT	1	1	0
CAAACATTGTCTCTCT	1	1	0
ACAGATAACCGTGTTT	1	1	0
GAATCCCAGTTACGAT	1	1	0
CCAGACAGTAACTACT	1	1	0
AATGTATGATTCCTTG	1	1	0
CTGTCGCATCACGTTT	2	2	0
TGGACGGAGCATGGGT	1	1	0
AACAGAACCCTGACAC	2	2	0
TGGTGTCTGGTTAGTG	1	1	0
AATATGACTTCGTTCC	5	5	0
CTTTATCCCGGCTTAC	1	1	0
AACAGCGGTTGGATCG	2	2	0
AAGTTGTCAAACTGGT	2	2	0
GTCAGGTTTTCACATA	1	1	0
AGGACACAGTAACGTT	1	1	0
CGTTGCCTGAACGATT	2	2	0
TCATTTCAATTCAGTA	1	1	0
AATGTATGCAGATTAC	1	1	0
TGAGCACATGGGATTC	1	1	0
GTCAGACCAATGAATG	1	1	0
GTCTTCCTAATGTTTG	1	1	0
ACGGAGCAGTACCTTG	0	0	0
CTTAGGCCCTATAGAG	1	1	0
TACGCGAGCACTTTCT	1	1	0
AATAAGGATTATCTGT	1	1	0
TACCGCTCCTGTCTGG	1	1	0
TATGTGAAAGTGAAAG	1	1	0
CTCCTCCAAGGAAGAC	0	0	0
AAAGAGGCGCCGGATT	1	1	0
ACCCATGCCGACTCCT	1	1	0
ATGACAACTTTGTGTC	1	1	0
GTCCGTCAATGCGGAT	1	1	0
GCTTCTCCCTTACGGG	4	4	0
GAGGAGTGGGGCCAAT	1	1	0
GTCAGGTTAGACACCA	1	1	0
AAAGAGGCAAATGTCG	1	1	0
TCCGCTGTATGACTTT	2	2	0
AGCTTCGACGTGCTAG	1	1	0
AGTAATGGTTGCATAT	1	1	0
CCTTTACAGGGCCAAT	1	1	0
AATCGTTCGGAGAAGC	0	0	0
AAATTCCGGTTCAACT	1	1	0
AAAGCCCGTTTACCCT	1	0	1
CTGCTAGAGGATAAAG	2	2	0
AGCTCCACCCTCGTCT	1	1	0
TGTTATCAACACTAAG	1	1	0
AATCCGGCGAGAATTG	2	2	0
TATGTGAACTTCGATT	1	1	0
AGGCAATAACGAAACG	1	1	0
GTCTAATCGTCCAAAG	1	1	0
GGTTGAGAAGTTTAGA	1	1	0
ACGGAGCATGAGGTCT	1	0	1
TCAAGGCGGACAAAGG	1	1	0
TCATACCACGAACGTA	1	1	0
CGTGTGTTCAACAAAT	1	1	0
GGGATTACCACTTTCT	1	1	0
CCCTTGCAAGAGACTA	1	0	1
TACGTTCGCACAAGGC	1	1	0
GGGTCTAGAGCTATGA	1	0	1
TACGTTCGAGCGCGAT	1	1	0
ATACTCTCTCCAGGGA	1	1	0
CTGTTTCCAAGGTAAT	1	1	0
ACGGAGCAGCTTACCT	1	1	0
GTCAGGTTCCAGCAGT	1	1	0
TCTGATTTGTAATCCC	1	1	0
AAGAAGGTATCAGCGC	1	1	0
ACTCATACTGCCTCAC	1	1	0
CATTCATTCCTATTCA	1	1	0
TCGACTGCGTGTAACC	1	1	0
TAATCCATATACCCAG	1	1	0
CAATTCTCGCTCTAGT	1	1	0
AGCAACGCTGTGGCTA	0	0	0
CGACATTTAGCTACGG	1	1	0
ATATGGGTACGAAACG	1	1	0
GGCACTTCGTGGAGCT	1	1	0
CATTCATTTGATAACA	1	0	1
GACACCTGCGTATTTC	0	0	0
TCGTTCCCCGGGTAGT	1	1	0
CACAAGTAATTCAGTA	1	1	0
TAATGTGGAACCCTTG	0	0	0
ACCTTCCCCACAACAG	0	0	0
GTCAGACCAGCGCGAT	1	0	1
GATGGTTAAATCGGGT	1	1	0
AGGTAAGCAGGTTGTG	1	1	0
GGTAAATCCTACTTGT	1	1	0
CCATATGAGAAGGCTT	0	0	0
AAACCGCCTGCTATTT	1	1	0
CAGTTTAATTAAGCGT	1	1	0
AGCAACGCTACAGCCG	1	1	0
ACCCTCAAAGATGGCT	2	2	0
TACCTCCCAAAGCCTA	2	2	0
AGAGAGACTAGTCTAG	0	0	0
AATGGCGTATACCCAG	1	1	0
ACCAAGGGCGTGGATA	1	1	0
AGCACGTAACAGCGGA	0	0	0
ACAGGCCACGAACGTA	1	1	0
AGTAATGGTTGTTTAC	1	1	0
TCTTTGACGTCCAAAG	1	1	0
ACCCATGCAAATCGTT	1	1	0
AGCTTCGAGGCGTTAG	1	1	0
AAGAAGGTTAGTGGAC	1	1	0
TGGCTAGTCGCTAGTC	0	0	0
GCACTCAGTACAGCCG	1	1	0
ATTTCCATGATCGTTT	2	2	0
CCGAGATCGATCGTTT	1	1	0
AGCCATCTGGACTTCC	1	1	0
CACTTGATGGTGACAC	1	1	0
GAGAAACCGTGTAACC	0	0	0
TGCCGGTACGTCAGCA	1	1	0
ACGCTTAAGGATAAAG	1	1	0
ATACACCCAAACAGGG	1	1	0
AGAAACCATTGGCGTT	1	1	0
AGGCGTTTTTATCTGT	1	1	0
ACGGGTTATCCTTATT	2	2	0
TCATACCATTGGCGTT	0	0	0
TCAGCCTCACTTCAAT	1	1	0
CTGAAGGGTCCGTCCA	1	0	1
ATGACAACGTTGTCAT	1	1	0
CCATGCATATACTCTT	1	1	0
AGAATCAACCATTACT	1	1	0
TACCTCCCAACAATCC	1	1	0
GAAAGACATCGACACC	1	1	0
GGCACTTCCGACTCCT	1	1	0
TCGCAATCTCTCAACC	1	1	0
GGTAGCCATCGGTTTA	1	1	0
CTGGGTATGAGAATTG	1	1	0
AGACCTCACGCTAGTC	1	1	0
TGGTGTCTTACAAACT	0	0	0
TCGTTCCCCGGAATTT	1	1	0
AAGGATGAGAAGCACT	1	1	0
GTCAGGTTTCGACGGT	2	2	0
TACCCTGCGGTCTGAC	1	1	0
CCCTCTTGGAGAATTG	1	1	0
TACCGCTCTGGCTACC	2	2	0
GAAATACGGGCTACTA	1	1	0
TAATGTGGCTTTAATC	1	1	0
CTGCGATGAGATGGCT	1	1	0
TATCCACGGGCATGCT	1	1	0
GAAGATATGGCATGCT	1	1	0
AAGTCCAAGTCTCTCT	0	0	0
TGCTTGGGCACAACAG	2	2	0
GTATTGACAGGAGCTT	1	1	0
CGAAGAAGACGGTAGC	1	1	0
AGTAGTTATCTGTGGT	1	0	1
CTGTTAAAGGTCTGAC	1	1	0
AGAATCAAGAAGCACT	1	1	0
ATTTCCATTTGTTTAC	1	1	0
GCTTCTCCTTATCTGT	1	1	0
CATGACGAGTCTCTCT	1	1	0
AGTAATGGCCCATCTG	1	0	1
AAACGATCTTAGTCCG	0	0	0
GTGTCACCGCGCATTC	2	2	0
GGTCTTTCTGGCTACC	1	0	1
CTTAGTGTGGTGGGAT	2	2	0
GTATACGTAAACTGGT	1	1	0
CAAACATTTACAAACT	0	0	0
TACCTCCCCTCGATGC	1	1	0
TGGGAATTATGACTTT	2	2	0
CTCCCAAAATCTTTGT	1	0	1
AGACCTCAGTCCATGT	1	1	0
CTGCTAGAACGTATAC	1	1	0
ATGGGCTCGCGTTGCT	1	1	0
AAACTACAGCAGGGTA	1	1	0
AAACTACACCGCTGTT	1	1	0
GACACCTGTTGCACGC	1	1	0
GCGTATTCGCCACATC	0	0	0
CGTTGCCTAAAGCCTA	1	1	0
CAATCTAGGCTCTAGT	1	1	0
CTCACATCCCCAAGCA	1	1	0
AATGGCGTAACCTGAC	1	1	0
CCGAGATCGAAGGCTT	1	0	1
AACAAATGTCCCAATC	0	0	0
AGGGACTGTGTGGCTA	0	0	0
GCTTCTCCCTCTTGAC	0	0	0
TACCTCCCCATCTCCC	1	1	0
GTGTCACCTTTACCCT	2	2	0
GATACGCAAGGCAGTT	1	1	0
TGTTATCATTGTTTAC	1	1	0
CGTTTCGTGAAGCACT	1	1	0
CCCTTGCAGAGAATTG	0	0	0
ACTTCGCTCACAAGGC	1	1	0
GAGGGTCAGGAATAGA	2	2	0
ACTAATTGCCTCGTCT	0	0	0
GGAGGTTTGCAGGGTA	1	1	0
GCCAACATCTGTCTGG	1	1	0
ACGCTTAATGCTCCGT	1	0	1
ATCTTGGCTCTAGCAG	1	0	1
ACAAGTAGCACGGACT	0	0	0
GTAATCTGCGGCTTAC	0	0	0
ACCACAGATTTATCAC	2	2	0
GTATACGTGTTGTCAT	1	1	0
TAGATCAAGAGGCTGA	1	1	0
CAGTTTAAGGCTACTA	1	1	0
CGAAGAAGATATAGGA	1	1	0
ATGGTCTGTAGAAATG	1	1	0
AATCGTTCCTACTTGT	1	1	0
AGAAACCAGTTTACGT	1	1	0
AGAAAGTGATCAGCGC	1	1	0
ACGGAGCATTATCTGT	1	1	0
GTGTCACCCTAGACCC	2	1	1
TAGATCAACCATTTGA	1	1	0
TCAAATGGGAACGATT	1	1	0
CTCAAACATACCGGCA	1	1	0
CTGCTAGATCGTCATG	1	1	0
GGGAGATGGTCTCTCT	1	1	0
GAATGCGCCGGGCTTT	0	0	0
ATTATTCGGAACGATT	2	2	0
ATCGCGCTCGTATTTC	2	2	0
GTGCGAAGGATTGCGA	1	1	0
AAGGATGATGGGATTC	1	1	0
CAATCTAGTAACTACT	1	0	1
TCAGCCTCATCTTTGT	1	1	0
GCGCTGATCCGTGTTT	1	1	0
AGCAACGCAGGATTCA	1	1	0
ACAAGTAGCGACGTCA	1	1	0
CATTCATTAACCCTTG	1	1	0
GATACGCACCCTTCAG	1	1	0
ACAATCTTCGAACGTA	1	1	0
CGGCTGTATGGTATGA	1	1	0
GATGGTTAGCAGGGTA	0	0	0
GATTGGGAACCACGCT	0	0	0
GCGTGCAACGGCTTAC	1	1	0
GTATTGACTCCTTATT	1	1	0
TACCCTGCACTGCCGT	1	1	0
ACCACAGAAAACCTCC	1	1	0
AGGACACACGTCAGCA	1	1	0
CTCTATAGTGGTATGA	1	1	0
CTGCGATGTGTGCTCA	0	0	0
ATCAGGGACATACATT	1	1	0
TGCTTGGGCCCAAGCA	1	1	0
CTAACGCCGAAGCACT	1	1	0
GGACTTCTCGGCTTAC	1	1	0
CTTAGGCCGGTCTGAC	1	1	0
TAGGCTTTCGTAGAAG	0	0	0
ACTTCGCTCGAGATGT	1	1	0
ACAAGTAGAATCGGGT	2	2	0
ATCGCGCTTTCGCTGG	1	1	0
AAACCGCCTCTCAACC	1	1	0
CTGCGATGTAAGACGG	1	1	0
TGCTGACGCCATTTGA	1	1	0
GTATACGTCTGTTCTT	1	1	0
TCGTTCCCCTAGATTG	1	0	1
AATCGTTCGAAGTGCC	1	1	0
AAGTTGTCGTAATCCC	1	1	0
ATCCCACCCCTATTCA	1	1	0
GAAAGACAAAGTAATC	1	1	0
AAACAAACCGGCTTAC	0	0	0
TCAGCCTCACCCATAT	2	2	0
CAATCTAGGATGTATT	0	0	0
AACTGCCTGGGAACGA	0	0	0
GCTACCGTGGCTACTA	1	1	0
TCGTTCCCTTAAACTG	0	0	0
GGCGACAACATCGCAG	1	1	0
AACGTTACTTGTTTAC	1	0	1
AAGGGACCAAGCTTCT	1	1	0
CCTACGCTGGTTTCTC	3	3	0
TAGTAGCCATTCAGTA	1	1	0
GGTAGCCACGCCTTGA	1	1	0
AATAAGGAGATCGTTT	1	1	0
GGACTTCTGTTCTGTT	1	1	0
GCGTATTCTTAAGCGT	1	1	0
TGGACGGAACGTATAC	1	1	0
AATCGAAGAGCGCGAT	1	1	0
CTTAGGCCCGTCAGCA	0	0	0
AAACACTAGTACCTTG	1	1	0
CGTGGGATCTTACGGG	2	1	1
CGAAACTCCCATTTGA	1	1	0
CAGTTTAACTGTCTGG	1	0	1
TAGGCTTTCCATTACT	1	1	0
ACTCATACAATGAATG	1	1	0
TCAGCCTCTACAAACT	4	4	0
CTTAGGCCCTACTTGT	1	1	0
TACCGCTCCAATACTT	1	1	0
TGCTTCATTAACCATC	1	1	0
GTATACGTCTTACGGG	0	0	0
GTACGGACCGTCAGCA	0	0	0
GCGCTGATACCACGCT	1	1	0
GGACTTCTAGTGATGC	1	1	0
GAGGAGTGCTAGATTG	1	1	0
TAGTAGCCCCTCGTCT	1	0	1
CCATATGAGGTGACAC	1	1	0
GCCTTGTGAAATCAGA	1	1	0
CTGTCGCATTGAGGGT	1	1	0
AGGGTAAATTCGCTGG	1	1	0
CCATCGTCAGCTACGG	0	0	0
GGGAGATGGAAGCACT	1	1	0
TCTGATTTATCAGCGC	1	1	0
GGACTTCTAAGCGTAC	1	1	0
GTAAACAACCTCGTCT	0	0	0
ACCAACCCAAAGCCTA	1	1	0
AGCTCCACTTTGGGAG	1	1	0
ACCCTCAAGACAGATA	1	1	0
ATCTTGGCCAGTCCCT	1	1	0
ACCAAGGGGTTTGTTT	1	1	0
AAACCGCCGCTTACCT	1	1	0
GGATTGTTAATCGGGT	1	1	0
GGGTCTAGATTCGACG	1	1	0
AGACCTCAATTGGGCC	1	1	0
CACAAGTAATCCGCTA	1	1	0
AAACACTAATCTTTGT	1	1	0
CAAACATTCGACTCCT	1	1	0
TAGATCAAGTAATCCC	2	2	0
GTCCTTGCGTCAAAGA	1	1	0
GTCAGGTTGCTTTCCA	1	1	0
GGGTCATTGATTGCGA	2	2	0
GGTTACACTTGAGGGT	1	1	0
GGCTATAACTTAGGTA	0	0	0
TCGTTCCCGAGAATTG	0	0	0
TAGGCTTTGGCCTAAG	1	1	0
CTCAAACAAATCGGGT	2	2	0
CAGACTCGTAACTACT	1	1	0
AATAAGGATTTAACAG	1	1	0
GATTTCCCTGATGCCC	3	3	0
TACCGCTCTTAAGCGT	1	1	0
ACACCAAGGTCTCTCT	1	1	0
ACTAATTGCAGTCCCT	1	1	0
GAGGAGTGCAAGAGGG	1	1	0
GGGCATCACCCAAGCA	1	1	0
GCATCGAGTCCAGGGA	1	1	0
GTGCCCATAAGATTGT	1	1	0
CCACGTTGGTCTCTCT	1	1	0
TCGCAATCTTTGGGAG	1	1	0
CGACATTTTAGTCGCA	1	1	0
ATACACCCAAATCGTT	1	1	0
TAGATCAAATGACTTT	1	1	0
AGTAATGGGGGAAATC	1	1	0
GTGTCAGGCAGGTGTC	1	1	0
TACCCTGCCGGGTAGT	1	1	0
CAGTTTAACAAGAGGG	1	1	0
CGACATTTGGAGAAGC	1	0	1
ACGGCAGTTCACGTTT	0	0	0
CAGACTCGGGACTTCC	1	1	0
AGCAACGCTAGAAATG	2	2	0
AATACATCGTACCTTG	1	1	0
CGTGTGTTTGACGGAC	1	1	0
CTTAGGCCAAACTGGT	1	1	0
TAACTTCTCTACTTGT	1	1	0
AGTCCGTGAGAGACTA	1	1	0
ACGAATTCTTGAGGGT	1	1	0
ATCCCACCAGGTTGTG	1	1	0
TCGACTGCTGTGTCCT	0	0	0
AGGCAATAAAGTAATC	1	1	0
ACCCGATTAGAGACTA	1	1	0
TAGTAGCCCAGTCCCT	1	1	0
AAGGCGCTATACTCTT	1	1	0
AATCGTTCGGTGGGAT	0	0	0
TGGACGGACACAACAG	1	1	0
GGTTGAGACGAGATGT	1	1	0
GTCTTCCTGCAAGGAC	3	3	0
GTGAGGCAGTTCTGTT	1	1	0
AGTTTGTATGCCATCG	0	0	0
TCCAGAAGCTATAGAG	0	0	0
TGGTGTCTGCCAAGAT	2	2	0
TCCTATATCCATTTGA	5	5	0
AGGGACTGAACCTGAC	1	1	0
GTCAGACCAGCGAAGT	1	1	0
ATACTCTCGCTTTCCA	1	1	0
ATTTCCATGATGTATT	1	1	0
AACGATTTTCTGTGGT	0	0	0
GTTACTAGAGCTACGG	0	0	0
TGAATAGGTGATGCCC	0	0	0
ACCCTCAACTTACGGG	1	1	0
AACGCCAATGCGACAG	1	1	0
AATATGACATTCAGTA	1	1	0
GGAGTAAGGAAGTGCC	1	1	0
ATGGTCTGAATCGGGT	1	1	0
CAATCTAGTACAGCCG	1	1	0
GGTAAATCTCGGTTTA	1	1	0
GGAACGAAATTCGACG	1	1	0
GAATCCCAACGAAACG	1	1	0
ATCCCACCCCCTAACC	1	1	0
TAATCCATCCAGCAGT	1	1	0
GGATTGTTATTCGACG	1	1	0
CCCTCTTGGGTCTGAC	1	1	0
GTATACGTGGAATAGA	1	1	0
GTCTAATCTAGTCGCA	1	1	0
AGGACACAGAGAATTG	2	2	0
GCATCGAGTCCTTATT	1	1	0
AGGAGTCGCTTCGATT	1	1	0
AACTCAGTCACAACAG	1	1	0
CCACCTCTAAACTGGT	0	0	0
AAACTGTGCAAGTCAT	1	1	0
CGAGGCTATCCAGGGA	1	1	0
AGAAGCTTCTTACGGG	3	2	1
CCCTTGCACTAGATTG	1	1	0
ACCTTCCCGGCGTTAG	2	2	0
TCCAGAAGTGCAAGGG	0	0	0
ACTGCTGGTGCCATCG	1	1	0
GAGAAACCTTAAACTG	1	1	0
GAAAGACAATATACCT	1	1	0
AAAGAAAGAAACCTCC	1	0	1
AAGTCGGGCCAACCGT	1	1	0
GTATTGACTGACCAGT	1	1	0
TACCTCCCATATGCAT	0	0	0
CCATCGTCCTACTTGT	2	2	0
TGCACCAGCTTCAGGT	1	1	0
GATTAAAGGATTTACC	0	0	0
ACCTTCCCGGCATGCT	1	1	0
AGTTGAACATCAGCGC	1	1	0
CTCCCAAAGAAGTGCC	1	1	0
CCGTCTTAAGAGGTGG	1	1	0
CTGAGCGTGTCCAAAG	1	1	0
CGATCCAATCTCACTT	1	0	1
CCCGTTCTCCAACCGT	1	1	0
ACGTAAACGCTTTCCA	1	1	0
AACGTTACGATGTGAG	1	1	0
CCACGTTGCGTATTTC	1	1	0
TAAACCGACGAGTCTG	0	0	0
AGAGAGACCCAACCGT	1	1	0
GTCTGGAAATGGATTA	1	1	0
GTGCCCATTAAGACGG	1	1	0
TGCGACTATGTGGCTA	0	0	0
CTAGCACGTTGGCGTT	1	1	0
GGTGTCGATAGTCGCA	2	2	0
ATTGGCCCAGAGACTA	1	1	0
CCACCTCTAACCTGAC	1	1	0
CCCTCTTGCACAACAG	1	1	0
CTTTGGACTGCAAGGG	1	1	0
GTCAGGTTACACTAAG	4	4	0
AACAGCGGCAATACTT	1	1	0
AGTGCTTCGCTTTGGC	1	1	0
CCGAGATCTAGCTTAT	1	1	0
CTGTTGTGTCTGTGGT	1	1	0
TGGTTAACATACCCAG	1	1	0
CTCACATCCGTGCTAG	1	1	0
GGCAAGGTGGGAAGGT	1	1	0
CGTACCGATAACTACT	2	2	0
AACAGAACTGCAAGGG	1	1	0
ATACACCCTCGACACC	1	1	0
CAAGGAATTCCTTATT	1	1	0
GATGGTTATCATCCTT	0	0	0
GTCAGGTTCTGGTGCA	3	3	0
TGAGCACAATGAAGCA	1	1	0
GAGAAACCTTTATCAC	1	0	1
ACCTTCCCGACAAAGG	2	2	0
CCATCCACGGTCTGAC	0	0	0
CTCCCAAATCTCACTT	1	1	0
TGAATCCTAAACTCGA	1	1	0
GTGGTGCTGAGCGGTA	1	1	0
TAGGTACGTGGCTACC	0	0	0
GGGTCATTGAAGCACT	1	1	0
TGCTGACGGATCTCGG	1	1	0
ATTGGCCCAACAATCC	1	1	0
AGTCCGTGCTTCGATT	1	1	0
CTGCTAGAGTTAACCA	1	1	0
GCCTTGTGATTTCCGG	1	1	0
CAGTTTAATACCAGGC	1	1	0
GGCTATAACTTACGGG	2	1	1
GCGCTGATACACTAAG	1	1	0
AGTTGCGGTCCAGTCC	1	0	1
AGTGCTTCATACCCAG	1	1	0
ATGACAACAGGCAGTT	1	1	0
TCGCAATCATCCCACG	3	3	0
AACAGCGGAACAATCC	1	1	0
TGCGACTATCGACGGT	1	1	0
CGGACTAATGTAGTTT	1	0	1
GGCACTTCATCCCACG	1	1	0
GCGTGCAACACAACAG	1	1	0
CTTCTACGCGGCTTAC	1	1	0
ACTGGTCATGTGCTCA	0	0	0
ATCGTAACGGGCCAAT	1	1	0
ACATGGACAGGTTGTG	8	8	0
AAACACGGGGCTACTA	0	0	0
CTAGACTAGAAAGACC	2	2	0
ACAGATAAACTAGCCA	0	0	0
AGCTTCGAAAACTGGT	2	2	0
CCGACTTTCCCATAGC	1	1	0
ATCCCACCGCTCTAGT	1	1	0
GTGAGGCAATCAGCGC	0	0	0
AATCGTTCCGAGTCTG	1	1	0
TACCTCCCCCCGACTT	1	1	0
ACGGAGCACCGCTGTT	1	1	0
GAATGCGCGCAGGGTA	0	0	0
TACCTCCCCGAATAAT	4	4	0
TAGTCTCTAAGCTTCT	0	0	0
GGCTTTGCTGAGGTCT	0	0	0
GCCTTGTGTTGGCGTT	1	1	0
AGCTCCACTAGCCTCG	1	1	0
AAACGATCTGGCCTGT	0	0	0
ACAATCTTATTCCTTG	1	1	0
TGCTTCATCCATTTGA	1	1	0
GCCTTGTGGACGATGG	1	0	1
AGCTCCACAAGCTTCT	3	3	0
AAGGCGCTAAGATTGT	1	1	0
ATGACAACACGTATAC	1	1	0
AATCCGGCGCTTTGGC	1	1	0
CGACATTTATCCGCTA	1	1	0
TACGTTCGATGACTTT	1	1	0
GGACTTCTCTCCGCAT	1	1	0
GTAAACAAAGCTATGA	1	1	0
TGAGAGCGACGAAACG	1	0	1
GACTAGCGAACTTAGC	1	1	0
ATCCGCATGACAAAGG	1	1	0
CCGGAAATGTGTAACC	1	1	0
TACCTCCCTAGTCTAG	1	1	0
GAAGATATAAGATTGT	3	3	0
CCATCGTCTATTGCCT	1	1	0
CCGACTTTGATTTACC	0	0	0
GGTAAATCAGCTATGA	0	0	0
GTATTGACTTAAGCGT	1	1	0
GTGTCACCCTCGATGC	1	0	1
TCCGCTGTTGAAATGA	1	1	0
GGCACTTCGTTTGTTT	1	1	0
ATGGTCTGGGGAAGGT	1	1	0
CATTCGGGCTTACGGG	2	2	0
CCATCCACTTCACATA	1	1	0
GTTACTAGTCCGTCCA	1	1	0
AATAAGGAGTCAATAC	2	2	0
CTCCTCCACTACTTGT	1	1	0
ATATGCAATAACTACT	1	1	0
ATTTCCATTGTTCCAG	1	1	0
ATATGCAAGGTCTGAC	1	1	0
CCGACTTTTGCGACAG	0	0	0
TACGCGAGCCATTTGA	1	1	0
AGCACGTATGCCATCG	2	2	0
CCGAGATCGTCAATAC	1	1	0
GACACCTGGGATAAAG	1	1	0
ACCGTCGAAAACTGGT	1	1	0
GCGTGCAATTGTCGCC	1	1	0
ATCGCGCTATATCTTC	1	1	0
GGCAAGGTCCCAAGCA	1	1	0
GAGAAACCGTATGAGT	1	1	0
AAACTACAGCAAAGCC	1	1	0
GTGATAAATCATCCTT	1	1	0
GGCCCAATCCAGCAGT	1	1	0
AAACCGCCCGGGCTTT	1	0	1
AGTCCGTGGAAAGACC	1	1	0
TGACGTCGCGATTGAT	0	0	0
CTGTCGCAGATTAGAC	0	0	0
TCGCAATCCTTGGTGT	1	0	1
CAAACATTTGTGGCTA	1	1	0
ACGGCAGTTTCACATA	1	1	0
AGCATGCCCACAACAG	1	1	0
GCACTCAGCAATACTT	1	1	0
CGTGCAACGTTCTGTT	1	1	0
GTCAGGTTTTGATCTA	1	1	0
AGTTTGTATGAAATGA	1	1	0
TGTTATCATTCGGCCT	1	1	0
GACACAAATAACTACT	0	0	0
GTGTCACCGTTCAACT	3	3	0
ATAGATGTAGCGAAGT	1	1	0
AGCGTGGTCTTTCTTT	1	1	0
ATTCTGAGCCCGAATG	2	2	0
CAATTCTCTTATCTGT	1	1	0
GTGGTGCTAAACTCGA	1	1	0
AGTTGCGGCCCGAATG	1	1	0
CCGTAGCTTGAAATGA	1	1	0
AGGTTCCCTCGACACC	0	0	0
TACCCTGCCCGCTGTT	1	1	0
ACGTAAACAATGAATG	1	1	0
TACCTCCCCTTCTGGA	2	2	0
GTCCGTCACGAGATGT	1	1	0
GGCGACAAGGCTACTA	0	0	0
TACGCGAGTTATCTGT	1	1	0
ATGACTTGGGTCACAG	0	0	0
GGCAAGGTGACAGATA	1	0	1
ATAACAGGGATTTACC	1	1	0
CTGGGTATAGATGGCT	1	1	0
TGTTATCAATGCATGG	1	1	0
GGGTCTAGGGCGTTAG	0	0	0
CATGCTGCTGTAGTTT	1	1	0
CGTTGCCTCCTACTAG	1	1	0
GTACGGACACCACGCT	0	0	0
ATATGCAACGTCAGCA	1	1	0
GCCTGGTAAAGCGTAC	1	1	0
CTGTCGCAATTCCTTG	1	0	1
CTCACATCCGATTGAT	1	1	0
GCCTTGTGCTTACGGG	1	1	0
AAACACGGCGGACAAC	1	1	0
AGGAGTCGTGACCCTC	2	2	0
AATATGACACTCACCG	1	1	0
TGAGCACACGTATCGG	1	1	0
TCTGATTTGCGTTGCT	1	1	0
AACGATTTTCCCTGAT	1	1	0
CTCACATCCTTTCTTT	1	1	0
GGGAGATGTCGGTTTA	0	0	0
GTGATAAACGCTCTCA	1	1	0
TCGAGTTTCGTATCGG	1	1	0
AAACTGTGAAGATTGT	1	1	0
ACTACCCGTAGTCGCA	0	0	0
AGAAACCAGAGCGGTA	1	1	0
GCCAAAGCTATTGCCT	1	1	0
GAAGATATGACAGATA	3	3	0
AACTGCCTTCTCAACC	0	0	0
AGCACGTACACAGTTT	0	0	0
AATCGTTCGCAACCTG	1	1	0
AACGGTAGTCACGTTT	1	1	0
GTAAACAATCTCAACC	0	0	0
ATTTGTTGATACCCAG	1	1	0
CCTTTGTCGGACTTCC	0	0	0
ATTCTGAGCAGACCAT	1	1	0
CTGTGACCGATCGTTT	1	0	1
GGATTGTTGAGTTCAC	1	1	0
ACGGCAGTGGTCACAG	1	1	0
CGAGGCTATTAGTCCG	1	1	0
TCATAGCTATTGGGCC	1	1	0
TCCGACACCGCTCTCA	1	1	0
TGAATAGGTTGATCTA	1	0	1
CAACGCAGGCCGGATT	1	1	0
ATGGTCTGGCTCTAGT	0	0	0
AAATAGCAGGCTACTA	1	1	0
CTGCTAGAGAGTTCAC	1	1	0
AGCCATCTCGTAGAAG	2	2	0
ATGGTCTGCCCGAATG	1	1	0
CTCCTCCATAACTACT	1	1	0
GGCACTTCGTCGTCGT	0	0	0
ATACACCCGCAGGGTA	1	1	0
CCGGAAATAGCTATGA	1	1	0
TGAGCACACTTCGATT	1	1	0
AGCCATCTCTTACGGG	1	1	0
GGTTAGGGACCCATAT	1	0	1
TACTGAATAAACTGGT	1	1	0
AACGATTTCAGGTGTC	1	1	0
ATACACCCACCCATAT	1	1	0
ACGGCAGTTCATCCTT	1	1	0
ACTAATTGTGCCTCAC	0	0	0
AACGCCAACGTAGAAG	1	1	0
GGGTCTAGGAAGGCTT	1	0	1
CAATCTAGCTGCGTTG	1	0	1
ACTGGTCACTTAGGTA	1	1	0
AAACCGCCGCAGGGTA	1	0	1
ATAAGCTACTTGGTGT	1	1	0
GTGATAAAGAAAGACC	1	0	1
CCAGACAGGGGAAGGT	3	3	0
GTTGTCCGTTGTCGCC	1	1	0
CAGATGGGCAATACTT	1	0	1
AGCAACGCGCGTTGCT	1	1	0
TACCCTGCTCGGTACG	1	1	0
GGCAAGGTAATGAATG	1	1	0
ACCTTCCCCAATTAGT	1	1	0
GGTTGAGATGTTCCAG	1	1	0
GTCAGACCTGCGACAG	0	0	0
ACCCTCAAGAAGCACT	1	1	0
GTCAAGAGTTATCTGT	1	1	0
ACTAATTGGTTTGTTT	1	1	0
ATGACAACCCCTTGGT	1	1	0
AGCATGCCAACCTGAC	1	1	0
GTAAGCCGAAACTCGA	1	1	0
GACACCTGGCTTTCCA	2	2	0
TCGTTCCCCGGACAAC	1	1	0
GGAGTAAGAAAGCCTA	1	1	0
GCGTATTCTTTAACAG	1	1	0
CCGAGATCACTAGGAT	1	1	0
TGACGTCGTTCCAGAC	3	3	0
CCCTGTTTCGAGATGT	2	2	0
GATACGCAGTAACGTT	1	1	0
AGAAACCAGCTCTAGT	1	1	0
GGCCCAATCGAATAAT	1	1	0
AAGTGAGATTGGACTT	1	1	0
CGATGGCACTGCGTTG	0	0	0
ATCCTAGTCCCATCTG	1	1	0
CCATCCACCCCTAACC	0	0	0
TCGTTCCCCGGCTTAC	0	0	0
GTCCACTACCATTTGA	1	1	0
AGAATCAACTTTAATC	1	1	0
GATTACTTCCCTAACC	1	0	1
TCATACCAAAGGTAAT	1	1	0
ACGTAAACCTCCGCAT	1	1	0
CATTCGGGGTTCAACT	1	1	0
GGCTTTGCCACGGACT	1	0	1
AACAGAACCGTCAGCA	0	0	0
CACAACCTCCTGACAC	1	1	0
GAATCCCAGAAGTGCC	1	1	0
ATATGGGTAGGAGCTT	0	0	0
TCTAAACTTTTACCCT	1	0	1
GGTTAGGGTTTAACAG	1	1	0
ACTTCGCTAAACCTCC	2	2	0
GTCAAGAGCCGCAACT	1	1	0
CGTACCGAACCACGCT	1	1	0
CTCGGTGAGGACTTCC	1	1	0
ATCCCACCGAAGCACT	2	2	0
GGAGTAAGAATTCCCA	1	1	0
GTTACTAGGAGCCCAT	0	0	0
AACAGCGGACTAGGAT	1	1	0
GCACTCAGTTGCATAT	1	1	0
ATATGCAACTACTTGT	2	2	0
TGCTGACGGGAATAGA	1	1	0
TAGCCACAGTTTGTTT	2	2	0
TACGCGAGCCAGCAGT	1	1	0
GTCAGGTTATGGATTA	2	2	0
AGTAATGGTAGAAATG	2	2	0
CCCTGTTTATCAAGTG	1	1	0
ATCCGCATACATCTAT	0	0	0
ATGACAACCTCGCGTA	4	4	0
GTGAGGCACCGCAACT	1	1	0
TAGTCTCTAGAAGTCC	1	1	0
AGGCAATACTAGATTG	1	1	0
TGGTTAACCTCTTGAC	0	0	0
AAGAGTATTTCACATA	1	0	1
GGCACTTCTCATCCTT	1	0	1
AAACCGCCCTTCGATT	1	1	0
ACCACAGAATGGATTA	1	1	0
ATATGGGTGAAGCACT	0	0	0
GTATACGTAAATCAGA	1	1	0
GTTACTAGCTTACTCC	1	1	0
TACCGCTCCCCGAATG	2	2	0
TCGACTGCTGTCTTTC	1	1	0
CCAGCGAAAACCTGAC	1	1	0
TGAGAGCGCAATTAGT	1	1	0
CTCTATAGTGTTCCAG	0	0	0
TGCTGACGGATTGCGA	1	1	0
AGGTAAGCAGCTACGG	1	1	0
TACCTAAGTTGATCTA	1	1	0
AGGACACAACGTATAC	1	1	0
AGGCCGAAATACCCAG	1	1	0
CGTTTCGTTGTTTGAG	1	1	0
TCTAAACTGGTCCCTT	1	0	1
TCTAAACTCGAGATGT	1	0	1
TACCTCCCCGGGTAGT	1	1	0
ATAAGCTAATATCTTC	2	2	0
GTCTGGAAGACAACTT	1	1	0
TATCTGTCTAGTCGCA	1	1	0
TCCGCTGTGGCCTAAG	1	1	0
CCACGTTGGAGAATTG	0	0	0
TACCGCTCCAGTCCCT	0	0	0
AATCGAAGATTGGGCC	0	0	0
CGGACTAAGTTTACGT	2	2	0
CCCGTTCTAGCGTAGG	1	1	0
AAATTCCGATATACCT	2	2	0
GGCAAGGTACGAAACG	1	1	0
GTCCGTCAGGGAAGGT	0	0	0
CCATCCACGAATTCGT	1	1	0
TGGTGTCTCTACTTGT	1	1	0
TGAATAGGCACAGTTT	1	1	0
CTCACATCGACAGATA	1	1	0
CCGTCTTAACGTATAC	1	1	0
GATGCAGAGATTAGAC	1	1	0
GAAATACGTAACTACT	1	0	1
ACCCATGCAACCTGAC	1	1	0
GATTACTTCGAATAAT	1	1	0
AGCACGTATGCTATTT	0	0	0
TATTAGCGCCGCTGTT	2	2	0
CGAACCGACTTAGGTA	1	1	0
TGGTTAACATGAAGCA	1	1	0
CCGTCTTAAGCGTAGG	1	1	0
AAATAGCACTTCGATT	0	0	0
AGTCACAAGGGAAGGT	1	1	0
GGACTGGAAAACTCGA	1	1	0
AGTTTGTAGCGCATTC	0	0	0
ACTGCTGGATCAAGTG	1	1	0
GGCCCAATCGATTGAT	1	1	0
CAATTCTCGAATTCGT	1	1	0
AACTGCCTTGACGGAC	1	1	0
CCCTCTTGTTTAACAG	1	1	0
TCAAATGGGTCCATGT	1	1	0
ATGCGGAGGGGAAATC	1	0	1
AAAGAAAGAAGCTTCT	0	0	0
CTTCTACGCGATTGAT	1	0	1
AAGGCGCTAGCGCGAT	1	1	0
ACCCGATTAGAAGTTA	1	1	0
ATTTCCATGTCGTCGT	2	2	0
CCATCCACGGCTACTA	1	1	0
GGCTTTGCGACAAAGG	1	0	1
GGATTGTTGCAAGGAC	1	1	0
CCAGCGAAATGACCGA	1	1	0
CAGGTTGCACCCATAT	1	1	0
GATGCAGACTCAGAAT	0	0	0
GGACTTCTTCCAGGGA	2	2	0
ACGGTTGGCTTGGTGT	1	1	0
GTCAGGTTGGTCTGAC	1	1	0
CTGAAGGGGAACGATT	1	1	0
GCCTGGTATGCTCCGT	0	0	0
ATGACAACACTAGCCA	0	0	0
AGGGACTGTCGGTTTA	1	0	1
AAATTCCGATGGAAAT	1	1	0
GCCAACATCAACAAAT	1	1	0
CGAAACTCGGGAAGGT	0	0	0
ACTGCTGGGCTCTAGT	1	1	0
CCGAGATCGTGGATGG	0	0	0
TAATGTGGCTTACGGG	1	1	0
CTCTGCGTGGCGTTAG	1	1	0
ACCAGTTTCGGCTTAC	1	1	0
GTCTTCCTTGGCTACC	0	0	0
GCGCTGATAAACTCGA	1	1	0
CGTCGAATCGAACGTA	1	1	0
CGAACCGACACTCCTC	1	1	0
CCGTCTTACGTAGAAG	1	1	0
CCTTTACAATGGAAAT	1	0	1
GTGAGGCAAGCAGAAC	1	1	0
CGTCGAATGGACTTCC	4	4	0
CCATGCATAAAGCCTA	1	1	0
CATGACGAATATGCAT	2	2	0
CTACGGGACTACTTGT	0	0	0
CGTCGAATGGAATAGA	1	1	0
TACTGAATACATCTAT	1	1	0
AAGTATTGTTCGCTGG	0	0	0
GTGTCACCTCCCTGAT	1	0	1
ATGACAACTAGTGGAC	1	1	0
CCTATTTAGAACGATT	1	1	0
CTGTTTCCCGTACCTA	1	1	0
AACGGTAGAGCGCCTT	0	0	0
GTCCACTATGACCAGT	1	1	0
CCGTAGCTATACTCTT	1	1	0
GCTTCTCCATACCCAG	1	1	0
GACTAGCGCAGATTAC	1	1	0
GGTTAGGGCCCAAGCA	1	1	0
CTCTATAGACGCTCAG	1	1	0
TCGACTGCCACAAGGC	1	1	0
CTAGCACGGCTCTAGT	1	1	0
AAACTACACGGGCTTT	0	0	0
CCTTTGTCAGGATTCA	1	1	0
GGTCCTAAGGGAAGGT	1	0	1
CTGCGATGTGCTCCGT	1	1	0
AGTAATGGTCGAAGCT	1	0	1
ATTTCCATTGATAACA	2	2	0
ATCAGGGAACCCACGA	1	1	0
TGCTTGGGTCTCAACC	1	1	0
CCATCCACGTCCATGT	2	2	0
ATATGGGTCCCTTGGT	1	1	0
TAGTAGCCTAGTCTAG	1	1	0
ACAGATAATGATAACA	1	1	0
GCCAAAGCGGCTACTA	1	1	0
AGTAGTTATAACTACT	2	2	0
CAAGGTACTGGCTACC	1	1	0
AAACGTGATTGTCGCC	1	1	0
TCAGCCTCACGGTAGC	1	1	0
CCTTTACAGGCCTAAG	0	0	0
GTGAGGCATTGAGGGT	1	1	0
CTTCTACGCCTGTTAT	1	1	0
ACCCTCAATTATAGCC	1	1	0
AAACAAACCGTAGAAG	1	1	0
TCGACTGCCCATTTGA	1	1	0
ACGTAAACTAACCATC	1	1	0
AAACGATCTACTTGTG	1	1	0
AGAATCAATGACCAGT	1	1	0
GGGTCATTGAAGTGCC	1	1	0
ATCGTAACACACTAAG	1	1	0
GCATCGAGTTTATCAC	1	1	0
TACGCGAGCCGCAACT	1	1	0
GTCTTCCTACGAAACG	1	1	0
TATCCACGGTTTGTTT	1	0	1
ACTGCTGGGTCAATAC	1	1	0
GTGATAAAACTAGGAT	1	1	0
GCAAACTGCGCCTTGA	1	1	0
AGGCCGAATGACCCTC	1	1	0
AGTAATGGTCCAGGGA	1	1	0
CCAGACAGTCCGTCCA	0	0	0
CTGCGATGGCAGCATG	1	1	0
GAGGGTCACGTCAGCA	1	1	0
GCAAACTGTAGTCTAG	1	1	0
CGGACTAACGTGGATA	1	0	1
AACGTTACGGCCCTTA	1	1	0
CCGACTTTTGTACACG	1	1	0
GCCAACATTTTAACAG	1	0	1
AGACGAGGCCACATTA	1	1	0
TCTATTCCATTCGACG	1	1	0
TGCTTGGGGATTAGAC	1	1	0
CAGATGGGGTCTCTCT	1	1	0
CAAGGAATCGAACGTA	1	1	0
AAACGTGAGGCCTAAG	1	1	0
CTTTGGACAAACTGGT	1	1	0
GATTTCCCCTTCAGGT	1	1	0
AGTTTGTAATCAGCGC	1	1	0
TAATGTGGGTGGAGCT	1	1	0
GCGTGCAAAACACACG	1	1	0
TCATAGCTACGGTAGC	1	1	0
GTCAGGTTTAACCATC	1	1	0
CGTCGAATGAGAATTG	1	1	0
AGGTTCCCACGTATAC	1	1	0
CCATCCACGGGAAGGT	1	1	0
TGCTTCATGGCTACTA	1	1	0
GGAAGTCCCGAATAAT	1	1	0
TATCCACGGAGAATTG	1	1	0
AGTAATGGATGGGCAC	1	1	0
GTGTCACCATGACCGA	1	1	0
ACTAGAGCCTAGATTG	0	0	0
TGCACCAGCGTCAGCA	0	0	0
AAGGGACCTATTGCCT	1	1	0
CAAGGAATATATGCAT	2	1	1
GGCCCAATTTGGACTT	0	0	0
CAGACTCGAGCGCGAT	1	1	0
GTCCACTACGCTCTCA	1	0	1
CAAGGTACTAACTACT	1	1	0
AGAATCAAGGTTTCTC	1	1	0
ATCCCACCGTTAACCA	2	2	0
GTCCACTACACAACAG	1	1	0
ATAACAGGAAATCGTT	1	1	0
AGGCCGAATGTAGTTT	1	1	0
TGCTTCATGAGAATTG	0	0	0
GGTTGAGAGGCTACTA	1	1	0
ACCAACCCCCCGAATG	1	1	0
GAAGATATTTGTTTAC	1	1	0
ATCTTGGCGGCGTTAG	1	1	0
CCGTCTTAAAACTCGA	1	1	0
GCTTCTCCTTGCACGC	1	1	0
CTCACATCTTTAACAG	1	1	0
TCCGACACTGATGCCC	1	1	0
CAACGCAGTGGGATTC	2	2	0
AGCTCCACCTGAGTGC	1	1	0
AGGACACATACAGCCG	1	1	0
CTCCCAAACCCTTGGT	1	1	0
GTGCCCATTAGAAATG	1	1	0
CGATGGCAGTTGTCAT	1	1	0
CCCTCTTGATACCCAG	1	1	0
AAACGTGAGTGGAGCT	1	1	0
CGTGCAACCCTGACAC	1	1	0
TGGTGTCTCCATTTGA	1	1	0
AGTGCTTCATGACTTT	2	2	0
ACCAACCCCGAATAAT	0	0	0
TGCGACTATCCTTATT	0	0	0
CAGATGGGTGCTCCGT	1	1	0
AAATAGCAAATCGGGT	1	1	0
TCCGACACTTATCTGT	1	1	0
TACGCGAGTTAGTCCG	1	1	0
CCATCCACTCCAGTCC	1	1	0
ATGGTCTGCTGGTGCA	1	1	0
GTTCTGCTTGTACACG	1	1	0
AGCACGTAGGCCTAAG	1	1	0
AATACATCTGATAACA	1	0	1
GTTCTGCTCTGAGTGC	0	0	0
AACAGAACTGCTATTT	0	0	0
ACCAACCCTACCAGGC	1	0	1
GTGAGGCAAACTTAGC	1	0	1
CTGCGATGATATGCAT	3	3	0
AAGGCGCTTGCTCCGT	1	1	0
GATGTGGCGAACGATT	1	1	0
AAACACGGTTCACATA	1	1	0
CCGAGATCGGAAACAG	1	1	0
GATGTGGCACTAGCCA	1	1	0
ACATGGACCTTACGGG	1	0	1
CCATATGAGGTCCCTT	1	1	0
CCATGCATTAGTGTTT	0	0	0
CAGATGGGGAGCGGTA	1	1	0
ACTGGTCACAACGTGG	2	2	0
AGTAATGGGAGAATTG	1	1	0
ACAGATAAGAATTCGT	1	1	0
ACGGCAGTAGAAGTCC	1	1	0
TGCTTCATGGTGGGAT	0	0	0
CATTCATTGCCGGATT	1	1	0
ATAACAGGCTTCTGGA	1	1	0
TCGCAATCGGGCCAAT	1	1	0
GATTAAAGTCACGTTT	1	1	0
GTGTCACCCGGCACAT	1	1	0
ACCAACCCATGGATTA	1	1	0
ATACTCTCCGTGGATA	0	0	0
CAAGGAATCTAGTAAC	1	1	0
CTAGACTACGCCTTGA	1	1	0
CAATTCTCTTCCGCTC	1	1	0
GCGTGCAATAACCATC	0	0	0
GCTATGGGCTTAGGTA	0	0	0
TCTGATTTCCTACTAG	1	1	0
AGAATCAACTTACGGG	2	1	1
CTGTTTCCCTGTCTGG	2	2	0
AGAGGTGCTGTCTTTC	0	0	0
GTCAGGTTTCCCGTAG	2	2	0
ACCCATGCTCCCTGAT	1	1	0
AGAGGTGCGTTACCGC	1	1	0
GCCAAAGCTGGCCTGT	2	2	0
GGGAGATGGCACCTCT	1	1	0
TATCTGTCACGAAACG	1	1	0
CGAACCGACGGAATTT	1	1	0
AGACGAGGTTTAACAG	0	0	0
ATTTCCATGTATGAGT	2	2	0
AACAGCGGCACAACAG	1	1	0
CACTAACCGCGCATTC	1	1	0
CTTTGGACAACACACG	1	1	0
AAACTACACACAAGGC	1	0	1
CCCTGTTTATATGCAT	1	1	0
GTTCTGCTCGAGATGT	1	1	0
ATGACAACAATCGGGT	1	1	0
ACCTTCCCAACACACG	1	0	1
TAATGTGGAAATCAGA	1	1	0
CTGGAACAGCCACATC	1	1	0
ACCACAGACTCAGAAT	1	1	0
AGCGTGGTCACAACAG	2	2	0
GATGTGGCCACTCCTC	1	1	0
GAAATACGGATTGCGA	1	1	0
GGTTGAGAAAACTCGA	1	1	0
GATACGCAGGCTACTA	1	1	0
ATTTCCATCTAGATTG	1	1	0
GGGCATCAAAGGTAAT	2	2	0
TCCTATATGCACCTCT	1	1	0
AAGCCTTCTAGCTTAT	1	0	1
AGCAACGCTCTCAACC	1	1	0
TCGTTCCCGTATGAGT	1	1	0
TCGCAATCGTTCTGTT	2	2	0
AACAGAACTGGCCTGT	1	1	0
AGCCATCTGAAGGCTT	1	0	1
CATGACGATTAAGCGT	1	1	0
CTGTTGTGGAGAATTG	0	0	0
AATAAGGACGTCAGCA	1	1	0
TCGTGGGTTAGAAATG	1	1	0
AACGCCAACCGCTGTT	2	2	0
GGGTCATTACGTATAC	2	2	0
TAGTAGCCAATCGGGT	1	1	0
TCGTTCCCTGTTTGAG	1	1	0
AGGGACTGTTAGGACC	0	0	0
CGATCCAATTATAGCC	1	1	0
AGCTCCACTTCGGCCT	1	1	0
CAGTTTAATGTTCCAG	1	1	0
AACGATTTGTAATCCC	1	1	0
TACCGCTCAACCTGAC	1	1	0
AAAGTCATCAGATTAC	1	0	1
AACAAATGCCTACTAG	0	0	0
GTCTAATCGGCTACTA	1	1	0
ACCTTCCCGGTTTCTC	1	1	0
TGTTATCATTATAGCC	1	1	0
ATGGTCTGCTAGATTG	1	1	0
TATGTGAACACTCCTC	1	1	0
ACCAACCCATATCTTC	1	1	0
AATGTATGTCTCAACC	1	1	0
CCATATGAGCAAGGAC	1	1	0
AGACGAGGTATTGCCT	1	1	0
CACAACCTCTAGTAAC	2	2	0
GCGTGCAAGGCCCTTA	1	0	1
GTGTCACCCCCTAACC	3	3	0
CCAGCGAAGTACCTTG	1	1	0
CATTCGGGGATTTACC	1	1	0
CCGGAAATCCGTGTTT	1	1	0
TGGACGGATATTGCCT	1	1	0
CCTTTGTCTGGCCTGT	0	0	0
GGACTGGAATACTCTT	1	1	0
AACTGCCTTCGTCATG	0	0	0
ACGGTTGGGCTTTGGC	1	1	0
ATACACCCTGACGGAC	1	1	0
CTGTGACCCGAGATGT	1	1	0
GGCCCAATGCTTTCCA	1	0	1
AGCGTGGTATACTCTT	1	1	0
ATTTCCATAGGCAGTT	1	1	0
AGAAACCACTACTTGT	1	1	0
TGCACCAGAATTCCCA	0	0	0
AGTTTGTAGCAGGGTA	1	1	0
CTTTATCCTCTGCATC	1	1	0
CTGGAACACCCATAGC	2	2	0
CTTAGGCCCTGGTGCA	1	1	0
CGTCGAATCCATTACT	1	1	0
TCATTTCAAAACAGGG	1	1	0
GAGCGGAAATGTTGGC	1	1	0
GCTATGGGAGGAAGAC	0	0	0
TGAGAGCGAAACAGGG	1	1	0
CATGCTGCATATCTTC	1	1	0
GTCAGGTTATGTTGGC	2	2	0
CGAGGCTAGCAAAGCC	1	0	1
TATCCACGAATCGGGT	1	1	0
CCCTCTTGATCTTTGT	1	1	0
TAAGGGCCAAACAGGG	1	1	0
GATACGCATGCCTCAC	1	1	0
TCGTGGGTCAAGTCAT	0	0	0
AGTAATGGGTGTCGGA	1	1	0
GAAGATATGCTTTCCA	1	1	0
CCTTTGTCCACTCCTC	0	0	0
TCCGACACACCTTGCC	1	1	0
AGCACGTAAACACACG	1	1	0
TGACGTCGTCATATGG	0	0	0
GTGAACTCGAACGATT	1	1	0
GTTGTCCGGCTTTCCA	0	0	0
TAACTTCTATCCGCTA	1	1	0
ACTAATTGTGTAAAGG	1	1	0
ATACTCTCGCTCTAGT	1	1	0
TGACGTCGACCCATAT	1	1	0
ACCAACCCGTGTCGGA	1	0	1
AGTTGCGGTTCCGCTC	1	1	0
AATGGCGTGTTCTGTT	1	0	1
TCTTTGACCGGACAAC	1	0	1
AGCAACGCTAACTACT	1	1	0
GTCAGGTTCTTCTGGA	1	1	0
ATCAATCGTTATCTGT	1	1	0
TATCCACGCGCTAATA	1	1	0
TAACTTCTCTTCTTCG	1	0	1
GTACGGACGAAGGCTT	1	1	0
TGCTTCATAAGCTTCT	1	1	0
AGAAACCACTTCAGGT	1	1	0
TCGACTGCCTTTAATC	1	0	1
GAGGGTCAATCAGCGC	1	0	1
AAACACGGACGAAACG	1	0	1
GCATCGAGCTTCGATT	1	1	0
CGAAACTCCAGTCCCT	1	1	0
ACTCATACCTACTTGT	1	1	0
CTGTTGTGGAAGCACT	1	0	1
ATATGCAACAGTCCCT	1	1	0
AGCAACGCACTTCAAT	1	1	0
GGACTTCTGTTCAACT	1	0	1
TGCGACTATGCCTCAC	1	1	0
GGACTTCTACGAAACG	0	0	0
CTGTTGTGGTATGAGT	1	0	1
ACGAATTCCCATTACT	1	1	0
TACCCTGCATGACCGA	1	1	0
CCTTTGTCGCGCATTC	1	0	1
ATAAGCTAGGGAAGGT	1	1	0
CAGACTCGCGCCTTGA	1	1	0
CCACCTCTTAACCCGT	1	1	0
AAAGTCATAAACAGGG	1	1	0
CTAGTAGGCTTCGATT	1	1	0
CGAGGCTACTGGTGCA	1	1	0
AAGCTCCTAGAACGGG	1	0	1
TAGCGGATAATCGGGT	1	1	0
ACGAATTCACGAAACG	1	1	0
CTCAAACAATATACCT	1	1	0
GTTGTCCGTGTACACG	1	1	0
GGACTGGACATTTGTT	1	1	0
AATGTATGCGCTAATA	0	0	0
AGCAACGCATATAGGA	1	1	0
AGCACGTATGCAAGGG	1	1	0
CCCGTTCTGCATGGGT	1	1	0
TGCTTCATCTACTTGT	2	2	0
GTACGGACTAAGACGG	1	1	0
AGTCCGTGGGCTACTA	2	2	0
GCTTCTCCACATCTAT	1	1	0
TCATACCATTTACCCT	1	1	0
GGTTGAGACTACCGTT	1	1	0
CCCTGTTTAACCCTTG	1	1	0
GATTACTTCGGGCTTT	1	1	0
GCAAACTGCGAACGTA	1	1	0
GCGCTGATGCTCTAGT	1	1	0
AAGTATTGTGGCCTGT	1	1	0
CTTTGGACGAGAATTG	1	1	0
TCAGCCTCGTTCTGTT	1	1	0
TGCCGGTACTTCTTCG	1	1	0
TGAATAGGGATTAGAC	1	1	0
GATTTCCCCGATTGAT	1	1	0
CGGACTAATAGAAATG	1	1	0
AGCAACGCATATGCAT	1	1	0
ATTCTGAGTTCACATA	2	2	0
TAAACCGAAGTGATGC	1	1	0
AGCGTGGTTCGACACC	1	1	0
ATTTCCATAAGCTTCT	1	1	0
CTGAGCGTGAACGATT	1	1	0
ACGTAAACCTTACGGG	1	1	0
GTGTCACCAGAACGGG	1	1	0
CAGTTTAAAGGATTCA	1	1	0
GTCTAATCACGCTCAG	0	0	0
GAATCCCATCTCACTT	1	1	0
AGAAGCTTCCCTTCAG	1	1	0
TAAGGGCCTGGCCTGT	1	1	0
GCCAAAGCTCCCGTAG	1	1	0
CTGTTAAAATATACCT	1	1	0
CACAACCTATATAGGA	1	0	1
ATAAGCTAGCTCTAGT	1	1	0
AGCAACGCTTTGGGAG	2	2	0
AGAGAGACCTGTTCTT	1	1	0
AGCTTCGATGACCAGT	2	2	0
GGAGGTTTACCCATAT	0	0	0
CGAGGCTACCCTAACC	1	1	0
ATCCCACCGTACCTTG	0	0	0
TCAAATGGTTAAGCGT	1	1	0
CCTTTACATCGGTACG	0	0	0
CCACGTTGCAACAAAT	1	1	0
CGAACCGATACCAGGC	1	1	0
GCTATGGGACATCTAT	1	1	0
AAATTCCGTACCAGGC	1	1	0
GTCCGTCAGTTCTGTT	0	0	0
ACTAGAGCCCATTACT	1	1	0
AACGCCAACTGCGTTG	1	1	0
GGTTACACAAAGCCTA	1	1	0
CCATATGATTGGATCG	1	1	0
ATACACCCTGACCAGT	1	0	1
TCTGATTTTTTAACAG	1	1	0
AAGCCTTCTTATCTGT	1	1	0
AACAGCGGCAGTTTGC	1	0	1
TCATTTCACCGCTGTT	1	1	0
AGTAGTTACCTCGTCT	1	1	0
AGTCACAATGCGACAG	1	1	0
TCCGACACGCTCTAGT	2	2	0
CCTTTACATGTGTCCT	1	1	0
ACTACCCGAGCAGAAC	1	1	0
ATCCCACCATACTCTT	1	0	1
AAACGTGAGCCACATC	1	1	0
CGTCGAATTGAGGTCT	1	1	0
ACGAATTCGTCAAAGA	1	1	0
AATCGTTCCTTACGGG	1	1	0
GTGTCACCCCCAAGCA	3	3	0
AACAAATGGGAATAGA	1	0	1
AGTTGCGGCTTCTTCG	1	1	0
CCTTTACACCTCGTCT	1	1	0
AAACACTAAAGCTTCT	1	1	0
ATACTCTCATACCCAG	1	1	0
ATTCTGAGTGACCCTC	1	1	0
GTCTTCCTGAGAATTG	1	1	0
CGTGGGATCACAACAG	1	1	0
AATCCGGCCTGGTGCA	1	1	0
GTATACGTCGGCACAT	1	1	0
AGACCTCACTATAGAG	0	0	0
AAACACGGTTTGTGTC	1	1	0
CAGGTTGCAGCGCGAT	1	1	0
AGCAACGCTAGTCTAG	1	1	0
TGAGCACAACCACGCT	1	1	0
AGGAGTCGGATTGCGA	1	1	0
AATGGCGTATATAGGA	1	1	0
CTGAGCGTGAAGCACT	1	1	0
CGGTGAGTACAGCGGA	1	1	0
CTGAGCGTAAGATTGT	1	1	0
CATGCTGCGGCCCTTA	1	0	1
AGCAACGCTTGGACTT	1	1	0
ATTTCCATCTTACTCC	1	1	0
CCATGCATGGTTTCTC	1	1	0
CAGATGGGGTACCTTG	1	1	0
CAACGCAGGGGAAGGT	1	1	0
CCGAGATCATATGCAT	1	1	0
CTGTTAAAATTTCCGG	1	1	0
AGAGAGACTCGACGGT	1	1	0
AACGGTAGACCACGCT	2	2	0
GAGTGTACTGTTTGAG	1	1	0
TAATCCATTGCAAGGG	1	1	0
ACCCTCAACCTACTAG	1	1	0
AACAGAACCCATTTGA	2	2	0
ATCAATCGCGCTCTCA	1	1	0
AGACGAGGCGACTCCT	1	1	0
GCGTATTCTCCGTCCA	0	0	0
AAAGAGGCGTGTCGGA	1	1	0
AAGAAGGTAGCAGAAC	1	1	0
AGTAATGGAACTTAGC	1	1	0
ACGGCAGTACGAAACG	1	1	0
GGATTGTTGGGAAGGT	1	1	0
ACCAACCCACCCATAT	1	1	0
ACGACGACATGAAGCA	1	1	0
TACCCTGCAACACACG	1	1	0
AAGTGAGAGCAACCTG	1	1	0
GTGCGAAGAGTTTAGA	1	1	0
GGCTTTGCCGCCTTGA	1	1	0
AAACGTGATCGGTTTA	1	1	0
GAAAGACAAGCGCGAT	0	0	0
CAATCTAGATCCGCTA	1	1	0
ATTCTGAGGGCTACTA	1	1	0
CTCTGCGTTGTAGTTT	1	1	0
TATGTGAATGCCTCAC	2	2	0
AGCATGCCAAACTGGT	1	1	0
CTGCGATGATTCAGTA	1	1	0
AGCACGTAACCACGCT	1	1	0
CTTAGGCCCTAGACCC	1	1	0
CCGACTTTTGAGGTCT	2	2	0
GCCTGGTAGGCTACTA	1	1	0
AGGCAATAAGCGAAGT	1	1	0
AAGGATGACACTCCTC	1	1	0
TCGAGTTTAAGCTTCT	1	1	0
AAGCTCCTGAAAGACC	1	1	0
AGTAATGGCTCGATGC	1	1	0
AGCACGTAGTGGAGCT	1	1	0
GAAGATATTCCCGTAG	1	1	0
AGCTTCGACTCTTGAC	1	1	0
GTATTGACGTGGAGCT	1	1	0
GGTTGAGACACAACAG	1	1	0
AACGATTTTGCGTATC	1	1	0
GGACTTCTAAAGTCGG	1	1	0
ATGACTTGTAGCTTAT	1	1	0
GGCAAGGTATATAGGA	1	1	0
CGATGGCAAGGCAGTT	1	1	0
AGCATGCCGGCCCTTA	1	1	0
AACGTTACCGCTCTCA	1	1	0
CCATCGTCTCGGTTCG	1	1	0
TCGAGTTTGACGATGG	1	1	0
AGGTTCCCAACACACG	1	1	0
CCACCTCTGGCCCTTA	0	0	0
GATTTCCCTACAAACT	1	1	0
ACCAACCCAAATCAGA	1	1	0
AGTAATGGACCTTGCC	1	1	0
CGATCCAAGAAGCACT	1	1	0
GTGTCACCCTCGCGTA	1	1	0
TCGCAATCGAAGTGCC	1	1	0
CATTCATTTCTCAACC	0	0	0
GAGCGGAATAAGACGG	1	1	0
AAGCCTTCGGCGTTAG	1	1	0
CCATCCACTCTGTGGT	1	1	0
TGCTTCATGTGTAACC	0	0	0
CGTACCGACACAAGGC	1	1	0
ATAACAGGAGCACCAC	1	1	0
ACCCATGCGTCTCTCT	0	0	0
CTGTGACCCTTTCTTT	1	1	0
CGTACCGAAATCGGGT	1	1	0
ATACTCTCTCACCGAG	1	1	0
CCCTTGCACGCTCTCA	0	0	0
GGACTTCTGGGAACGA	2	2	0
TCTATTCCCGAGATGT	2	2	0
GACACAAAGGTCTGAC	1	1	0
CAGATGGGAATGTTTG	1	1	0
TACCGCTCTTGTCGCC	1	1	0
GTATACGTGGATAAAG	1	1	0
ACTGGTCATCCAGTCC	1	1	0
AAGTATTGACTAGCCA	1	1	0
TACCCTGCTAACTACT	1	1	0
GTAAGCCGAATCGGGT	1	1	0
CCATCGTCATGTTGGC	1	1	0
TAATGTGGGACAAAGG	1	1	0
AGTCACAACTAGATTG	1	1	0
AGGTTCCCCCCTTGGT	1	1	0
CTGAAGGGCGCTCTCA	1	1	0
AACAGCGGATGACCGA	1	1	0
GGGAGATGCTTCTTCG	1	1	0
TCGCAATCTTATAGCC	1	1	0
CCACCTCTGGGAAATC	1	0	1
CAATCTAGGCCGGATT	0	0	0
ATTTCCATGGTTTCTC	1	1	0
ACCAACCCAAACTCGA	1	1	0
CTTTCACTAAACTGGT	1	1	0
CTGAGCGTGCCACATC	0	0	0
TATGTGAACTACCGTT	1	1	0
AGCAACGCGTCCATGT	1	1	0
AACAGAACCCGCTGTT	2	2	0
TACCGCTCGAAGCACT	2	2	0
CTGCGATGGAACGATT	1	1	0
ATATGGGTGACGATGG	1	1	0
AACGCCAAGTCCGTAC	1	1	0
GTTGTCCGGGCGTTAG	1	1	0
GATGCAGAGGCTACTA	1	1	0
CTACGGGATTTGTGTC	1	1	0
ATAAGCTAGACAGATA	2	2	0
CGAAACTCTAAGACGG	1	1	0
AATCGTTCGACAACTT	1	1	0
GATGTGGCCGAGATGT	1	1	0
ACGGCAGTGTCATATT	1	1	0
TGTTATCACCATTTGA	1	1	0
GTCAGGTTAATCGGGT	1	1	0
TCCTATATGTGTAACC	1	1	0
CCAGCGAAGCAACCTG	1	1	0
TCAAGGCGCGACGTCA	1	1	0
ACGAATTCTGCCATCG	1	1	0
ATATGGGTATATACCT	2	2	0
TAGCCACAGAAGCACT	1	1	0
GACTAGCGCTTACGGG	0	0	0
TAGTAGCCTCCAGGGA	1	1	0
ATGACTTGTGCCTCAC	1	0	1
TGAGAGCGCCGCTGTT	1	0	1
TGGAAAGCGTCGTCGT	0	0	0
GTGTCACCGAGGCTGA	2	2	0
ATATGGGTAAACTCGA	2	2	0
ACTGCTGGGAGCGGTA	1	1	0
GGTTAGGGAGATGGCT	1	1	0
AAACACGGGCTCTAGT	1	1	0
GGTTAGGGAATTCCCA	1	1	0
CACAACCTGGGAAGGT	1	1	0
AGGACACACGGCTTAC	1	1	0
ACCAGTTTCTTTCTTT	1	1	0
CCGACTTTTGTGTCCT	0	0	0
TCCGACACTACAAACT	1	1	0
GTGAGGCACACTCCTC	0	0	0
AGAATCAAGATTGCGA	1	1	0
AACGTTACGTATGAGT	1	1	0
CAAGGAATGAAAGACC	0	0	0
ACGGCAGTCAGGTGTC	1	1	0
TATCTGTCCTGGTGCA	1	1	0
CTGCGATGTTGGATCG	1	0	1
CGGCTGTAAATGAATG	1	1	0
AAAGTCATAAACGCCT	1	0	1
ACGAATTCTCACCGAG	2	2	0
AAGTCGGGTTGATTCT	0	0	0
CTAGTAGGGGTCCCTT	1	1	0
AAAGAAAGGACAAAGG	0	0	0
TGCTTCATTGGGATTC	1	1	0
TATGTGAAAATCGGGT	1	1	0
CGAGGCTAACTTCAAT	1	0	1
AACAGCGGTAGTCTAG	0	0	0
CCCGTTCTAACCTGAC	0	0	0
CTCTATAGAGAAGTTA	1	1	0
GTCAGACCGAGAATTG	1	1	0
ACAAGTAGGCTCTAGT	1	1	0
ATTTGTTGTTGCACGC	1	1	0
CCCTTGCACTGTCTGG	0	0	0
GAATGCGCGGGAAGGT	1	0	1
TACGCGAGGTCCATGT	1	0	1
TGCTGACGTCGGTTTA	1	1	0
TACCTCCCCGATTGAT	1	1	0
ACCAACCCAGATGGCT	1	1	0
CTGGGTATGGAATAGA	1	1	0
CGTGGGATCGAGATGT	0	0	0
GTCTGGAAGATTAGAC	1	1	0
CTGCTAGATCGACGGT	1	1	0
CTGCGATGGATCGTTT	1	1	0
TACCCTGCTTGTTTAC	1	1	0
AAGAGTATATACTCTT	1	1	0
TCATAGCTTTATCTGT	1	1	0
ACCCGATTCTTCTTCG	1	1	0
CCAGACAGCATCGCAG	0	0	0
GACTAGCGTTCACATA	0	0	0
GAGGGTCAGAGAATTG	0	0	0
CCGACTTTCATCGCAG	1	1	0
AAGGGACCGGCATGCT	1	1	0
CATGCTGCTGCTCCGT	1	1	0
ATGGGCTCTCCGTCCA	1	1	0
GGGTCTAGTCGGTTTA	1	1	0
GTGTCACCTGCGTATC	1	1	0
AGTTGCGGCTTACGGG	1	1	0
ATTTCCATGCATGGGT	1	1	0
TGCACCAGTAGTGTTT	1	1	0
CCCGTTCTCCATTACT	1	1	0
GCCAAAGCTGACCCTC	0	0	0
TAGGCTTTTCTGCATC	2	2	0
CCATGCATCTTTCTTT	1	0	1
CGACATTTTGACCAGT	1	1	0
TCCAGAAGGCAAGGAC	1	1	0
AACTGCCTTTGTTTAC	1	1	0
CTACGGGACCTATTCA	1	1	0
CCGACTTTTGCTCCGT	1	0	1
AGGAGTCGGAGGCTGA	1	1	0
CTGAAGGGGAAGGCTT	1	1	0
AGAATCAACTTACTCC	1	1	0
ATTGGCCCGACAAAGG	0	0	0
CGTTGCCTGAAAGACC	1	1	0
TAATGTGGAAACCTCC	1	1	0
AGCATGCCCGCTCTCA	1	1	0
GTAATCTGTAGTCTAG	1	1	0
AGGCCGAAATGAAGCA	1	1	0
TGGAAAGCCCATTACT	1	1	0
ATGTGCCGTGGGATTC	1	1	0
TGCTTGGGGGTCACAG	1	1	0
GTCTGGAACCTCGTCT	1	1	0
CAGACTCGTATTGCCT	1	1	0
TCGCAATCGATTAGAC	1	1	0
GGCACTTCTATTGCCT	1	1	0
TCTAAACTCAGGTGTC	1	1	0
AGCAACGCATGCATGG	2	2	0
ACCACAGACTACTTGT	1	1	0
GTACGGACTGACCCTC	1	1	0
GTCAGGTTTTGCATAT	1	1	0
ACAAGTAGGGACTTCC	1	1	0
AGGGTAAAAGCTATGA	1	1	0
TACCCTGCGCTCTAGT	1	1	0
ACGAATTCCGTATCGG	1	1	0
CGAGGCTAGAAGTGCC	2	2	0
AGCCATCTCTTAGGTA	0	0	0
AGCCATCTAGAACGGG	1	1	0
ACTAATTGCAGGTGTC	1	0	1
GCTATGGGCAACAAAT	1	1	0
CGTGTACAACCCATAT	1	1	0
GGCACTTCCAGATTAC	1	1	0
GAGGGTCATAGTGTTT	1	1	0
TAGTAGCCTAGAAATG	0	0	0
CCCTTGCAATCCCACG	1	1	0
GAAGATATCCTATTCA	1	1	0
CCACCTCTCTGAGTGC	1	1	0
TCCGACACGCAACCTG	1	1	0
AAACTACAGGACTTCC	1	0	1
GCCAACATAGTTTAGA	1	1	0
CCCTTGCACCATTTGA	1	1	0
GTCAGACCAAACTGGT	1	1	0
GCGCTGATATTCAGTA	0	0	0
GAGGAGTGGGCCCTTA	1	1	0
AAGAGTATCGAACGTA	1	0	1
TAGCCACATCCTTATT	1	0	1
ATCGTAACTCCAGTCC	1	1	0
GGGAGATGCTGAGTGC	0	0	0
CGAACCGAGGGTTGGT	1	1	0
GTCAGGTTTACAAACT	2	2	0
ATACACCCGTCAAAGA	3	2	1
TAAACCGACCGCTGTT	1	1	0
CGTACCGATCTCAACC	1	1	0
CTAGACTACATACATT	1	1	0
CACAACCTTGAGGTCT	0	0	0
GTATTGACGCCGGATT	1	1	0
GTGTCAGGAAGATTGT	1	1	0
GTATTGACGGTGACAC	1	1	0
AGGGTAAAAGCGAAGT	0	0	0
TCCCTGGAGTCTCTCT	0	0	0
ACTAGAGCACGAAACG	1	1	0
GTGAGGCATAACCATC	1	1	0
TCGTTCCCCCATTTGA	2	2	0
ACATCTCGGCTTACCT	0	0	0
AATATGACCTGTTCTT	1	0	1
TCGACTGCAACACACG	1	1	0
ATCAATCGGATCGTTT	1	0	1
TAATCCATAAACCTCC	1	0	1
TGGGAATTTAACCATC	0	0	0
ATCGCGCTTAGAAATG	1	0	1
GAATCCCAGGAGAAGC	1	1	0
CTTAGGCCAACCTGAC	1	1	0
GACACAAACTTACGGG	0	0	0
GGCGACAATTGTCGCC	1	1	0
CTTAGTGTCTACTTGT	1	1	0
ATTATTCGACCCATAT	1	0	1
CACAACCTTGTGTCCT	1	1	0
CTTTGGACGAGAGTAT	1	0	1
GACACAAACTACGAGC	0	0	0
ACCACAGAACTGCCGT	1	1	0
GCATCGAGACGTATAC	1	0	1
TATCCACGGTTCTGTT	1	1	0
GTGAACTCCTTAGGTA	1	1	0
ACGAATTCACTCACCG	1	1	0
CGTGTACAGTTCTGTT	1	0	1
CTTAGGCCCGCTAGTC	1	1	0
AGCACGTACTTTCTTT	1	0	1
CTTAGTGTCAATTAGT	1	1	0
AAGCCTTCAGGTTGTG	1	1	0
CTGAAGGGATATACCT	1	1	0
CCACCTCTAGTTTAGA	0	0	0
TAGTCTCTGCAGCATG	1	1	0
TCCAGAAGCAGATTAC	1	1	0
CTTAGGCCTAAATAGG	1	1	0
GCCAAAGCAGCGCGAT	0	0	0
GCAAACTGGAAGTGCC	1	1	0
TCCGACACTGAGGTCT	1	1	0
AAGGATGAACGAAACG	1	1	0
AAACACGGGCACCTCT	0	0	0
AAACTACATGCCTCAC	1	1	0
TCAAGGCGCGAACGTA	1	0	1
TCGTGGGTGAACGATT	1	1	0
TGCTTGGGCCATTACT	1	1	0
ACCCTCAAGAGAATTG	1	1	0
GTCAGGTTGGGAAGGT	1	1	0
ATCAGGGAAGCTACGG	1	1	0
GATTAAAGAGTGATGC	0	0	0
AGAATCAACAGTCCCT	0	0	0
TCCGCTGTGTACCTTG	1	1	0
TAACTTCTGGCATGCT	1	1	0
CTGTTGTGATGCATGG	1	1	0
CAATCTAGCAGGTGTC	1	1	0
TAGTCTCTATCTTTGT	1	1	0
GCGTATTCCGGAATTT	1	1	0
CATTTCTAATACTCTT	1	0	1
TCCGACACATATGCAT	0	0	0
TCGACTGCTGTTTGAG	1	1	0
ATCCCACCTTATCTGT	1	1	0
GTCTAATCATACCCAG	1	1	0
CTGGGTATGAACGATT	1	1	0
GTATTGACGTTTGTTT	1	1	0
ATACACCCGGGAAATC	0	0	0
AGAGGTGCTAGAAATG	0	0	0
TGGTGTCTGCAACCTG	1	1	0
TACCTAAGAGCGCGAT	2	2	0
GTGAACTCGGACTTCC	1	1	0
GGGTCTAGCTTCGATT	1	0	1
TGCTTGGGCGTAGAAG	1	1	0
CCTATTTATTAAACTG	0	0	0
AGCAACGCAGCACCAC	1	1	0
AGAATCAACGTCAGCA	1	1	0
AGCTTCGAGCGTTGCT	1	0	1
AACAGCGGAGTTTAGA	1	1	0
TGCTTGGGTTAGTCCG	1	1	0
TGACGTCGGAAGTGCC	1	1	0
ACTGGTCAATACTCTT	1	0	1
AGCGTGGTTTAGTCCG	1	1	0
TACCTCCCGGGAAGGT	3	2	1
GATGCAGAGTTCTGTT	1	1	0
TAGCCACACACTCCTC	0	0	0
CGTTTCGTCAGGTGTC	1	1	0
TCATAGCTATGAAGCA	1	0	1
CACAACCTGGAGAAGC	1	1	0
TCAAGGCGGTTCTGTT	1	1	0
ACGGTTGGTACCGGCA	1	1	0
ATTATTCGTTCCGCTC	1	1	0
GTCAAGAGCACAACAG	1	1	0
CCTATTTATCTGTGGT	1	1	0
CCAGACAGCTTACGGG	1	1	0
TCGTTCCCCGAACGTA	1	1	0
CCTTTACACGTCAGCA	1	1	0
AGCAACGCGGCGTTAG	1	1	0
CGATCCAAACGCAGAG	1	1	0
GTGCGAAGTCTGCATC	1	1	0
TCCGCTGTCGAATAAT	1	1	0
CCCTCTTGGATCTCGG	1	1	0
GGATTGTTCCCGACTT	0	0	0
GGACTTCTGGAAACAG	1	1	0
CCTTTGTCACATCTAT	1	1	0
AGCAACGCTTAGTCCG	1	1	0
TGCACCAGTTCCAGAC	2	2	0
CATGCTGCGGTCACAG	0	0	0
AGTCCGTGATATCTTC	1	1	0
AGAATCAAAAACTCGA	1	1	0
GCTAAGTTCCCTTCAG	1	1	0
CTAGTAGGTGCGTATC	1	1	0
GGCACTTCCACAACAG	1	1	0
ACCTTCCCTTTGTGTC	2	2	0
AGGGACTGGAGAGTAT	1	1	0
TAACTTCTTGACGGAC	0	0	0
CAGTTTAAAAACTGGT	2	2	0
TCGGTCATTTCACATA	1	1	0
GGAAGTCCTTTGTGTC	1	1	0
ATGACTTGTGCAAGGG	1	1	0
TAACTTCTAATCGGGT	1	0	1
TAGCGGATCACTTTCT	1	1	0
GGGTCATTGGCCCTTA	1	1	0
GGTGTCGAATCAGCGC	1	1	0
GGTAAATCGTGTCGGA	1	1	0
AGCAACGCTGAAATGA	1	1	0
AGCAACGCCTCGATGC	0	0	0
GCCAACATCACGGACT	1	1	0
ATGGTCTGGACAAAGG	1	1	0
AGAGAGACACTGCCGT	1	1	0
ATCCCACCTGTGTCCT	1	1	0
AATGTATGCCGCTGTT	1	1	0
ACAAGTAGACGCCATT	1	1	0
ATACACCCGGTCTGAC	1	1	0
AAAGAAAGTGTCTTTC	0	0	0
AAACGTGATGCAAGGG	1	1	0
GGACTGGAATGACCGA	2	2	0
ACTGCTGGAAACAGGG	1	1	0
AGCACGTAACCTTGCC	1	1	0
CCCTGTTTAACCTGAC	2	2	0
AGCACGTACGGCACAT	1	1	0
ATCAATCGTTAGGACC	1	1	0
TATCTGTCCGGACAAC	1	0	1
CGGCTGTATCGAAGCT	1	0	1
ACCACAGACTTGGTGT	0	0	0
AGTAATGGGCTTACCT	1	1	0
GAAGATATACTAGGAT	1	1	0
AAACCGCCCAATTAGT	1	1	0
ACTAATTGGCTCTAGT	1	0	1
AAGTGAGAAATGAATG	1	1	0
GGCACTTCCTTTCTTT	1	1	0
CGAGGCTAACAGCGGA	1	1	0
CCCTCTTGGAAGTGCC	1	1	0
ACCTTCCCATTGGGCC	1	1	0
GCGCTGATAAGCGTAC	0	0	0
AGAGGTGCCTACTTGT	2	1	1
CACTTGATGGCCCTTA	1	1	0
AAGGATGAAGCACCAC	1	1	0
GCTTCTCCCCTACTAG	0	0	0
CCAGCGAAACGGTAGC	1	1	0
GTGTCACCTGCGACAG	2	2	0
GGTCCTAACCATTTGA	1	1	0
CCCTCTTGAGCGTAGG	1	0	1
ACAAGTAGTAAATAGG	0	0	0
CCTTTACAGGGAGGTA	1	1	0
GCTTCTCCTAACCCGT	1	1	0
CGTACCGACGCTAGTC	1	1	0
TAAACCGATGCAAGGG	2	2	0
CATTCATTTTCACATA	1	1	0
AGCCATCTAGCGCCTT	1	1	0
AGCAACGCAAACTGGT	1	1	0
AGCATGCCTGTCTTTC	1	1	0
CCGAGATCAACCTGAC	2	2	0
AAACAAACTCACCGAG	1	0	1
AGCAACGCATGGATTA	2	2	0
CTGTGACCGCTCTAGT	1	1	0
AAGTATTGCAGGTGTC	1	1	0
AGGTTCCCATACTCTT	2	2	0
TGCTGACGCTTCGATT	1	1	0
AGGGACTGCCCGAATG	0	0	0
AGAAAGTGAGCTACGG	1	1	0
CTCACATCCCAACCGT	1	1	0
AATCCGGCGAAGGCTT	1	1	0
GATGTGGCATCAAGTG	1	0	1
CCACCTCTGTTACCGC	1	0	1
GTGAACTCTTTGTGTC	1	1	0
TAACTTCTTAAGACGG	1	1	0
GGGTCTAGTGTTCCAG	1	0	1
CATGCTGCCTAGTAAC	1	1	0
CCGAGATCCGAACGTA	1	1	0
ACTCATACTCGGTTTA	1	1	0
ACTGCTGGGTGTCGGA	1	1	0
GATGTGGCCGAACGTA	1	1	0
GAATGCGCTGCGTATC	1	1	0
CCCTTGCATGTGCTCA	1	1	0
CTAACGCCACTAGGAT	1	0	1
CCCTCTTGACGCTCAG	1	1	0
CGATCCAAGTAACGTT	1	1	0
TGGAAAGCATCCGCTA	1	1	0
AGGTTCCCGAGTTCAC	1	1	0
GTATTGACATATACCT	1	1	0
ATTTCCATATGAAGCA	1	1	0
CATTTCTAGACGATGG	1	1	0
GAGGGTCAGTTCAACT	1	0	1
TCGGTCATAAACAGGG	0	0	0
TATTAGCGACGCAGAG	1	1	0
ACAATCTTTGGCTACC	1	1	0
TCAGCCTCATTGGGCC	2	2	0
AAATTCCGCTTCTTCG	1	1	0
CCATCCACTGCGTATC	1	1	0
CCCTTGCAACGTATAC	0	0	0
TCCGCTGTTTATAGCC	3	3	0
GGAACGAAGGTCTGAC	2	1	1
AGTAATGGCGTACCTA	1	1	0
ATGACAACCGGGCTTT	1	0	1
GGTTACACATACCCAG	1	1	0
CTGTGACCATACTCTT	1	1	0
TCCTATATGCAACCTG	1	1	0
GTGAACTCCTGGTGCA	1	0	1
CAGTTTAAAAGCTTCT	1	0	1
CCGTAGCTCGTACCTA	1	0	1
CTCACATCCTACTTGT	1	1	0
GTGTCAGGTGTCTTTC	1	1	0
CCCTGTTTGTTACCGC	1	1	0
CAGTTTAATAACTACT	1	1	0
ATCGCGCTCGAGATGT	1	1	0
TATCCACGTATTGCCT	2	2	0
ACGGTTGGGCTTTCCA	1	1	0
AGAGGTGCTTGGATCG	1	1	0
CTCGGTGACCTGACAC	1	1	0
AAACGTGAGGCATGCT	1	1	0
AGGACACAAACCTGAC	1	0	1
GTGTCACCCTTCTTCG	1	1	0
TACCCTGCACACTAAG	1	1	0
CATTCATTTCACGTTT	1	0	1
ACGTAAACTGTACACG	1	1	0
TGGACGGAATGGATTA	0	0	0
AACGATTTAAAGTCGG	1	1	0
ACTGCTGGTGCGTATC	1	1	0
GTCTAATCCACGGACT	1	1	0
GATACGCAGGCCTAAG	1	1	0
GAATGCGCTTTGTGTC	1	1	0
ACGTAAACATACTCTT	2	2	0
CGAGGCTACAATACTT	1	1	0
AAAGAGGCTAACCCGT	1	1	0
CATGACGAACGCCATT	1	1	0
ATACACCCCTTCTGGA	1	1	0
TACCCTGCCCTGACAC	1	1	0
ACGGTTGGGATCGTTT	1	1	0
TGCTTCATCTTACGGG	2	2	0
GTCAGGTTTGATAACA	1	1	0
CGATCCAATGGCTACC	0	0	0
AGAATCAATAGTCTAG	0	0	0
TAAGGGCCAAACCTCC	1	1	0
CATGCTGCTCGACGGT	1	1	0
CTCACATCAGGCAACG	1	1	0
AGTTGCGGAAGGTAAT	1	1	0
TCATACCACCCAAGCA	1	1	0
AGGCGTTTACGCAGAG	1	1	0
TGGCTAGTTAACCATC	1	1	0
CCTCATGATCATCCTT	1	1	0
CTCACATCCGGGCTTT	2	2	0
TGGAAAGCTGATGCCC	1	1	0
TGCACCAGCTTCTTCG	1	1	0
GTAAACAACGGCACAT	1	1	0
AGCAACGCCGCCTTGA	1	1	0
CGTACCGACAAGTCAT	1	0	1
GGCTTTGCAACCTGAC	1	1	0
GTTGTCCGCAATTAGT	1	1	0
AATCGTTCATATACCT	1	1	0
GATTTCCCGGTCCCTT	1	1	0
AAACACTATGACCCTC	0	0	0
CCCGTTCTCGAATAAT	1	1	0
AGAATCAACACGGACT	1	1	0
TCGGTCATCCCTTGGT	1	1	0
ATTTCCATTACAGCCG	2	2	0
CTCAAACATATTGCCT	1	1	0
TGGGAATTTGCCTCAC	1	0	1
ATCAGGGATGGCCTGT	1	1	0
ACCGTCGACCTGACAC	1	1	0
GTCTAATCTCCAGTCC	1	1	0
GTTCTGCTGGGAAGGT	1	1	0
TAAACCGAAAACTGGT	1	1	0
TCCAGAAGGGGAAGGT	0	0	0
GTCTTCCTGAGGCTGA	1	1	0
TGCACCAGGTGTCGGA	0	0	0
ATCCGCATGCTTACCT	1	1	0
TAGGCTTTCACAACAG	1	1	0
TGGTTAACGTGTCGGA	1	1	0
AGGTAAGCCCATTACT	1	1	0
TCATACCAAAATCAGA	1	1	0
ACGTAAACGTGGATGG	0	0	0
CACAACCTAGGAAGAC	0	0	0
TACCTCCCCCAGCAGT	1	1	0
GGGCATCAACGGTAGC	1	1	0
ATATGGGTGAGCCCAT	1	1	0
TCTATTCCTCATATGG	0	0	0
TGAATCCTCCATTTGA	1	1	0
TATCCACGGTCTCTCT	1	1	0
AGAGAGACCCAGCAGT	1	1	0
CTTTATCCGGTTTCTC	1	1	0
TCGTTCCCGGAGAAGC	1	1	0
GGCACTTCGTCTCTCT	0	0	0
CCTATTTACCGCAACT	1	1	0
GTCAGGTTTGAAATGA	2	2	0
ATTTGTTGCAAGTCAT	2	2	0
CTGTTGTGGCGTTGCT	1	1	0
CATTCATTCTTACTCC	1	1	0
CCACGTTGGGATAAAG	1	1	0
CCCTTGCATAGCTTAT	0	0	0
GTCCTTGCGGGAAGGT	1	1	0
AGTAGTTAAAACTGGT	0	0	0
CAGACTCGGTTACGAT	1	1	0
ACGTAAACCTGCGTTG	1	1	0
CAACGCAGCACGGACT	0	0	0
ACCCTCAACCTCGTCT	1	1	0
GGGCATCATCTCACTT	1	1	0
TACCCTGCATGAAGCA	1	1	0
AAACACTAGTTTGTTT	1	0	1
TCCGACACGGGAAGGT	1	1	0
GTACGCTTTTCGCTGG	1	1	0
TCCGACACGTTCAACT	2	2	0
GTTGTCCGAACAATCC	1	1	0
AGAGGTGCGCAACCTG	1	1	0
GTACGGACCCGTGTTT	1	1	0
CTTAGGCCATTCAGTA	1	1	0
CATGCTGCATATACCT	1	1	0
GCAAACTGTGCCTCAC	1	1	0
AAGAAGGTTGTGCTCA	1	1	0
ACCCATGCTAACCATC	1	1	0
ACTAGAGCACCCACGA	1	1	0
AATAAGGACGAATAAT	1	1	0
GGCTATAAAGAAGTCC	1	1	0
TAGCGGATGTTGCACG	1	1	0
AGACCTCATCCGTCCA	1	1	0
GCTAAGTTGAGCCCAT	1	1	0
AAGCTCCTTCGACACC	0	0	0
CCCTCTTGAATGAATG	1	0	1
CATTCGGGCTTCTGGA	1	1	0
TCGACTGCTTCCGAGT	0	0	0
GGTGTCGAACGGTAGC	1	1	0
AAGGGACCTTGCATAT	1	1	0
CAACGCAGCGCTCTCA	1	1	0
ATCGTAACTAAATAGG	1	0	1
ATGCATATTTGCATAT	1	1	0
TGCACCAGTTCCGCTC	1	1	0
GCCAACATAGGATTCA	0	0	0
CGAAACTCACCCACGA	1	1	0
GTGTCACCCGACTCCT	1	1	0
CGTTGCCTCTTGGTGT	1	1	0
CCTCATGACGTATTTC	1	1	0
TCAGCCTCAACACACG	1	1	0
TACCTCCCATACCCAG	2	2	0
AGGGACTGGCGTTGCT	1	1	0
ACGAATTCTGCTATTT	1	1	0
GGTAGCCAAAACAGGG	1	1	0
AAAGCCCGTTGATTCT	1	1	0
GAGGGTCAAAGATTGT	1	1	0
ATTTCCATAGGATTCA	1	1	0
TAGCGGATCATCTCCC	0	0	0
AAATTCCGAAACAGGG	1	1	0
CTTCTACGCCCATCTG	1	1	0
GGCACTTCGCAAGGAC	0	0	0
TACGTTCGTAGAAATG	1	1	0
AGGCCGAACCCTTGGT	1	1	0
TAATCCATCCCTTCAG	1	1	0
CTGAGCGTAGGAGCTT	1	1	0
TCGGTCATCGTCAGCA	0	0	0
TCATAGCTTTCGCTGG	0	0	0
ACCAGTTTAATCGGGT	1	1	0
AGTAATGGGGTCACAG	1	1	0
AGTCACAATCGAAGCT	1	1	0
CGGCTGTACTACTTGT	1	0	1
AGAAACCAGGCTACTA	1	1	0
ATACTCTCTTAGTCCG	2	1	1
GTCTTCCTGAAAGACC	1	1	0
TGGTGTCTAACCTGAC	1	1	0
AGTCACAAGCGTTGCT	1	1	0
CCGTCTTATAACTACT	1	1	0
CTCCTCCATCCCAATC	2	2	0
AGAGAGACCGTGCTAG	1	1	0
GAATGCGCACAGCGGA	1	1	0
TAACTTCTCTGAGTGC	1	1	0
GACTAGCGAGCGCGAT	1	1	0
GGTGTCGAGTCAAAGA	1	1	0
AATCGAAGTGTGTCCT	1	0	1
GCATCGAGCGGACAAC	0	0	0
GTGTCACCATATCTTC	2	2	0
CTCACATCCTGGTGCA	1	1	0
TGGACGGAATACCCAG	1	1	0
TGCTTGGGACCTTGCC	1	1	0
AGCCATCTCGCTCTCA	1	1	0
AGGTATATAAACAGGG	1	1	0
ACAAAGATGTACCTTG	1	1	0
CAATCTAGGGCCCTTA	1	1	0
ACCACAGAGTTCAACT	1	1	0
ACTTCGCTGCCTCTTT	0	0	0
GGCTTTGCAATGAATG	2	2	0
AGAGAGACAAACTGGT	1	1	0
ATACACCCGTTACCGC	1	1	0
GAATGCGCATACTCTT	1	1	0
TCTTTGACCTTCAGGT	1	1	0
TCGACTGCCACTTTCT	1	1	0
TCGACTGCTAACTACT	1	0	1
ACCACAGAAACCCTTG	1	1	0
GAGGGTCAACTAGGAT	1	1	0
ATATGCAAAGTGAAAG	0	0	0
GGACTGGAAAGCTTCT	0	0	0
TCTGATTTCAAGTCAT	1	0	1
AGTTGCGGGGATAAAG	1	1	0
CTCCCAAAATATCTTC	1	1	0
ACTAGAGCCACTCCTC	1	1	0
ACTAGAGCGGCTACTA	1	1	0
AACAAATGATGAAGCA	1	1	0
AGAATCAATGCCTCAC	1	1	0
GTGTCACCTTGCATAT	1	1	0
GGGTCTAGAGCGCCTT	1	1	0
TACCTCCCAAGGTAAT	1	1	0
AGCAACGCACTGCCGT	1	1	0
CGTGTACATGTCTTTC	1	1	0
CCACCTCTATGGATTA	0	0	0
ATGTGCCGATGAAGCA	1	1	0
GAATGCGCGATTGCGA	1	1	0
ATTATTCGGTTACGAT	0	0	0
CCTATTTAAGAAGTTA	1	1	0
ATTATTCGGATCGTTT	1	0	1
ATGGGCTCCGTGCTAG	2	1	1
AGTCACAACTTCGATT	1	1	0
AACGATTTTGTACACG	1	1	0
CATTTCTAGGGAACGA	0	0	0
CATTCATTAGGCAGTT	1	1	0
GTGAGGCAAAACTGGT	1	1	0
AGAGAGACCGGCTTAC	2	2	0
AGGGACTGTTCACATA	1	1	0
GTAAACAACCGCTGTT	1	1	0
GTAAACAAATATACCT	0	0	0
GGGAGATGCGTATCGG	2	2	0
GGCACTTCTGACCAGT	1	1	0
CTCCCAAAGTGTCGGA	1	1	0
GTATTGACCCATTACT	1	1	0
AAGAGTATAGTGAAAG	0	0	0
AGAGAGACCAGTTTGC	1	1	0
CATTCATTTCCAGGGA	1	1	0
TAGGTACGTTTAACAG	1	1	0
AGCTCCACGTGGATGG	1	0	1
TGGACGGATCATGAGG	2	2	0
ACCAGTTTGACAAAGG	1	1	0
CGGCTGTAACTAGGAT	0	0	0
GTAAACAAAACCCTTG	0	0	0
TGACGTCGAGTGAAAG	1	1	0
TAGCGGATTCGACACC	1	1	0
AGAGAGACGAGTTCAC	1	1	0
CCATCCACCTCAGAAT	1	1	0
ATCCTAGTCATACATT	1	1	0
AACGGTAGGGTTTCTC	0	0	0
ACTAATTGGAAGTGCC	1	1	0
ACCCATGCTGGTATGA	0	0	0
AAACGATCGCAGCATG	1	1	0
GTCTTCCTCAGATTAC	1	1	0
AGGGACTGAAACCTCC	0	0	0
ACCAAGGGGTACCTTG	1	1	0
TACGCGAGCCCATCTG	2	1	1
GAAATACGTCCTTATT	1	1	0
ACAAGTAGCCCGAATG	1	1	0
CATTCATTTCGGTACG	1	1	0
GACACAAACCGTGTTT	1	1	0
GTGTCACCGGCGTTAG	2	2	0
AGTGCTTCGCAGGGTA	1	1	0
CCATCCACAATCGGGT	2	2	0
CCGTAGCTGGGCCAAT	1	1	0
GTCAGGTTTGTGGCTA	1	1	0
CTAGTAGGCACAACAG	1	1	0
GTTCTGCTCCATTTGA	1	1	0
CAACGCAGTGGCCTGT	1	1	0
AACTCAGTTACAGCCG	1	1	0
AATAAGGAAACCCTTG	1	1	0
AATCCGGCGGCCTAAG	1	1	0
GTACGCTTGGCTACTA	1	1	0
ACTGGTCACGGCTTAC	0	0	0
TGACGTCGGCCTCTTT	1	0	1
CGGACTAATCGACACC	1	1	0
CCAGCGAAATTCCTTG	0	0	0
GGCTTTGCTGGTTTCT	1	1	0
GTACGGACCAGGTGTC	0	0	0
AAGTCCAATCACGTTT	1	1	0
CTCACATCCCCGACTT	1	1	0
AACTGCCTGTTTACGT	1	0	1
ATATGCAAATACTCTT	1	1	0
CGATCCAAGTTCTGTT	1	1	0
CCCTTGCAAAACTGGT	1	0	1
TAATCCATTAACCCGT	2	2	0
CCCGTAAGTAAATAGG	1	1	0
CTGTCGCAAGCTACGG	0	0	0
TAGGTACGGTGTCGGA	0	0	0
GAAAGACAAGAACGGG	0	0	0
GCTCGTAGTAGTGGAC	0	0	0
GTCTTCCTATACCCAG	1	1	0
GTTGTCCGAGAACGGG	0	0	0
AGTCACAACCACATTA	1	1	0
AGGCCGAACCTCGTCT	1	1	0
ATTATTCGATATCTTC	1	1	0
CAATCTAGCCATTACT	0	0	0
TGAGCACACCCATCTG	1	1	0
TACCTCCCTTCCAGAC	1	1	0
CGAGGCTAGGTCCCTT	1	1	0
CTCAAACAGGTCCCTT	1	1	0
TCGTGGGTGGCATGCT	1	1	0
GGTAGCCATAAGACGG	1	1	0
GCTATGGGCTTACGGG	1	1	0
AACAGAACCCAGCAGT	1	1	0
CTCCCAAACTTACGGG	2	1	1
AAACAAACCCCTAACC	0	0	0
GGATTGTTAAACTCGA	1	1	0
GGAGGTTTCTACCGTT	1	0	1
CTGTTAAACCGCAACT	1	1	0
AACGATTTATCTTTGT	1	1	0
CAAGGGTTTTCCGAGT	1	1	0
AACGCCAATAGAAATG	2	1	1
CGTTGCCTAGAAGTCC	1	1	0
CGATCCAACCATTACT	1	0	1
CAAGGAATCACAACAG	1	1	0
GACTAGCGATACTCTT	1	1	0
AGTTGAACCAATTAGT	1	1	0
GGTAGCCATAGTCTAG	1	1	0
GTTCTGCTATGGATTA	1	1	0
CGAGGCTAGGTCACAG	1	1	0
TACCTAAGCTACTTGT	1	0	1
TCTATTCCACTGAGTT	1	1	0
AATGGCGTTAACTACT	1	1	0
ACAAAGATGTGTCGGA	1	0	1
CCCTTGCATGACGGAC	1	1	0
AACGGTAGTGACCCTC	1	1	0
GTGCGAAGAAGCGTAC	1	1	0
AGGCAATAGATGTGAG	0	0	0
AGTTGAACGTTACGAT	1	1	0
TGCCGGTATAGTCTAG	1	1	0
GTCTGGAATGACGGAC	1	1	0
TCCAGAAGTGAGGTCT	0	0	0
TATCTGTCATATACCT	1	1	0
GATTTCCCACCACGCT	0	0	0
TAGTAGCCATGACTTT	1	1	0
CGGACTAAATACTCTT	1	1	0
GTCCGTCACAAGTCAT	2	2	0
AATGGCGTTTGTCGCC	0	0	0
ATAACAGGGATTGCGA	1	1	0
AACAGCGGTTTGTGTC	1	1	0
AGAATCAATACCGGCA	1	1	0
GGCGACAAAATGAATG	1	1	0
CGGCTGTATTAGTCCG	0	0	0
ACATCTCGTCGAAGCT	0	0	0
GGCACTTCGACAACTT	0	0	0
TCGCAATCAGGAGCTT	1	1	0
CTGCTAGAATGACCGA	1	1	0
CAGGTTGCAACCTGAC	1	1	0
AGCAACGCGGTCACAG	4	4	0
ATACTCTCAATGAATG	1	1	0
CGAGGCTATACAAACT	1	1	0
ACGGCAGTCTTCTTCG	2	2	0
ACTAGAGCCAGACCAT	0	0	0
TATCTGTCTGGCCTGT	1	1	0
GCGGTAACGCGTTGCT	1	1	0
GAGCGGAATTCCAGAC	1	1	0
CCTCATGACTACTTGT	1	1	0
ACCTTCCCACGGTAGC	2	1	1
CATTCATTCCACATTA	1	1	0
ATGGGCTCTCCCTGAT	1	1	0
GAGGAGTGCAGACCAT	1	1	0
CTCTGCGTCTACTTGT	1	1	0
TCGTGGGTTGACCCTC	1	1	0
AGCAACGCGTGTCGGA	1	1	0
CCTTTACATACCAGGC	0	0	0
GCCAAAGCACCCACGA	1	1	0
ACGGGTTAGGAGAAGC	1	1	0
GAATCCCAAATGAATG	1	1	0
AAACTACACTAGATTG	1	1	0
GTCCGTCAACGAAACG	0	0	0
ATTTCCATAACTTAGC	1	1	0
TCCTATATACTGAGTT	1	1	0
AAGTTGTCGGCGTTAG	1	1	0
CAAACATTGAACGATT	1	1	0
GATGGTTATCGAAGCT	0	0	0
CCTTTGTCGGATAAAG	1	1	0
AACGCCAAGTCTCTCT	1	1	0
ATATGGGTTGGCTACC	1	1	0
CTGTTGTGCTCTTGAC	1	1	0
ACTTCGCTAATCGGGT	1	1	0
CCGAGATCATCCGCTA	1	1	0
CCAGACAGACCTTGCC	1	1	0
TCGTGGGTGTGGATGG	1	1	0
CCGATACGCGATTGAT	1	1	0
AGAAACCAGAGAATTG	1	1	0
AGCGTGGTAAGGTAAT	1	1	0
CGGTGAGTAACCTGAC	2	2	0
TAGATCAAGGATAAAG	1	1	0
AACGGTAGCTTACGGG	1	1	0
AGTAATGGCACAGTTT	1	1	0
GGACTTCTAACAATCC	1	1	0
TGCACCAGATTGGGCC	1	0	1
GCGGTAACCTGCGTTG	1	0	1
GCCAAAGCCAGATTAC	1	1	0
CGTGTACATGACGGAC	1	1	0
TATCCACGATTCCTTG	1	1	0
TCTTTGACCGAACGTA	0	0	0
AAACTACACTTAGGTA	1	1	0
GCTCGTAGCTAGTAAC	1	1	0
CATTCATTAAGGTAAT	1	1	0
AGTAATGGACTAGCCA	1	1	0
AGGACACATCATATGG	0	0	0
AGGCCGAACGACTCCT	1	0	1
CGTCGAATCTTACGGG	1	1	0
TGCGACTATAACTACT	1	1	0
ACCAACCCGTGGAGCT	1	1	0
AGTAATGGTTCCGAGT	1	1	0
CAGGTTGCTCGACACC	1	1	0
GCCTTGTGGAGCCCAT	1	1	0
CCATCGTCGATCGTTT	1	1	0
ACCCATGCGCCGGATT	0	0	0
AGCTCCACATGAAGCA	1	1	0
TAGATCAAATATGCAT	2	2	0
GAAGATATATCCGCTA	1	1	0
CTCACATCACGTATAC	1	0	1
TCCGACACAATCGGGT	1	1	0
CAAGGGTTCTTCTGGA	1	1	0
CTCACATCATCAGCGC	1	1	0
AGTCCGTGTGTGTCCT	1	1	0
GAAAGACACTTCGCAC	1	1	0
AAGAAGGTGGTCACAG	1	1	0
TGGGAATTTTCACATA	1	1	0
TCTATTCCAACAATCC	1	1	0
AATCGAAGTCGTCATG	0	0	0
AATATGACATGCGGAT	1	1	0
CCATCGTCAAGCTTCT	1	1	0
ACATGGACTTCCAGAC	1	1	0
AAGAACAGCGGGCTTT	0	0	0
GAAGATATCCCTAACC	1	1	0
ACAAGTAGACTAGGAT	0	0	0
TGGGAATTATACTCTT	1	1	0
GCTATGGGTGTCTTTC	1	0	1
ACGACGACTGACGGAC	1	1	0
TCTATTCCTTGCATAT	1	1	0
CTAACGCCTACCAGGC	1	0	1
GTGTCAGGAGCTACGG	0	0	0
ACAGATAATATTGCCT	1	1	0
GGTAGCCATGACGGAC	1	1	0
CTTAGTGTGAAGCACT	1	0	1
CTCAAACACGAACGTA	1	1	0
TCCGCTGTGAAGTGCC	1	1	0
ACCAACCCTGCCTCAC	1	1	0
GTCCTTGCCCGTGTTT	1	1	0
AGTAGTTAAATGAATG	1	1	0
CTGTTGTGATGACCGA	0	0	0
CTGCTAGATAGTGGAC	1	1	0
AAGGATGATCGAAGCT	1	1	0
GATTACTTACGTATAC	1	1	0
AAGTTGTCCTTGGTGT	2	1	1
GGGTCATTGCCTCTTT	1	1	0
AATGGCGTCTACTTGT	1	1	0
CGTTTCGTGTTGTCAT	1	1	0
ATCCGCATATCTTTGT	1	0	1
ACCAAGGGGTCCAAAG	1	1	0
GTGTCAGGTTCGCTGG	1	1	0
TAGTAGCCTGCCTCAC	1	1	0
AGAAAGTGCGTGCTAG	1	1	0
CGTTGCCTTCATGAGG	1	1	0
GCCAACATTTGAGGGT	1	1	0
AGTAATGGGTGTAACC	1	1	0
CTGCTAGAAAACAGGG	1	1	0
GCGCTGATCCTGACAC	1	0	1
AATCGAAGGGTCCCTT	1	1	0
CTGTTTCCTTAGTCCG	1	1	0
ACGGTTGGATGTTGGC	1	1	0
ACTGGTCATCGACGGT	1	1	0
CGAACCGAGGACTTCC	1	1	0
AACTCAGTCCATTTGA	1	1	0
CCCTGTTTCGCTCTCA	2	2	0
ACCGTCGAGTGGATGG	1	1	0
GGACTTCTGATCTCGG	1	1	0
TGGTGTCTCGAGATGT	1	1	0
AGTAATGGAGTGATGC	1	1	0
AGTAATGGTAACTACT	1	1	0
GGTAGCCAAATCGGGT	1	1	0
GTCAGACCCTTCAGGT	1	1	0
TAGCGGATTGCGACAG	1	1	0
AACGTTACGCAGCATG	1	1	0
TACGCGAGAGCGTAGG	0	0	0
CGGCTGTAGACAGATA	1	1	0
ATGGGCTCAAGCTTCT	1	1	0
CTTAGGCCGTCTCTCT	0	0	0
TGAATAGGATATCTTC	1	1	0
ATTTCCATCTCGATGC	2	2	0
CTAGACTACGTATTTC	1	1	0
GTGAACTCATATAGGA	1	1	0
AGGCAATAATCCCACG	2	2	0
TAATCCATGGTTAGTG	1	1	0
GTCTTCCTTCGAAGCT	0	0	0
GTCTTCCTTGGTATGA	1	1	0
AGGACACAGTCTCTCT	0	0	0
AGGGACTGCCGCAACT	0	0	0
GCACTCAGCAGGTGTC	1	1	0
AGCACGTATAAATAGG	0	0	0
ACCTTCCCGTCAAAGA	1	1	0
ATGCATATTTTGGGAG	1	1	0
CTGAAGGGCTACTTGT	0	0	0
TCGTTCCCTTATCTGT	1	1	0
CTGAAGGGAAACTGGT	1	1	0
ATCAGGGACGACTCCT	1	1	0
TCCCTGGACAGATTAC	1	1	0
ATACTCTCTAGTCTAG	1	0	1
AGCATGCCGGATAAAG	1	1	0
TATTAGCGCAGGTGTC	1	1	0
ATTACCTTCGAGATGT	1	1	0
CGAGGCTACCATTTGA	0	0	0
AGCACGTAAAGATTGT	1	1	0
CTGAAGGGAAAGCCTA	1	1	0
AGTAATGGTGCCTCAC	1	1	0
GCCAACATCCGCTGTT	1	1	0
CATGCTGCGTTTGTTT	1	1	0
TCTATTCCCCGCAACT	1	1	0
GCTACCGTTGACGGAC	1	1	0
GAGAAACCCCCGAATG	1	1	0
ATTTCCATCGACTCCT	1	0	1
ACTTCGCTTCGACACC	2	1	1
ATCGTAACCTTCTGGA	1	1	0
ACTAATTGCGGGCTTT	1	1	0
ATAGATGTGTCATATT	1	0	1
GAAGATATTGGTATGA	1	1	0
AAAGCCCGTAACCCGT	1	1	0
CCGTCTTAAAAGCCTA	1	1	0
CCTTTACACTTACGGG	2	2	0
ATCCTAGTTTTGGGAG	1	1	0
CTGCGATGCTTACGGG	1	1	0
CCATCCACCGGGTAGT	0	0	0
AGCGTGGTAATGAATG	1	1	0
AGCGTGGTTACAAACT	2	2	0
AAACACGGATGTTGGC	1	1	0
AATATGACATTCCTTG	1	1	0
TCCTATATATATCTTC	1	1	0
CCATCCACACCCACGA	1	0	1
ACTCGGAATAACCATC	1	1	0
CCATATGATAGAAATG	1	1	0
GTCAGGTTGGTTAGTG	1	1	0
AGGCCGAACTAGTAAC	1	1	0
AATGTATGTACCAGGC	1	1	0
GGACTGGACACAACAG	1	1	0
CACTAACCTAGAAATG	1	1	0
TAGTAGCCAAAGCCTA	2	2	0
ACATCTCGTAGAAATG	1	1	0
ATGACTTGCGCTCTCA	1	1	0
TCGACTGCACCACGCT	1	1	0
CATGACGATTGATTCT	0	0	0
GGACTTCTTCCGTCCA	1	1	0
CCGTCTTATGTGGCTA	2	2	0
CCTTTGTCCGAACGTA	1	1	0
GATTTCCCCATACATT	1	1	0
GGACTTCTTCGACGGT	1	1	0
AATCGAAGAATGACCC	1	1	0
AGGTATATAGGATTCA	1	1	0
CAAGGTACATCTTTGT	1	1	0
ATGACAACTAGTCGCA	1	1	0
ACCCTCAAAAACTGGT	1	1	0
AAGTGAGAGTCGTCGT	0	0	0
AGGACACAACTAGGAT	1	1	0
TGCCGGTACTACTTGT	2	2	0
GTCAGGTTCAAGTCAT	2	2	0
CAGGTTGCCTACGAGC	1	1	0
CAGACTCGCATTTGTT	1	1	0
GGACTTCTGAGAGTAT	1	0	1
GGAGGTTTTTATCTGT	0	0	0
ATGTGCCGTCTGTGGT	1	1	0
AGAGAGACCGGGTAGT	2	2	0
GCATCGAGCTTTAATC	1	1	0
TCCGACACCATACATT	1	0	1
CATGCTGCAAGCTTCT	0	0	0
ATTGAAGTCCATTACT	1	1	0
ACATGGACGTCAAAGA	1	1	0
AGAAGCTTCTACTTGT	1	1	0
CAGATGGGGATGTATT	1	1	0
TGCTGACGAACAATCC	1	0	1
GGACTTCTTAGAAATG	1	1	0
TGTTATCATTGGATCG	1	1	0
CTCTGCGTTACAAACT	1	1	0
ATGCATATCTCGATGC	1	1	0
AGTTGAACACCACGCT	1	1	0
GGGCATCACACAACAG	1	1	0
ACACCAAGACGGTAGC	1	1	0
CGTGCAACTATTGCCT	1	0	1
CTAGACTACGCTCTCA	1	1	0
GGTCTTTCGTTCTGTT	1	1	0
GAAGATATTAGTGTTT	1	1	0
GAGTGTACGCAAAGCC	1	1	0
ACCTTCCCGAGTTCAC	2	2	0
ACATGGACTGGCCTGT	1	1	0
CCATCGTCCTACCGTT	0	0	0
CAATCTAGGCCACATC	0	0	0
GTCAGGTTAAACTGGT	1	1	0
GGATTGTTCTTACGGG	1	1	0
CAAACATTAGTTTAGA	1	1	0
ACCTTCCCAAACAGGG	1	1	0
ACTGCTGGAGAGACTA	1	1	0
GTCCTTGCGAGGCTGA	2	2	0
CTCCTCCAGAAGTGCC	1	1	0
CCATATGAATTCGACG	0	0	0
AAGTATTGGGGAACCT	2	2	0
AAGTATTGTCGACACC	1	1	0
CCTCATGAGACAACTT	1	1	0
ACCAGTTTGGGAAGGT	1	1	0
ACCTGAAGTTGATTCT	1	1	0
ACCCATGCTGCGACAG	1	0	1
AGCACGTAGGGAACCT	1	1	0
CCATCCACCACTTTCT	1	1	0
ATTTCCATTCGACACC	1	1	0
CACTAACCCTAGTAAC	1	1	0
CTTTATCCAAACTCGA	1	1	0
AGCCATCTCGTGCTAG	1	1	0
CACTAACCTGACCAGT	1	1	0
CTGTGACCTCCTTATT	1	1	0
GTCTTCCTGAAGCACT	1	1	0
AAACACGGACAGCGGA	1	1	0
ATAGATGTTTGCATAT	1	1	0
CACTAACCACGAAACG	0	0	0
CTCCTCCAGAGGCTGA	1	1	0
GGCAAGGTGATTTACC	1	0	1
ACCAACCCGACAACTT	1	1	0
CGGACTAATCTGTGGT	1	1	0
CCTTTGTCAAATCAGA	1	0	1
AGGACACACCCTAACC	1	1	0
AATAAGGAAATGAATG	1	1	0
CGTGTGTTTGCCTCAC	1	1	0
GAAGATATTGCCTCAC	1	1	0
TCGTTCCCCTGAGTGC	1	0	1
CAACGCAGATCCCACG	1	1	0
GACACAAATGGTATGA	1	1	0
ACCCATGCAGGAAGAC	1	1	0
ACGCTTAACTTACGGG	2	2	0
ACCACAGAGAGCCCAT	1	1	0
CCATGCATTTGTCGCC	1	1	0
ACGACGACGTGTCGGA	1	1	0
ACCGTCGAATATACCT	1	1	0
GTCAGGTTATATCTTC	1	1	0
CCCTCTTGAACTTAGC	1	1	0
TAAGGGCCGTACCTTG	1	1	0
CGGCTGTATGGCCTGT	1	1	0
GCCAACATAAACGCCT	1	1	0
CCGATACGCTAGATTG	1	0	1
GGCGACAACACAACAG	1	1	0
TAAACCGATGACGGAC	1	1	0
AACAGAACGGCTACTA	1	1	0
CTGTCGCATTGTTTAC	1	1	0
GTCCACTACTCAGAAT	1	1	0
TGCTTCATCGCTCTCA	1	0	1
TCCAGAAGTTCGTTCC	0	0	0
TCAGCCTCTTAGGACC	1	1	0
TATTAGCGTTATCTGT	1	1	0
CCGAGATCTCTCAACC	1	1	0
CTCTATAGCACTTTCT	1	0	1
AATGTATGGTCTCTCT	1	1	0
GTAAACAAACCACGCT	1	1	0
AGGACACATTATCTGT	1	1	0
ACCGTCGATCTGTGGT	1	1	0
CACAACCTAAACGCCT	1	1	0
CTAACGCCGAAGTGCC	2	2	0
ATAACAGGAGCTACGG	0	0	0
ACAGATAATGCAAGGG	1	1	0
TCATACCACCGCTGTT	1	1	0
ACGGGTTACCTATTCA	1	1	0
CATTTCTAGGGAAGGT	1	0	1
AGTAATGGCTTCTGGA	1	1	0
ACCTTCCCCGGGCTTT	1	1	0
TGCACCAGTCTCAACC	1	1	0
ATACTCTCTCCTTATT	1	1	0
TAGGCTTTCCTGTTAT	1	1	0
GACACCTGTGCTATTT	1	1	0
TATCTGTCATCTTTGT	0	0	0
ACGCTTAAATGTTGGC	1	1	0
GGCACTTCGCCGGATT	1	1	0
ACTGGTCATTAGTCCG	1	1	0
TGACGTCGGTCCATGT	1	1	0
ATAACAGGTAACCCGT	1	1	0
TGGTTAACTCGTCATG	1	1	0
GGAGTAAGCCCTTCAG	1	1	0
GAAGATATACCTTCTT	1	1	0
AACTGCCTATCAGCGC	1	1	0
ATCGCGCTCAGATTAC	1	1	0
AGTAATGGTTAAGCGT	1	1	0
AAACCGCCTCGTCATG	1	0	1
AGGTATATTGTCTTTC	1	1	0
GTGTCACCTCCGTCCA	1	1	0
ATTTCCATAGCGTAGG	1	0	1
CGTGTACACTACTTGT	1	1	0
ATATGGGTAACCCTTG	1	1	0
CCACGTTGATACTCTT	1	1	0
TGCTGACGCCTGACAC	1	1	0
AAATAGCAGGGAAGGT	1	0	1
CAGACTCGCGTAGAAG	1	1	0
AGGCAATATCGACGGT	1	1	0
GCTCGTAGCACTCCTC	0	0	0
TCGGTCATGAAAGACC	0	0	0
GTGCCCATCAAGAGGG	1	1	0
GCATCGAGACTGAGTT	1	1	0
AATCCGGCTACAAACT	2	2	0
AGCTCCACAGCTATGA	1	1	0
TAGTCTCTATCCCACG	1	1	0
CGATCCAACTTCAGGT	1	0	1
CCATATGAATTGGGCC	1	1	0
GATACGCAGGGAAGGT	1	1	0
ACGACGACAATGAATG	1	1	0
GGATTGTTGGTCTGAC	1	1	0
CACAACCTTTTACCCT	1	1	0
AGGCCGAATTCGGCCT	0	0	0
GGTGTCGATGCCATCG	1	1	0
TCAAGGCGAAACTCGA	1	1	0
TCAGCCTCTTCGCTGG	0	0	0
GGGATTACGTCGTCGT	1	1	0
GGAGGTTTGGCCTAAG	1	1	0
GTCAGGTTGTAATCCC	0	0	0
AAGTCCAAGAAGGCTT	1	1	0
GGGTCTAGGGGCCAAT	1	1	0
GGTGTCGAGTAATCCC	1	1	0
TATGTGAAGAGCCCAT	1	1	0
ACGGTTGGAGCAGAAC	1	1	0
CCATCGTCTTGTCGCC	1	1	0
AAACACTATCACGTTT	1	1	0
AACGATTTGGTGGGAT	1	1	0
AGCAACGCCTTTCTTT	1	1	0
AGTAATGGCTTCAGGT	1	1	0
CCCTTGCAGACGATGG	1	1	0
CATTCATTTCTAGCAG	1	1	0
CCCTCTTGTGACGGAC	2	2	0
CCGTCTTATTGGACTT	1	1	0
GTCCTTGCCGAGATGT	1	1	0
GTCAGGTTGGGAACGA	1	1	0
TAGTCTCTGCCTCTTT	0	0	0
GAAGATATAATTCCCA	1	1	0
TGCTGACGCCCGACTT	2	2	0
CATTCGGGGAAAGACC	1	1	0
GAAAGACATCATCCTT	1	1	0
GCATCACTTCCTTATT	1	1	0
GCTTCTCCTCGAAGCT	1	1	0
TCAGCCTCATATCTTC	1	1	0
ACCGTCGATCGACACC	1	1	0
ACCACAGACACTTTCT	2	2	0
AGAAGCTTGGGTTGGT	1	1	0
ACAAGTAGTAGAAATG	1	1	0
AACGTTACCGACTCCT	1	1	0
TATGTGAAAAACTGGT	1	1	0
CACTAACCCCATTTGA	1	0	1
CCGAGATCGTCTCTCT	1	1	0
CCGACTTTGAGCCCAT	1	0	1
AAACGTGACAATACTT	0	0	0
AGCCATCTGTCAATAC	1	1	0
TAATGTGGCATCTCCC	0	0	0
GCTTCTCCTCCGTCCA	1	0	1
AACAGAACGCCGGATT	1	1	0
GTCAGGTTAGGCAGTT	1	1	0
AGGCGTTTGGGCCAAT	1	1	0
CTGTGACCGAAGCACT	1	0	1
TAGTAGCCTGCTCCGT	1	1	0
AATCCGGCAGCGCGAT	1	1	0
TACTGAATCGGAATTT	0	0	0
CACTAACCGCTTACCT	1	1	0
GGCGACAAGTCCGTAC	1	1	0
CGTGTGTTATACTCTT	1	1	0
GGCTTTGCAGCGCGAT	2	2	0
ATCCGCATTTGCACGC	1	0	1
ACTCGGAAGTTTACGT	1	1	0
TGCACCAGCCTATTCA	1	1	0
AACGATTTGTCGTCGT	1	1	0
AGTAATGGGCAGGGTA	2	2	0
GAAGATATGAACGATT	1	1	0
TGCTTCATGCCACATC	1	1	0
GGAGGTTTTCTCACTT	1	1	0
AAGGATGAGAGCGGTA	1	1	0
GTCAGGTTCGAGATGT	1	1	0
AAATAGCAATGTTGGC	1	1	0
GTGTCACCGCGTTGCT	1	1	0
ACTTCGCTGAAGCACT	1	1	0
ACTAGAGCTTCGGCCT	1	1	0
ATTTCCATTTTATCAC	1	1	0
GTCTTCCTCATCTCCC	0	0	0
GGTTACACCCGCTGTT	1	1	0
CCAGCGAACGTACCTA	1	1	0
GTGTCACCTAAGACGG	2	2	0
TATGTGAACCATTTGA	1	1	0
AATCCGGCCTTCGATT	0	0	0
AATAAGGACTACTTGT	1	1	0
AGTTGCGGTGCGTATC	1	1	0
CGTGGGATGAAGCACT	1	1	0
AAGTTGTCCTACTTGT	1	1	0
GATTAAAGTGCTCCGT	1	1	0
AGTTTGTAGTGTAACC	1	1	0
ACGAATTCTATTGCCT	1	1	0
AAAGAGGCCCCGACTT	1	1	0
ATAAGCTATCCAGTCC	1	0	1
AAACCGCCTTATCTGT	0	0	0
CTTTGGACTACAAACT	1	0	1
CGAGGCTACTACGAGC	1	1	0
ATCCCACCTTCGCTGG	1	1	0
TCAAATGGCGTATTTC	0	0	0
GCTTCTCCTGCCATCG	1	1	0
GGACTTCTCGCTAATA	1	1	0
ATGACTTGCGTCAGCA	1	1	0
TGCCGGTACTTCTGGA	1	1	0
AGGAGTCGCAGTTTGC	1	1	0
TCGACTGCCGGGCTTT	1	1	0
CATTCATTACTAGGAT	1	1	0
TGGACGGATCTCAACC	0	0	0
TCGAGTTTTTAAGCGT	1	1	0
AAACGTGATTAGTCCG	0	0	0
TCCCTGGATTGCATAT	1	1	0
AGACGAGGATGTTGGC	1	0	1
GTACGCTTACGCAGAG	1	1	0
AGTCACAACGCCTTGA	1	1	0
AGGCAATAGGGAAGGT	1	1	0
GCCAACATAATGACCC	1	1	0
ACGAATTCTGTCTTTC	1	1	0
TGAGCACAGGCATGCT	1	1	0
AGGCGTTTAACAATCC	2	2	0
ATTGAAGTTGTAAAGG	1	1	0
AAGAGTATCACAACAG	1	1	0
AGCACGTAAGGATTCA	1	1	0
CGGCTGTACGTATTTC	1	1	0
GTACGGACTAACTACT	1	1	0
ACTTCGCTATTGGGCC	1	1	0
GGGTCATTATCAAGTG	1	1	0
AGCTCCACCGCTAATA	1	1	0
CCATCGTCAATGAATG	1	1	0
ACAATCTTAATCGGGT	1	1	0
TAAACCGACGTACCTA	2	2	0
GCCTTGTGACGAAACG	1	1	0
CTGTTGTGAAACCTCC	1	1	0
AAACACTAAACTTAGC	1	1	0
ATTTGTTGGGTCTGAC	2	2	0
AATGGCGTTTATAGCC	1	1	0
TGCTTGGGCCTATTCA	1	1	0
TCGCAATCGGTGACAC	1	1	0
GGAGTAAGGTCGTCGT	2	2	0
CATTTCTAGATTGCGA	1	1	0
ACGGCAGTCGTACCTA	1	1	0
CTAACGCCCAGATTAC	1	1	0
AACAGCGGCCCTAACC	0	0	0
AGAATCAACGAATAAT	0	0	0
AGACCTCAGGGAACCT	0	0	0
GATACGCAGGACTTCC	1	0	1
GTGTCAGGCGAATAAT	0	0	0
ACGGGTTAAGCGCGAT	1	1	0
TCGGTCATGGGAACGA	1	1	0
GGCGACAAGCTTTGGC	1	1	0
ACGCTTAACGCTCTCA	1	1	0
CCCTGTTTGCTTTCCA	1	1	0
ATACTCTCTTCGCTGG	1	1	0
TCGCAATCAAACTGGT	1	1	0
ATCCCACCCGAGATGT	1	1	0
TCCAGAAGACTGAGTT	1	1	0
ACCCTCAACCTGTTAT	1	1	0
AGCATGCCGAGTTCAC	1	1	0
CGTGCAACATGCATGG	0	0	0
CCCGTTCTTGCCTCAC	1	1	0
GAAGATATGATGTGAG	1	1	0
AGTCACAAGCAGGGTA	1	1	0
CTCAAACACGAGATGT	1	1	0
ACGACGACCGTCAGCA	1	1	0
TAGGCTTTTGTGTCCT	1	1	0
ATATGGGTGCCGGATT	1	0	1
GTCTGGAACAGACCAT	1	1	0
AAAGAAAGCCGCTGTT	1	1	0
AAGGCGCTCTTTCTTT	1	1	0
ATACTCTCATATCTTC	1	1	0
CTGAAGGGTGACGGAC	1	1	0
ATACACCCGCTCTAGT	1	1	0
CAAACATTTATTGCCT	1	1	0
TCCGACACGGAAACAG	1	1	0
CCGACTTTGAAAGACC	1	1	0
TCTATTCCCGATTGAT	1	1	0
ACGGAGCATGTTTGAG	1	1	0
AACAGAACATTCGACG	1	1	0
AGTCACAAGGTCACAG	1	0	1
ATTTCCATTGACGGAC	1	1	0
AACTCAGTGGTCTGAC	1	1	0
AGTAATGGAGCTATGA	0	0	0
ACTGGTCATTGCATAT	1	1	0
AAGTATTGTACCGGCA	1	1	0
GTGATAAACGCTAATA	1	1	0
ATCCCACCGGCTACTA	1	1	0
CTGTTGTGCTTCTTCG	1	1	0
GTGTCACCTTTATCAC	1	0	1
GATGCAGATACAAACT	1	1	0
AATCGTTCCAGTCCCT	1	1	0
TGAATCCTCTACTTGT	1	0	1
GTGTCACCACGGTAGC	2	2	0
ATCAGGGAAGTTTAGA	1	1	0
CTGTTTCCTGCCTCAC	1	1	0
TAGCCACAATGGGCAC	1	1	0
CGTACCGAGAATTCGT	1	1	0
GATTGGGATCGAAGCT	1	1	0
TGCTGACGAGTGATGC	1	1	0
GTTACTAGGTTACGAT	0	0	0
ACCAACCCGGTGACAC	2	2	0
ATGGGCTCTTTACCCT	1	1	0
AGCTTCGAACCACGCT	1	1	0
CGATCCAAAGAGACTA	1	1	0
TGGTTAACTCCGTCCA	1	1	0
CCATATGAATACCCAG	1	1	0
ACTACCCGGGCTACTA	1	1	0
TCATTTCACTTCGATT	1	1	0
AATATGACGTTTACGT	1	0	1
CACAAGTACTCCGCAT	1	1	0
ACCTTCCCAAACCTCC	1	1	0
GGAAGTCCTTCGTTCC	1	1	0
ATCCCACCGTTACCGC	0	0	0
AGCTCCACGTCATATT	1	1	0
AATGTATGCTTACGGG	1	1	0
ATTTGTTGTTCGCTGG	1	1	0
CACAACCTATACTCTT	0	0	0
TCCGACACCAGATTAC	1	1	0
TGGAAAGCTATTGCCT	1	1	0
TCATACCACAGATTAC	1	1	0
GGAAGTCCTAGTCGCA	1	1	0
CTGAAGGGTCGAAGCT	1	0	1
TCCGACACCCGCTGTT	2	2	0
CGAGGCTAGGAATAGA	0	0	0
GCACTCAGAAGCTTCT	1	1	0
CAATCTAGGCGTTGCT	1	1	0
TAGCCACAGTACACTC	1	1	0
GGCGACAACTGTCTGG	1	1	0
CAAGGTACAAGGTAAT	1	1	0
AAATAGCATCCAGTCC	1	1	0
AGGTAAGCCTTAGGTA	1	1	0
CTTTGGACGTTAACCA	2	2	0
AGGGACTGTGTGTCCT	1	0	1
ACCAAGGGAGAACGGG	1	1	0
GTTCTGCTCAGGTGTC	0	0	0
AAGGGACCATGCATGG	0	0	0
AGTTTGTAATGGGCAC	1	1	0
GTACGGACAATTCCCA	1	1	0
GTCAGGTTCTCGATGC	1	1	0
TACCCTGCATGGATTA	1	1	0
CAATCTAGCGAACGTA	1	1	0
TGACGTCGCACAACAG	1	0	1
AGAATCAAAATGAATG	1	1	0
TCGAGTTTTGCGACAG	1	1	0
ACTTCGCTTGTTCCAG	1	1	0
CGTGTACAGTACCTTG	0	0	0
TAGTCTCTCGCTCTCA	1	1	0
AGGTTCCCAGACACCA	1	1	0
CAGACTCGGGTCACAG	1	1	0
ATACTCTCTCCCGTAG	1	1	0
ACTGGTCAGTCCATGT	1	1	0
TGCTTGGGTAGTCTAG	1	1	0
AAGGATGAGATGTATT	0	0	0
TATCTGTCTAAGACGG	1	1	0
TACTGAATGTCAAAGA	1	1	0
TGGTTAACCCTACTAG	1	1	0
GTCAGGTTCAGTCCCT	1	1	0
TGGGAATTCATCTCCC	1	1	0
TACCTCCCTGATAACA	1	1	0
GCTTCTCCATTGGGCC	1	1	0
AAGAGTATCTTGGTGT	1	1	0
GAAGATATTCATGAGG	1	1	0
AAGTATTGTTGTTTAC	1	1	0
GTCAGGTTTTCCAGAC	1	1	0
GCTTCTCCTTAAACTG	1	1	0
CCATCGTCACGTATAC	1	1	0
TGAGCACAAGCGCGAT	1	1	0
CACAACCTAATCGGGT	1	1	0
TAGTAGCCACGTATAC	0	0	0
ACGGCAGTTGCTCCGT	1	1	0
ATCAATCGCAGTTTGC	1	1	0
AAACACGGATCTTTGT	1	1	0
CCACCTCTATATCTTC	0	0	0
TGAGAGCGAAATCAGA	0	0	0
TCCAGAAGAGAGACTA	0	0	0
GTCTGGAACCCGACTT	1	1	0
GTGAACTCTCCGTCCA	1	1	0
GGAAGTCCAGCGCGAT	1	1	0
GCAAACTGCTTCTGGA	1	1	0
TAGGCTTTAATTCCCA	1	1	0
ACATGGACACGTATAC	1	1	0
GCATCGAGTTGTCGCC	1	1	0
AGGACACAACTGCCGT	1	0	1
TACCTCCCTTGGACTT	2	2	0
CCATGCATATACCCAG	1	1	0
CATTCGGGAAACGCCT	1	1	0
ACCTTCCCCTTACGGG	1	0	1
AGAGGTGCCTTACGGG	1	1	0
GAAGATATTACTTGTG	1	1	0
CGTCGAATAAACCTCC	2	2	0
GGGATTACTCCTTATT	1	1	0
CTAGCACGTGCAAGGG	1	1	0
GAGGAGTGGGCTACTA	1	1	0
CTGTGACCTGACCCTC	1	1	0
AGCATGCCTACCGGCA	1	1	0
TGGTGTCTCTTCGATT	0	0	0
CATGACGAGTCCATGT	1	1	0
CTAGACTATAAATAGG	0	0	0
AACGGTAGAACCCTTG	1	1	0
TCAGCCTCACCCACGA	0	0	0
CTGCGATGCCTCGTCT	1	1	0
AGCCATCTATTTCCGG	1	0	1
TACCCTGCGTTCAACT	1	1	0
AGAATCAACTACTTGT	0	0	0
TCTATTCCCAATTAGT	1	1	0
GAAGATATTGTGCTCA	1	1	0
CTCCTCCACCATTACT	1	1	0
AGGGACTGTTCCGCTC	0	0	0
TATCCACGAACACACG	1	1	0
GCGGTAACGATGTATT	2	2	0
AAGCTCCTAGACACCA	2	2	0
GTGTCACCGTAATCCC	1	1	0
TCAAGGCGGAAAGACC	1	0	1
CGATCCAAAACTTAGC	1	1	0
AGTCACAAATATACCT	1	1	0
TCTTTGACACATCTAT	1	1	0
CCCTGTTTCAGTCCCT	1	1	0
AGTAATGGTGCCATCG	1	1	0
TATTAGCGCTTACGGG	1	1	0
GGCGACAAACGCTCAG	1	1	0
GGTAAATCGGCCCTTA	0	0	0
GAATCCCATAGTCTAG	1	1	0
AAACGTGAATCTTTGT	1	1	0
AGCAACGCACGTATAC	1	1	0
ACTAGAGCCAATTAGT	1	1	0
TAGTAGCCACTGAGTT	1	1	0
GACACAAAGAGGCTGA	0	0	0
GTTACTAGAGCGAAGT	1	1	0
ATGGTCTGGAGCCCAT	1	1	0
CTACGGGAGGAAACAG	1	1	0
AATCGTTCGGCTACTA	1	1	0
TATCCACGTGCGACAG	0	0	0
TGGAAAGCCGACTCCT	1	1	0
GTGATAAAATATACCT	1	1	0
TGAGAGCGTTATCTGT	1	1	0
CATGACGAGCCGGATT	1	0	1
AACTCAGTAATCGGGT	1	1	0
CTACGGGACACTTTCT	0	0	0
ACATCTCGATATGCAT	1	0	1
GGAGTAAGCCCGAATG	1	1	0
GATTTCCCCTTCTGGA	1	1	0
TCCCTGGAGTTCTGTT	1	1	0
AACTGCCTGTTGCACG	0	0	0
ACTCGGAACAATACTT	0	0	0
AACAGCGGGAAGTGCC	1	1	0
CTACGGGAGGCTACTA	1	1	0
AGGGACTGAATGAATG	1	1	0
TGCTTCATGCCGGATT	1	1	0
CCGACTTTATTGGGCC	1	1	0
AAGGGACCATATACCT	1	1	0
CGTCGAATTAGTCTAG	1	1	0
CCATCGTCTCACCGAG	1	0	1
TAATGTGGATGAAGCA	1	1	0
ATGACAACCTACCGTT	1	1	0
CATTTCTACGAATAAT	1	1	0
GTATACGTAGAGACTA	1	1	0
AAGGATGAGTTCAACT	1	1	0
AAACCGCCTCGGTACG	1	1	0
AGAAACCAAAACAGGG	1	1	0
AGAGGTGCTTTGGGAG	1	1	0
CTGTGACCCTTCAGGT	1	1	0
CCAGCGAAACGTATAC	1	1	0
ATTTCCATTCATATGG	1	1	0
GAAGATATGAATACGC	1	1	0
AGACCTCAAATTCCCA	0	0	0
ATGTGCCGGGTCCCTT	1	1	0
GTTGTCCGCTGTTCTT	1	1	0
GTGTCACCCCCTTCAG	1	1	0
ATGACAACACTGCCGT	1	0	1
CTGCTAGATGCGACAG	1	1	0
TCTGATTTAAACTGGT	1	1	0
TCGTTCCCCTTCAGGT	1	1	0
GCACTCAGATATACCT	1	1	0
GGTCTTTCCGAGATGT	2	2	0
GGATTGTTGTCCAAAG	1	1	0
CATTCATTAAAGCCTA	1	1	0
GCAAACTGACTTCAAT	1	1	0
TACTGAATCGTAGAAG	1	1	0
AAACGATCTTTACCCT	1	1	0
CTAGACTATGACCCTC	1	1	0
TGAGCACATAACTACT	1	1	0
ATGGTCTGTATTGCCT	1	1	0
ATCAATCGCGAGATGT	1	1	0
CCTTTGTCTCCCGTAG	1	1	0
AGTCCGTGTGTACACG	1	1	0
GACACAAACCCTTCAG	1	1	0
AAGGGACCGCAAAGCC	1	1	0
TCCGCTGTTTGTTTAC	1	1	0
AGTCACAACCGCTGTT	1	1	0
GGTAAATCAATCGGGT	0	0	0
CCACGTTGCACTTTCT	0	0	0
GAGGAGTGCAACGTGG	1	1	0
GTGAGGCAAAGATTGT	1	1	0
ATTACCTTCCATTACT	1	1	0
TCGACTGCGCTCTAGT	2	2	0
CTTTCACTATGAAGCA	0	0	0
CTCACATCTGCAAGGG	0	0	0
TGAGAGCGTGACCCTC	1	1	0
TCTGATTTTTTATCAC	1	1	0
CATTCGGGATATGCAT	1	1	0
ACGCTTAACTAGATTG	1	1	0
AATACATCCAGGTGTC	1	1	0
CCACGTTGGTGGAGCT	1	1	0
TAGTCTCTTGTCTTTC	1	1	0
AAGTATTGCGGACAAC	1	0	1
ATTTCCATCGTACCTA	1	1	0
GCGGTAACCAATTAGT	1	1	0
CGTTGCCTTAACCATC	1	1	0
TCTTTGACCACAGTTT	1	1	0
CCGTAGCTGTCCATGT	1	1	0
CATTCGGGTGCAAGGG	1	1	0
GATGGTTACTAGATTG	1	1	0
GAGAAACCTGGCCTGT	1	1	0
GTATTGACTGGGATTC	0	0	0
ATATGGGTCCATTTGA	1	1	0
GAGAAACCCCGCTGTT	1	1	0
GGAGGTTTCGGGCTTT	1	1	0
CTGCTAGAGGCTACTA	1	1	0
ATTTCCATCATCGCAG	1	1	0
ATCTTGGCGAGAATTG	1	1	0
GATGTGGCGCAAGGAC	1	1	0
CGGCTGTACCCTTCAG	1	1	0
GTCAGGTTCTTCAGGT	1	1	0
ATTGAAGTCTTCGATT	1	1	0
GTATACGTTCTCAACC	1	1	0
CCCGTTCTTAGAAATG	1	1	0
ATCCCACCTTTGTGTC	1	1	0
AGGCGTTTACGAAACG	2	2	0
GTGCCCATACACTAAG	0	0	0
AGCAACGCAGTGAAAG	1	1	0
ACTACCCGAAACCTCC	1	1	0
AGTCACAAGTCCAAAG	2	2	0
GAATCCCAGGCCTAAG	1	1	0
ACTCGGAAACCCATAT	3	3	0
AAACTACAGATCGTTT	1	1	0
GCCTGGTAACCCATAT	1	1	0
TCCGACACCTAGTAAC	1	1	0
AGTAGTTAAGAGACTA	1	1	0
CCACCTCTAAGATTGT	1	1	0
CTGCTAGAATATAGGA	1	1	0
TGCTGACGTGCCATCG	1	1	0
TACGCGAGACGCAGAG	1	1	0
TACCCTGCTTCACATA	1	1	0
TGAGCACATTGTCGCC	2	1	1
CCATCCACGTCATATT	1	1	0
AGGTAAGCAACCTGAC	1	1	0
GATGGTTAGTAACGTT	1	1	0
AGCACGTACAACAAAT	1	1	0
AACAAATGGCAAAGCC	1	1	0
ATTTCCATGAGTTCAC	1	0	1
AGGGTAAACTCGCGTA	0	0	0
AATACATCGATTTACC	1	0	1
AAACCGCCTGACCCTC	1	1	0
AACAGCGGGAAAGACC	1	1	0
ATACTCTCTAACTACT	0	0	0
CCTTTGTCTGCTCCGT	1	1	0
ACTACCCGTGTACACG	1	1	0
TCGACTGCTTAAACTG	1	1	0
GATGGTTATAACCATC	1	1	0
ACCCTCAACCGCTGTT	1	1	0
CCTACGCTGTGTAACC	1	1	0
CGGACTAATCGAAGCT	1	1	0
TAGTCTCTCAGATTAC	1	1	0
GTCAGGTTCCATTTGA	1	1	0
AGTAATGGCGTATCGG	1	1	0
ACGGTTGGATTGGGCC	1	1	0
ATCCCACCAACCCTTG	1	1	0
TCGACTGCGAAGTGCC	1	1	0
CCGTAGCTAAACCTCC	1	1	0
GCCTTGTGAGTGAAAG	1	1	0
CACAACCTGTTACCGC	1	1	0
CTAGACTATGCCTCAC	0	0	0
CCATATGAAAGGTAAT	0	0	0
GAAAGACAGCTCTAGT	1	1	0
GTTGTCCGATATCTTC	2	2	0
AGAAAGTGGAACGATT	1	1	0
AACGGTAGCTTCGATT	1	1	0
GACACAAAGGCATGCT	1	1	0
ACGGTTGGTATTGCCT	1	1	0
AGAAAGTGAGCGCGAT	0	0	0
ACCTTCCCATATAGGA	2	2	0
ATACACCCTTTAACAG	1	0	1
TAGCGGATGCATGGGT	1	1	0
GGACTTCTTGCTCCGT	1	1	0
CAGGTTGCTTATCTGT	1	1	0
AGCACGTAGGTGGGAT	1	1	0
GCCTGGTAAATTCCCA	1	1	0
CGGACTAATACTTGTG	1	1	0
TCTTTGACCTGTCTGG	1	1	0
GATTAAAGATCAGCGC	1	1	0
AAAGAGGCTTAAGCGT	1	0	1
CATGACGAATACTCTT	1	1	0
CGTTTCGTCATCGCAG	0	0	0
AGGGACTGGTCATATT	1	1	0
ACCTTCCCTGAAATGA	1	1	0
ACGGAGCAAATGAATG	1	1	0
TGGAAAGCAGCTATGA	1	1	0
AATGGCGTCCGCAACT	1	1	0
CTGGGTATAATCGGGT	0	0	0
ACTAGAGCAGCTATGA	1	1	0
TGCTGACGCTTCTGGA	1	1	0
AAGAGTATAGTGATGC	1	0	1
CGTACCGATGCTCCGT	1	1	0
TACGCGAGTACGTGCT	0	0	0
TAATGTGGGTTCAACT	1	0	1
CATTCATTGATGTGAG	1	1	0
AGGTATATGCCGGATT	1	1	0
CTTTCACTCCACATTA	1	1	0
ATCAATCGTTGTCGCC	1	1	0
ACTTCGCTTTGTGACT	0	0	0
AAGAACAGCCGCAACT	0	0	0
GTATACGTAGCTACGG	1	1	0
AACTCAGTATTCAGTA	1	1	0
AAACACTAACGTATAC	0	0	0
GCCTTGTGCTGTTCTT	1	0	1
CAAGGTACTATTGCCT	1	1	0
CCCTCTTGAAGATTGT	1	1	0
GACACAAAAGAGACTA	1	0	1
CCACGTTGGAATTCGT	1	1	0
CCAGACAGGTTCTGTT	0	0	0
AGGGTAAACTTACGGG	1	1	0
AACAGAACGGAGAAGC	1	1	0
ACCCTCAAGAGTTCAC	1	1	0
CAAGGGTTTCATCCTT	1	1	0
ACCCGATTCCCTAACC	1	1	0
TGGACGGAGCCGGATT	1	1	0
ACCTTCCCGGGAACGA	1	1	0
AACAAATGAAGCTTCT	1	1	0
TGAATAGGGTCATATT	1	1	0
AGCCATCTTCATCCTT	1	1	0
AAGGGACCGAAGCACT	1	1	0
GCGTGCAAGGTGGGAT	1	1	0
CCAGACAGGATCGTTT	1	1	0
CGAAACTCAAACTCGA	1	1	0
ACCAACCCCTGTTCTT	1	1	0
CTGAGCGTGGTTAGTG	1	1	0
GTGAGGCACTTGGTGT	1	0	1
CGAAGAAGACGTATAC	4	4	0
GAAGATATTAGAAATG	1	1	0
ACCTTCCCGTAATCCC	1	1	0
ACCAACCCAAGTAATC	1	1	0
TATCCACGCGATTGAT	1	1	0
ATGCGGAGTAGCTTAT	1	1	0
GGACTTCTCCATTACT	2	2	0
AATATGACTCGGTTTA	1	1	0
CCGATACGCAAGAGGG	1	1	0
GATTAAAGCACAGTTT	1	1	0
AGCACGTATAGCTTAT	1	1	0
AAACGTGAATATACCT	1	1	0
TCGTTCCCCTTACGGG	1	1	0
GGGTCATTAAACTGGT	1	1	0
AGGCCGAATCGGTTTA	1	1	0
CGTTGCCTTTGATTCT	1	1	0
AGGACACAGGAAACAG	0	0	0
CCGAGATCATGACCGA	1	1	0
ACCTTCCCCTTCGCAC	2	2	0
AAACTGTGATATACCT	1	1	0
CGGTGAGTCCTATTCA	0	0	0
TCGTTCCCTCCCTGAT	1	1	0
GCCTGGTAATGGAAAT	0	0	0
ATTTCCATTTGCATAT	1	1	0
TAAACCGATCTGTGGT	1	1	0
AAACAAACCGGGTAGT	1	1	0
ACAAAGATTCTCAACC	1	1	0
ACCCTCAACAGGTGTC	1	1	0
CACAAGTACTGTTCTT	1	1	0
ACCAAGGGCTTCTTCG	1	1	0
TAGCCACATCATGAGG	1	1	0
GGCAAGGTTAGTCTAG	1	1	0
ATATGCAAAGTTTAGA	2	2	0
CTTAGTGTTTTACCCT	1	1	0
ACTACCCGTCCCTGAT	1	1	0
CTACGGGACCAGCAGT	1	1	0
CCTACGCTTTGGATCG	0	0	0
TGCACCAGTATTGCCT	2	2	0
GATTACTTTCGGTTTA	1	1	0
AGCTCCACTTGGCGTT	1	1	0
AATAAGGAATCCCACG	1	1	0
ACAAGTAGGTTTGTTT	1	1	0
AGTAATGGAATTCCCA	1	1	0
AAGGGACCAAACAGGG	0	0	0
GGACTTCTGCATGGGT	1	1	0
CCATATGACCTGTTAT	1	1	0
CGTACCGACTTACTCC	1	1	0
AGGCGTTTCTTAGGTA	1	1	0
ATGGTCTGTTATCTGT	0	0	0
GCATCACTACATCTAT	0	0	0
GGCGACAAGCTTACCT	1	1	0
CCGTCTTATTGATCTA	1	1	0
ACTCGGAAATACTCTT	1	1	0
AAGGCGCTCGGAATTT	1	1	0
CTGGAACATCGGTTTA	1	1	0
AGCATGCCGATTGCGA	1	1	0
CCCGTTCTTTTAACAG	1	1	0
GGATTGTTCCTATTCA	1	1	0
CATGACGACACTTTCT	1	1	0
CTCGGTGATAACCCGT	1	1	0
AACAAATGTATTGCCT	1	1	0
TGTTATCAAACTTAGC	3	3	0
GTCAAGAGAAGCTTCT	1	1	0
CGTGTACAAACCTGAC	1	1	0
ATGCATATTAGTCTAG	1	0	1
CCAGACAGCCGCTGTT	1	1	0
TGGTGTCTTGCCTCAC	1	1	0
ACGCTTAAAGAGACTA	1	1	0
TGCCGGTAGAAGCACT	1	1	0
AAGGATGAGGCTACTA	1	1	0
AGCAACGCCTTCTGGA	1	0	1
TAATCCATTGACCAGT	1	1	0
CTGTTGTGCGTATTTC	1	1	0
AACAAATGATCAGCGC	1	1	0
TGAATCCTCAGACCAT	1	1	0
AAGGGACCCCGCAACT	1	1	0
AGGCAATAGCAAAGCC	0	0	0
CTTAGGCCATACTCTT	1	1	0
AGTAATGGCTGAGTGC	1	1	0
CCGTCTTACAAGTCAT	0	0	0
ATTGGCCCCAGTCCCT	1	1	0
ACCAGTTTCCGCTGTT	0	0	0
TCGAGTTTCTCTTGAC	1	1	0
CGATCCAAACCCACGA	1	1	0
GTCAGGTTCTTACTCC	1	1	0
AGTAATGGCTAGATTG	1	1	0
GTCAGGTTGGGCCAAT	1	1	0
TCAGCCTCGAATTCGT	1	1	0
ATCGCGCTGTTCTGTT	1	1	0
CTCACATCACGCAGAG	1	1	0
GAAGATATTGTAGTTT	1	1	0
AAGCCTTCAACACACG	0	0	0
TGGACGGACGTACCTA	1	1	0
GTGTCAGGAGCGCGAT	1	1	0
GAGTGTACACCACGCT	1	0	1
AAGGATGAGGTCTGAC	1	1	0
TGGAAAGCCAACAAAT	1	1	0
GTCAGGTTCAGGTGTC	1	1	0
TGGCTAGTGCGTTGCT	1	1	0
AGTAATGGCTCTTGAC	1	1	0
TGAATCCTGTTCTGTT	1	1	0
ACCTTCCCCGTAGAAG	2	2	0
AGCACGTAGGCTACTA	1	1	0
TGCCGGTATCCTTATT	1	1	0
AGAATCAAACCACGCT	1	1	0
GTAAGCCGCCATTTGA	1	1	0
CGTGCAACATCAGCGC	1	1	0
GATTTCCCTCATCCTT	1	1	0
AACAGAACCCATTACT	0	0	0
ACCCTCAACGGGCTTT	1	1	0
ACCTTCCCAAATCGTT	2	2	0
CCTATTTATAAATAGG	0	0	0
AACGTTACTTAGGACC	1	1	0
GATTACTTGTCCAAAG	1	0	1
ATTACCTTCTACCGTT	0	0	0
AGCAACGCACGCTCAG	1	1	0
GGATTGTTTTGATCTA	1	1	0
CTGCGATGAAAGCCTA	1	1	0
CTGTGACCTTCGTTCC	0	0	0
ACCTTCCCCCAGCAGT	1	1	0
TATCCACGATGACCGA	1	1	0
TACCTCCCTCCAGTCC	1	1	0
ACCCATGCATCTTTGT	1	0	1
CTCCTCCATGTTTGAG	1	1	0
AGTAATGGAAACAGGG	1	1	0
GTCTGGAATCGAAGCT	2	2	0
ACCACAGAGTAACGTT	1	1	0
ACATGGACCTATAGAG	1	1	0
AAACTACAATGAAGCA	1	1	0
GTCAGGTTCTACCGTT	1	1	0
TAAGGGCCGTTTACGT	1	1	0
CAAGGGTTCAAGTCAT	1	1	0
GGTGTCGACCGTGTTT	1	1	0
GGGCATCAATCCCACG	0	0	0
ACGACGACCACAACAG	1	1	0
AGTAATGGTTAGTCCG	1	1	0
GTCAGGTTACTTCAAT	2	2	0
TCCGACACCTCGATGC	1	1	0
ACGAATTCTGCGACAG	1	1	0
CTGGGTATTACAAACT	1	0	1
ACCTTCCCGTTACCGC	1	1	0
TCGAGTTTCACAAGGC	1	1	0
AGTAATGGTTTGGGAG	1	1	0
GGCAAGGTAAGTAATC	1	1	0
GTCTTCCTTTGTCGCC	1	1	0
GGCTATAAGGTCTGAC	1	1	0
ACCTGAAGACGGTAGC	1	1	0
CTCACATCCAACGTGG	1	1	0
ACCACAGACCCATCTG	1	1	0
ACAAGTAGGAACGATT	1	1	0
ATGCATATAGAAGTTA	1	1	0
GCACTCAGCTGGTGCA	1	1	0
TAACTTCTATTGGGCC	1	1	0
CTCACATCCCCATCTG	1	1	0
TACTGAATACGTATAC	1	1	0
ATACTCTCCTTAGGTA	1	1	0
CCCGTAAGATCTTTGT	1	1	0
AGGCGTTTTCTGTGGT	1	1	0
ACGGCAGTGAATTCGT	1	1	0
GGACTGGATGACGGAC	1	1	0
ATCAATCGTGGCCTGT	1	1	0
ACGACGACAGCGCCTT	0	0	0
AATGGCGTGTCGTCGT	1	1	0
AGTAATGGCGACGTCA	2	2	0
AGGTTCCCTCACCGAG	1	1	0
AGTAATGGTACCAGGC	1	1	0
AACGGTAGTTGTCGCC	1	1	0
TCCGCTGTGCTCTAGT	2	2	0
ACAGGCCATTATAGCC	1	1	0
AACTGCCTTCCGTCCA	0	0	0
TATCCACGCGACTCCT	1	1	0
GAAGATATCCTCGTCT	1	1	0
CACAACCTATTCAGTA	0	0	0
TGCTGACGCAAGAGGG	1	1	0
AAATAGCACTAGATTG	1	0	1
ATAACAGGTAGCTTAT	1	1	0
GAGTGTACATCAAGTG	1	1	0
CTCACATCACCCACGA	1	1	0
CAAGGGTTGAAGTGCC	1	1	0
ACGGCAGTACTAGGAT	1	1	0
AAGCCTTCACTGAGTT	1	1	0
CTCAAACAAGGAGCTT	1	1	0
AATACATCCCATTACT	1	0	1
ACCGTCGAGGTTTCTC	1	1	0
CCACGTTGTACAAACT	1	1	0
ACTGCTGGAAACTGGT	1	1	0
CCATGCATATATACCT	1	1	0
CTCTGCGTCGGCACAT	1	1	0
AAGAAGGTTCCAGTCC	1	1	0
AGAAGCTTATATACCT	0	0	0
AAGAGTATCGACTCCT	1	1	0
CGTGGGATACAGCGGA	1	1	0
ACGGCAGTTGCTATTT	1	1	0
TCGCAATCACGCTCAG	1	1	0
CATTTCTATGTTTGAG	1	1	0
GGTTGAGACTGTTCTT	1	1	0
AGTAATGGGATGTGAG	1	1	0
CAAACATTACGTATAC	1	1	0
TGCTGACGTCGAAGCT	1	1	0
ATGACTTGATATACCT	1	1	0
CGATGGCACACAACAG	1	1	0
GAAGATATATTGGGCC	1	1	0
TAGCGGATCAGTTTGC	1	1	0
GATTGGGAGTTCTGTT	1	1	0
TGAATCCTATATACCT	1	0	1
CTCCCAAATGACCAGT	1	1	0
GCGGTAACTAGTGTTT	1	1	0
CCTCATGATTAGGACC	1	1	0
AAGGCGCTGCGTTGCT	0	0	0
TAACTTCTTTATCTGT	1	1	0
TGGTGTCTTAACTACT	1	1	0
ACCCTCAAGGGAACCT	1	1	0
CTGTGACCGCTTTCCA	1	1	0
AGACCTCAAAGATTGT	1	1	0
GTATACGTTCATCCTT	1	1	0
AGAAAGTGCTCCGCAT	1	1	0
GTCAGGTTGACAACTT	1	1	0
TAATGTGGATATCTTC	1	1	0
AAATTCCGACGAAACG	1	1	0
TACTGAATATGGAAAT	1	1	0
GCATCACTTGGCCTGT	0	0	0
AAATAGCAACGTATAC	1	1	0
TACGCGAGTTGGCGTT	1	1	0
GAAGATATAACAATCC	1	1	0
GGTTACACTTGTCGCC	1	1	0
ATCGTAACGAGAATTG	1	1	0
GGTAAATCCTTACGGG	1	1	0
GATACGCAGCACCTCT	0	0	0
ACCCATGCGCAAAGCC	1	1	0
AGGCAATAAAACGCCT	1	1	0
AAACAAACCTACTTGT	1	1	0
GGCGACAAATCAGCGC	1	1	0
GTCTGGAACGAATAAT	1	1	0
TAGCCACAAAACTGGT	1	1	0
GCATCGAGATCAGCGC	1	1	0
GTACGGACCCCGAATG	1	1	0
ATTTCCATAACCTGAC	2	2	0
AGCAACGCTTATAGCC	1	1	0
AGGCCGAACTCCGCAT	1	1	0
CTGCTAGAAGCGCGAT	1	1	0
ACTAATTGTAGTGGAC	1	0	1
CCCTCTTGTGGGATTC	1	1	0
CAACGCAGTGCGTATC	1	1	0
TACCTCCCCGAGATGT	2	2	0
ATACACCCCACTTTCT	0	0	0
ATCGTAACAACCTGAC	1	1	0
AATCCGGCGGTCCCTT	1	1	0
CTCGGTGATGCGTATC	1	1	0
ATACTCTCCCCGAATG	1	1	0
GCATCACTCGTATCGG	1	1	0
ACCAACCCTTCACATA	1	1	0
GCGCTGATGTCAAAGA	1	1	0
CTCTGCGTTTCGTTCC	1	1	0
GCCTTGTGGGAGAAGC	0	0	0
AACTCAGTCAGGTGTC	1	1	0
GGACTGGATCTCAACC	1	1	0
ATTTCCATCTACGAGC	1	1	0
TCGAGTTTTTATCTGT	1	1	0
ACAGGCCAAAGCGTAC	1	0	1
CCATATGAGTTCTGTT	1	1	0
AAGAACAGCGGGTAGT	1	1	0
AGTAATGGTTGGATCG	1	1	0
GTACGGACGCTCTAGT	1	1	0
GCTCGTAGGCAGCATG	1	1	0
CCATCCACACCTTCTT	0	0	0
CTACGGGATGGTATGA	1	1	0
GCCAACATTAGCTTAT	1	1	0
TGAATCCTATACCCAG	0	0	0
AAATAGCAGGGTTGGT	1	1	0
ATCAATCGCCAGCAGT	1	1	0
TAGATCAATTATCTGT	1	1	0
ACACCAAGCAGACCAT	1	1	0
TGACGTCGTAGTCGCA	1	1	0
ACCTTCCCTTTAACAG	1	1	0
TGAATAGGATGACCGA	1	1	0
TCATTTCATTATAGCC	1	1	0
CCCGTTCTATCTTTGT	1	1	0
GTCAGGTTAACTTAGC	1	1	0
ATGGGCTCTCCAGTCC	1	0	1
CTAGACTAGGCTACTA	1	1	0
ATACTCTCGACGATGG	1	1	0
GCATCACTTAACCATC	1	1	0
TCGTGGGTTACAAACT	1	1	0
CATTCGGGCGCCTTGA	0	0	0
CGAAACTCTACAAACT	1	1	0
GTTCTGCTAAACAGGG	1	1	0
TCTTTGACACTGCCGT	1	1	0
TACCCTGCGAATTCGT	1	1	0
TAACTTCTAAACTGGT	1	1	0
TAACTTCTGTCCATGT	1	1	0
TCCGCTGTGAAGCACT	1	1	0
CCCGTTCTAGCACCAC	0	0	0
ACTTCGCTATACCCAG	1	1	0
GTGTCACCAGTGATGC	1	1	0
ACAAAGATCTTCTTCG	1	1	0
TCCTATATCGGCTTAC	1	1	0
AGGACACAGGCTACTA	1	1	0
ACGGTTGGTTCCGCTC	1	1	0
GGACTGGAATATCTTC	1	1	0
CACAAGTACTTCGATT	1	1	0
AATCCGGCAGGAGCTT	1	1	0
TGAGAGCGTAACCCGT	1	1	0
AGAGAGACCCGCAACT	1	1	0
AGACGAGGAAACTCGA	1	1	0
CAGTTTAAGAATACGC	1	1	0
AAACACTAATACTCTT	1	1	0
CCGTAGCTCCCGAATG	1	1	0
ACAAAGATGCAAAGCC	1	0	1
TATCCACGCTTACGGG	1	1	0
CAATCTAGAAACCTCC	1	1	0
TGCTTGGGATATACCT	1	1	0
CTTTCACTCGATTGAT	1	1	0
AATATGACTAACTACT	1	1	0
CTGTCGCACCCTAACC	2	2	0
AGACCTCATCTCACTT	1	1	0
CTGAGCGTGAAGTGCC	1	1	0
AAGGCGCTTTTAACAG	2	2	0
CCATGCATTTATCTGT	1	1	0
CCAGCGAAGGCTACTA	1	1	0
CGTACCGAGGTCTGAC	1	1	0
GTGTCACCATCCGCTA	1	1	0
AGCAACGCTGTTCCAG	1	1	0
AACAGAACCCCTAACC	0	0	0
AGGGACTGAATCGGGT	1	1	0
TCCTATATTTGTTTAC	1	1	0
TCTAAACTTTAAACTG	1	0	1
GTTCTGCTAACTTAGC	1	1	0
AGGACACAATCAAGTG	1	1	0
AAATTCCGAATGACCC	1	1	0
GTGCCCATAATGAATG	1	1	0
ACTGGTCACTACCGTT	1	1	0
CCGGAAATTTCCGCTC	0	0	0
GCAAACTGGTCCAAAG	1	1	0
TCGAGTTTCGCTCTCA	0	0	0
CTCCTCCATGATGCCC	1	1	0
CTTTCACTGTGTCGGA	1	1	0
ACCGTCGAGAAGCACT	1	1	0
ACCCGATTAATGTTTG	1	1	0
ACTGCTGGTGGCCTGT	1	1	0
GAGGGTCACTTCGCAC	0	0	0
GACTAGCGTAACCATC	1	1	0
TGGCTAGTGGAGAAGC	1	1	0
ATTGAAGTCCTACTAG	0	0	0
AACGTTACAAGCTTCT	1	1	0
ATTGAAGTATACTCTT	1	1	0
CGACATTTTGCGTATC	1	1	0
TACCTCCCCTCTTGAC	1	1	0
AGTAATGGGCCGGATT	1	1	0
CTGCGATGTCCAGTCC	1	0	1
TCCGACACTTAAGCGT	1	0	1
TCCCTGGAGCGTTGCT	1	1	0
TAACTTCTGCAGTCGA	0	0	0
TCCGCTGTGGCTACTA	1	1	0
AAACCGCCACGTATAC	1	1	0
CTTTGGACGATGTATT	1	1	0
CATTCATTGGGAAATC	1	1	0
AGTAATGGTTGGACTT	1	1	0
GGACTTCTTGACGGAC	1	1	0
ACCTTCCCTTGAGGGT	1	0	1
GTGTCACCCGAGATGT	1	1	0
AGGTTCCCTCATCCTT	1	1	0
CTTTGGACGAACGATT	1	1	0
TCCTATATATTCCTTG	1	1	0
ACCAAGGGATCCGCTA	1	1	0
TAGTCTCTATCAAGTG	1	1	0
GGCTTTGCTCATCCTT	1	1	0
CCGGAAATATATACCT	1	1	0
AAACAAACTCCCTGAT	1	1	0
TAAACCGAGCAAAGCC	1	1	0
AAGCTCCTAACCTGAC	1	1	0
TCATAGCTTGACCAGT	1	1	0
GTGAACTCTACGTGCT	0	0	0
TACCCTGCTTGGCGTT	1	1	0
GAAGATATCGTCAGCA	1	1	0
TGAATCCTTCCGTCCA	0	0	0
CAAGGTACATGGAAAT	1	1	0
CTCCTCCAGTTAACCA	1	1	0
AGCATGCCATCAGCGC	0	0	0
AGCACGTAGTTGTCAT	1	1	0
CCTTTGTCCGATTGAT	1	1	0
ATCAATCGATTGGGCC	0	0	0
GGACTTCTCTTCTGGA	1	1	0
GGCTTTGCATTGGGCC	1	1	0
CCGTCTTATTGTGACT	1	1	0
GGTGTCGATCATCCTT	1	1	0
AGCAACGCTGCGTATC	1	1	0
GTTACTAGTGGCCTGT	1	1	0
TGAATCCTCCGCTGTT	1	1	0
TCCCTGGATTTAACAG	1	1	0
GGCAAGGTAGGCAGTT	1	0	1
TCCTATATTAGTCTAG	1	1	0
TCTTTGACCCGCTGTT	1	1	0
GTGAGGCAAACCTGAC	1	1	0
GCGTGCAAGACAAAGG	0	0	0
CTACGGGAGCAACCTG	1	1	0
GGACTGGATAACCCGT	0	0	0
CCTCATGAAACCTGAC	1	1	0
TGAGCACATTGATTCT	1	1	0
TCGAGTTTTTCCAGAC	1	1	0
AGGACACAAACAATCC	1	1	0
ACATCTCGCCCGAATG	1	1	0
AACTGCCTCGTATCGG	1	1	0
ACCCTCAACGCTAGTC	1	1	0
AGGGACTGATTCGACG	1	1	0
GCACTCAGGTACACTC	0	0	0
TCGACTGCTACAAACT	1	1	0
CCATGCATTAACTACT	1	1	0
AGAAACCAGAAGGCTT	1	1	0
GGTCTTTCCTTCAGGT	1	1	0
TGGTGTCTATCTTTGT	1	1	0
GGCTTTGCGACGATGG	1	1	0
AAGGGACCCACTCCTC	1	1	0
TCGTTCCCTCTGTGGT	1	1	0
CGAACCGATAGAAATG	1	1	0
TCATTTCAGAAGCACT	1	1	0
CCGACTTTGGCGTTAG	0	0	0
GGACTTCTGCAGTCGA	1	1	0
TCATTTCAAGACACCA	1	1	0
ATTTCCATCGGCACAT	1	1	0
CATTCGGGTGTCTTTC	1	1	0
CATTCGGGGTCAATAC	1	1	0
ACCAGTTTTCATGAGG	1	1	0
ATCAATCGATGACCGA	1	1	0
ATCAATCGCCATTACT	1	1	0
GAAAGACATATTGCCT	1	1	0
AATGGCGTGAGCCCAT	1	1	0
CATTCGGGCTACTTGT	1	1	0
GCATCACTAATCGGGT	1	1	0
TCCGCTGTTGTGGCTA	1	1	0
ACGGTTGGCGAGTCTG	1	1	0
ACTTCGCTCTTCTGGA	0	0	0
AACTCAGTTAGCCTCG	1	1	0
ATCCGCATCGACTCCT	1	1	0
GGACTTCTCGCCTTGA	1	1	0
CATGACGATAACTACT	1	1	0
AGGTAAGCACGAAACG	1	1	0
AGTAATGGATCAAGTG	1	1	0
CGTACCGACTGTTCTT	2	2	0
ACCCGATTTGTAGTTT	1	0	1
TATTAGCGCTACTTGT	0	0	0
AGCAACGCATGCGGAT	1	1	0
TACGTTCGATATCTTC	1	1	0
GTGATAAATTTGGGAG	1	1	0
CGTTGCCTCCTGTTAT	1	1	0
AACAGAACGATCTCGG	1	1	0
ACACCAAGCACTTTCT	1	1	0
CGTGTGTTCGCCTTGA	1	0	1
GGATTGTTAAGTAATC	1	1	0
TGGACGGATAAGACGG	1	1	0
ACATCTCGATATACCT	1	1	0
ACGCTTAAGAGTTCAC	1	1	0
AGTTTGTATAACCCGT	2	2	0
GGAAGTCCGTCTCTCT	1	1	0
TCGTTCCCAACAATCC	1	1	0
GTAAACAAAAACTCGA	1	1	0
CGAACCGACTCCGCAT	1	1	0
TAGATCAATACGTGCT	1	1	0
AGCTCCACTACCAGGC	1	1	0
ATAACAGGCTTCTTCG	1	1	0
AAGGCGCTACCTTCTT	0	0	0
TATCTGTCAGCGCGAT	1	1	0
AATAAGGAATATGCAT	1	1	0
TGGAAAGCGAAGTGCC	1	1	0
AGGCAATATGCTCCGT	1	1	0
AGAATCAAATACCCAG	1	1	0
GACACCTGCAAGTCAT	1	0	1
GCATCACTTACAAACT	1	1	0
AGCACGTACACTCCTC	1	1	0
GGGTCATTTGTACACG	0	0	0
TCGTGGGTACCCATAT	1	1	0
AGAAACCAATCAAGTG	1	1	0
ATCAATCGGGAGAAGC	1	1	0
CCTCATGACGAGATGT	1	1	0
TGCTGACGCGAGATGT	1	1	0
AAGAAGGTGTAATCCC	1	1	0
ACGGTTGGTGTCTTTC	1	1	0
TCCAGAAGTCACGTTT	1	1	0
GCACTCAGGTCTCTCT	0	0	0
AGGGTAAACTAGTAAC	1	1	0
TAGGCTTTATGTTGGC	0	0	0
AGCACGTACTTACGGG	1	0	1
GCCTGGTATGCGACAG	1	1	0
AACTCAGTACCACGCT	1	1	0
AGGCGTTTCCTGACAC	0	0	0
GAAGATATTTAGGACC	1	1	0
GTGTCACCAAATCGTT	1	1	0
ACAAAGATTACAAACT	1	1	0
GATGTGGCTTAGGACC	1	1	0
GTCAGGTTGTACCTTG	1	1	0
ATTACCTTCGATTGAT	0	0	0
GTAAGCCGTTGTCGCC	1	1	0
AACGCCAAAAACGCCT	1	1	0
ATGACTTGTCCCGTAG	1	0	1
GTGAACTCGCAAAGCC	1	1	0
CTACGGGAGGGAAGGT	1	1	0
GGCGACAACTTCGCAC	1	1	0
CACAAGTAAAACCTCC	1	1	0
AAAGCCCGGGCTACTA	1	1	0
AAGGATGACTTCAGGT	1	1	0
TCAGCCTCTTAAACTG	1	1	0
GCGCTGATTACAAACT	1	1	0
GATGGTTACTCAGAAT	1	1	0
ACAGGCCACAGACCAT	1	1	0
GTGGTGCTGTAATCCC	1	1	0
CCTCATGACCCATAGC	0	0	0
CAGTTTAACGTGCTAG	1	1	0
CATGCTGCTTTAACAG	1	1	0
TGGTTAACAACCTGAC	1	1	0
AGTAATGGTCACCGAG	1	1	0
AAACAAACGAAGTGCC	0	0	0
GAATGCGCATATACCT	1	1	0
AATAAGGAACTGCCGT	1	1	0
ATGACTTGGCGTTGCT	0	0	0
GTGCGAAGACGGTAGC	1	1	0
CAGGTTGCTCGGTTCG	1	1	0
TATCTGTCTACAGCCG	1	0	1
ACCAACCCGGAATAGA	1	1	0
ATCCGCATCTTCGATT	1	1	0
CAGACTCGCGCTAATA	1	1	0
TCGGTCATTACAAACT	1	1	0
TGCACCAGGGCCCTTA	0	0	0
GCATCGAGCTAGATTG	1	1	0
AAGAGTATTCCAGTCC	1	1	0
GCCTTGTGTGAGGTCT	1	1	0
AGAAGCTTATCAAGTG	2	2	0
CCTTTGTCTACAAACT	1	1	0
ACCCTCAATCATCCTT	1	1	0
TGGACGGAATATCTTC	1	1	0
GCTTCTCCCGCCTTGA	0	0	0
TCGAGTTTTCACCGAG	1	1	0
TACCGCTCCTTCGATT	1	0	1
CCAGACAGCAAGTCAT	1	1	0
AACAGAACTCCGTCCA	0	0	0
ACCTTCCCGTCATATT	1	1	0
GGATTGTTTGCCTCAC	1	1	0
CGAAACTCTGCCTCAC	1	1	0
AGCTTCGAAAAGCCTA	1	1	0
TATTAGCGATATAGGA	1	1	0
CCTTTGTCAAACCTCC	1	1	0
ATCCTAGTTGACCCTC	1	1	0
AGGACACAACATCTAT	1	1	0
ACGTAAACAAGTAATC	1	1	0
TCGAGTTTGGCATGCT	1	1	0
CCCTCTTGAACCTGAC	1	1	0
AAGAAGGTAATGAATG	1	1	0
CAGTTTAATACTTGTG	1	1	0
AACGCCAACTTACGGG	0	0	0
ACCTTCCCACCTTGCC	1	1	0
TAGGCTTTAGACACCA	1	1	0
GGCTTTGCATCCGCTA	1	1	0
GTCTGGAAACGTATAC	1	1	0
AATCGTTCGTCAAAGA	1	1	0
ATGGTCTGTCCTTATT	1	1	0
TCGTTCCCTCACGTTT	1	1	0
AAGCTCCTGTCTCTCT	1	1	0
CCAGACAGAACCCTTG	1	1	0
TACCTCCCCAAGTCAT	1	1	0
TCCTATATTGACCCTC	1	0	1
CGTGTGTTCGGACAAC	1	1	0
AAGGGACCAACAATCC	1	1	0
AGCTTCGAGGTCACAG	0	0	0
ACCTTCCCGCCACATC	1	1	0
TAGCCACAATCCGCTA	1	1	0
GAAGATATAGCTATGA	1	1	0
ACCGTCGATCGAAGCT	1	1	0
ATTACCTTTCGACACC	0	0	0
ACATGGACAGAACGGG	1	1	0
AAGGCGCTCTCTTGAC	1	1	0
GTCAGACCAGGAGCTT	0	0	0
GGAGTAAGCCGCTGTT	1	1	0
CATTCATTACGGTAGC	1	0	1
CGAAACTCCCTGACAC	1	1	0
TGGCTAGTGCCAAGAT	1	1	0
TCGTTCCCTAGTCGCA	1	1	0
AAAGAGGCCTACTTGT	1	0	1
ATTATTCGTAGTCGCA	1	1	0
AGACCTCACGACTCCT	1	1	0
ATCGCGCTAACACACG	1	0	1
GAGAAACCGGTCCCTT	1	1	0
TCAGCCTCATCAAGTG	1	1	0
TAGATCAAATACTCTT	1	1	0
AGCATGCCGTCATATT	1	1	0
AATGTATGTCGACACC	1	1	0
ACAAGTAGTCACCGAG	1	1	0
GGGCATCAAACCTGAC	1	1	0
GTCAGACCCGTCAGCA	0	0	0
ACATGGACATGCATGG	1	1	0
CTGCGATGCTGGTGCA	1	1	0
TGGCTAGTTGCTCCGT	0	0	0
TGGCTAGTAATGAATG	1	1	0
CTCACATCACACTAAG	1	1	0
ACTACCCGCCAGCAGT	0	0	0
AAGGGACCGGACTTCC	1	1	0
CCATGCATCTCTTGAC	0	0	0
CTCTGCGTGAATTCGT	1	1	0
CAGTTTAACCGCTGTT	0	0	0
TCCGCTGTATTCAGTA	1	1	0
CTAGTAGGGAATTCGT	1	1	0
AAGAAGGTGGCTACTA	1	1	0
CCTTTACAGGCCCTTA	1	1	0
ATTTCCATTTGTGACT	1	1	0
TACCCTGCTGATAACA	1	1	0
AACGATTTAAACTCGA	1	1	0
GAAGATATTTAAACTG	1	1	0
ACCTGAAGCAAGTCAT	1	1	0
AGCAACGCGCAAGGAC	2	2	0
ATTCTGAGACGCCATT	0	0	0
GGGTCTAGAAACTCGA	1	1	0
GTATACGTTCATGAGG	1	1	0
TAAACCGAATGACCGA	0	0	0
ACTCGGAAATTCAGTA	1	1	0
TAATCCATTTGCACGC	1	1	0
GATTAAAGGGACTTCC	0	0	0
ACCTTCCCCAGACCAT	1	1	0
ACATGGACCTACTTGT	1	1	0
TCGGTCATTAACTACT	1	0	1
CCCTTGCATTAAGCGT	1	1	0
GTCCGTCATAACCATC	1	1	0
ATCCCACCATATACCT	0	0	0
CGTGGGATCCGCAACT	1	1	0
AATGTATGATGAAGCA	1	1	0
TACCCTGCCTTGGTGT	0	0	0
TAATCCATATATACCT	1	1	0
CAACGCAGAACTTAGC	1	0	1
CAGACTCGATGACTTT	1	1	0
GTTCTGCTTAACTACT	1	1	0
AGGCCGAACGATTGAT	1	1	0
TCCGCTGTCTTACGGG	1	1	0
ATTGGCCCTTAAACTG	1	1	0
GATGGTTAAAACAGGG	1	1	0
CTAGACTATTTAACAG	1	0	1
CAACGCAGCTTCGCAC	1	0	1
TCCGACACGTTCTGTT	1	1	0
GCTACCGTCTCCGCAT	1	1	0
CCGATACGACCACGCT	1	1	0
CATTCGGGATATACCT	1	1	0
CTAGACTAAGAAGTTA	1	1	0
TATGTGAAATCAAGTG	1	1	0
GGCTTTGCGAGAATTG	1	1	0
ATGACAACGCGCATTC	0	0	0
CCTATTTATGTCTTTC	1	1	0
ACTGCTGGAGAAGTTA	1	1	0
ACGTAAACAGTGAAAG	1	1	0
GGAAGTCCCACTTTCT	1	1	0
CGTGTGTTTACCGGCA	1	1	0
AGTAATGGGTGGAGCT	2	2	0
TATCCACGCGGACAAC	1	1	0
CATTCATTGCAGGGTA	1	1	0
ACCAACCCACACTAAG	1	1	0
CATGCTGCCCCTAACC	1	0	1
CCTCATGATCTCACTT	1	1	0
AAAGCCCGCTTACGGG	1	1	0
CGAACCGAACTAGCCA	1	1	0
CATTCATTCCGCTGTT	1	1	0
GGTGTCGAATCCGCTA	0	0	0
GTTACTAGTTAGGACC	1	1	0
GCCAACATCCTGACAC	1	1	0
AGAAAGTGCCTCGTCT	0	0	0
TATCTGTCCGGCTTAC	1	1	0
GAAGATATCGCTAATA	1	1	0
ACGTAAACCTACGAGC	0	0	0
CGAAGAAGCTACGAGC	1	1	0
CCAGCGAAAGAAGTTA	0	0	0
CGTGCAACCGTAGAAG	1	1	0
TAACTTCTCCCAAGCA	1	1	0
AGTTTGTAAGCTACGG	1	1	0
TCCGCTGTGATGTATT	1	1	0
ACAAAGATCCTCGTCT	1	1	0
CTGCGATGTAACTACT	1	1	0
ACAAAGATCCATTACT	1	1	0
GGTAAATCGGTTTCTC	0	0	0
ACCAGTTTCTGGTGCA	1	1	0
CATGCTGCCCCGAATG	0	0	0
TCGAGTTTGCAACCTG	1	1	0
AAGCCTTCGTCCAAAG	1	1	0
AATACATCCGTCAGCA	1	1	0
GAAGATATTGGCTACC	1	1	0
TACGCGAGACTCACCG	0	0	0
TCGTTCCCCAACAAAT	1	1	0
AATCGTTCGTAACGTT	1	1	0
TATTAGCGTCCCAATC	1	1	0
CTGTCGCAACCTTGCC	1	1	0
ATTACCTTTGACCAGT	1	1	0
CCGTAGCTTACCAGGC	1	1	0
GCGGTAACTTGCACGC	1	1	0
AGCAACGCTAGTCGCA	1	1	0
ACCACAGAGTTCTGTT	1	1	0
AGTTTGTAGCAAAGCC	1	1	0
ATCAGGGAATTCGACG	0	0	0
GCAAACTGCTCGCGTA	1	1	0
TCTTTGACGAACGATT	1	1	0
ATCTTGGCCAAGTCAT	1	1	0
GGAACGAATAAGACGG	1	1	0
AACGGTAGATCCCACG	1	1	0
CCGACTTTCGGACAAC	1	1	0
GGTGTCGAAACCTGAC	1	1	0
GGTTGAGAAAACAGGG	1	1	0
AAATTCCGATGAAGCA	1	1	0
GGCAAGGTGACAAAGG	1	1	0
TCATAGCTTGTACACG	1	1	0
CCTTTACATTCACATA	0	0	0
GAAGATATCAATTAGT	1	1	0
CCTTTGTCGAAGTGCC	1	1	0
TCCTATATCTTCTTCG	1	1	0
GAGTGTACAGAACGGG	1	1	0
AGCTTCGACTGTCTGG	0	0	0
TAAACCGAGTCAAAGA	1	1	0
CCATCGTCTTATCTGT	1	1	0
CCAGCGAATCCAGTCC	1	1	0
AAGTATTGAAACTGGT	1	1	0
ACCTTCCCTAGTCTAG	1	1	0
AAACTACAACATCTAT	1	0	1
GGACTTCTGCCACATC	1	1	0
ATCCTAGTTCGAAGCT	1	1	0
TCCGACACAGGAAGAC	1	1	0
ATCAATCGAAATCGTT	0	0	0
CGGTGAGTCTGAGTGC	1	1	0
GTTACTAGAATCGGGT	1	1	0
GCTTCTCCGTTGTCAT	1	1	0
GTTGTCCGAATCGGGT	0	0	0
TAGGTACGTCCCGTAG	1	1	0
AATATGACCTACTTGT	1	1	0
GAGCGGAAAATGAATG	0	0	0
AACAAATGGGTCTGAC	1	1	0
TAGGTACGGACAACTT	1	1	0
AGTCACAACACAACAG	1	1	0
CGTGGGATAAACTGGT	1	1	0
GGGAGATGCCCGAATG	1	1	0
CAGATGGGATGACTTT	1	1	0
CGGCTGTATTCGCTGG	1	1	0
AGCGTGGTAGGAGCTT	1	1	0
ATCCTAGTTGACGGAC	1	1	0
CGTGGGATTTATCTGT	1	0	1
TAGGTACGACGCTCAG	1	1	0
CACAACCTTTATCTGT	1	1	0
ACTCATACACGAAACG	0	0	0
CGATCCAACGTATTTC	1	1	0
GAAGATATTCTGCATC	1	1	0
TACGCGAGAATCGGGT	1	0	1
GAGTGTACGGTCACAG	1	1	0
GCAAACTGTTCACATA	1	1	0
TGCACCAGCAGTTTGC	1	1	0
CCACCTCTTTAAGCGT	1	1	0
CTCGGTGATACAAACT	2	2	0
CCCGTAAGAAACCTCC	1	1	0
ACCTTCCCTCCGTCCA	1	1	0
GATACGCAGAGCGGTA	1	1	0
CATTCGGGTGATAACA	1	1	0
CCGACTTTGGGAACGA	1	1	0
AGAGGTGCCACAACAG	1	1	0
CAAGGAATAACCTGAC	1	1	0
AAGAACAGAAATCAGA	1	1	0
AAACGTGACAGGTGTC	1	1	0
GCTTCTCCTTGTCGCC	0	0	0
GAATCCCAAAACTCGA	0	0	0
GTGTCACCAGCTATGA	1	1	0
CAATTCTCATTCCTTG	1	1	0
GTAAGCCGTTCCGCTC	0	0	0
CAAACATTGATGTGAG	1	1	0
ATGGTCTGGTCCAAAG	1	1	0
GGAACGAACTACGAGC	1	1	0
AGTCACAAGAATACGC	1	0	1
GAATCCCAACTTCAAT	1	1	0
ACAAAGATCGGACAAC	1	1	0
GAATCCCATTGTTTAC	1	0	1
CAGGTTGCATTTCCGG	1	1	0
CTTAGGCCTCGGTTTA	1	1	0
GCAAACTGTTCGCTGG	1	1	0
TCTTTGACGCAAGGAC	0	0	0
GTGTCACCATTCAGTA	1	1	0
ACCGTCGACTTCGCAC	1	1	0
CCATCGTCGATTTACC	1	1	0
ATATGCAAGCCTCTTT	1	1	0
TCGAGTTTGTAACGTT	1	1	0
TAGCGGATATACCCAG	1	1	0
CTGAAGGGATCAGCGC	1	1	0
GCATCACTCGAACGTA	1	1	0
ACCAAGGGTGTACACG	1	1	0
ATCGCGCTAATCGGGT	1	1	0
ATACACCCCTAGATTG	1	1	0
AATGGCGTCTTCTTCG	1	1	0
TACCCTGCGATTGCGA	1	1	0
CCACCTCTTGTACACG	1	1	0
ACTAATTGTTAGGACC	1	1	0
CTGTTAAAACTAGCCA	1	1	0
AAAGCCCGGAGCCCAT	1	1	0
AGGTTCCCATATACCT	1	1	0
CATTCATTTGCCTCAC	1	0	1
AAACACTATACCAGGC	1	1	0
GTGAGGCAAGCGTAGG	1	0	1
AAGCCTTCAGACACCA	1	1	0
TGCTGACGGTTGTCAT	1	0	1
AGTTGCGGTGGGATTC	1	1	0
CTACGGGATAACCATC	1	1	0
GGCGACAACAATTAGT	1	1	0
ATATGGGTTACCAGGC	1	1	0
GTTCTGCTGAATACGC	1	1	0
TCGAGTTTATGCATGG	1	1	0
TATTAGCGACTAGGAT	1	1	0
AAGCTCCTCAGGTGTC	1	1	0
AGGTTCCCCTGGTGCA	1	1	0
AATAAGGAGATTAGAC	0	0	0
GCTATGGGATTTCCGG	1	1	0
GGTAGCCACGAGATGT	1	1	0
ACCTTCCCGCCAAGAT	1	1	0
GATGCAGACGCCTTGA	0	0	0
ACAAAGATCTTAGGTA	1	1	0
ACAAAGATTTGATCTA	1	1	0
ACTAGAGCTATTGCCT	1	1	0
CCACCTCTCCCTTCAG	1	1	0
AGTCACAATAACCATC	1	1	0
GTCCTTGCAATCGGGT	2	2	0
AATACATCCTTCGATT	1	1	0
AGAAACCAAAACTGGT	1	1	0
CTAGTAGGGGCCCTTA	1	1	0
TATCTGTCGCTCTAGT	2	2	0
CCATATGAAACCTGAC	1	1	0
CTGTCGCATGTACACG	1	1	0
AGGTATATACGTATAC	1	1	0
AGGTAAGCTACAAACT	1	1	0
GGCACTTCGAAGTGCC	1	1	0
CGTGCAACCGCTAATA	1	1	0
GGGTCATTGGTGGGAT	1	1	0
TACCGCTCTCCTTATT	1	1	0
GTATACGTATCAGCGC	1	1	0
AACGATTTCTTCGATT	0	0	0
ACCGTCGAATGACCGA	1	1	0
CGAAACTCCTAGATTG	1	1	0
GGTTAGGGTCGGTTTA	1	1	0
GGCTATAAGAGCCCAT	1	1	0
AAACGTGACCCAAGCA	1	1	0
ATATGGGTCCCATAGC	1	1	0
CCCGTTCTATGTTGGC	1	1	0
AGCACGTAAGAACGGG	1	0	1
ACAGGCCAGATTAGAC	1	1	0
CGAACCGACTTCGATT	1	1	0
ATTTCCATTCCAGGGA	0	0	0
TGCGACTAATGACTTT	1	1	0
GGAGTAAGTTGATTCT	1	1	0
GCCAACATGAGAATTG	1	1	0
CCGACTTTTCTGTGGT	1	0	1
GTAAGCCGTGTGCTCA	1	1	0
AGGTTCCCATGACTTT	1	1	0
AAGAAGGTAGCGCGAT	1	1	0
CTGTGACCGAGAATTG	1	1	0
ATTACCTTGAACGATT	1	1	0
CTTAGGCCCGGGTAGT	1	1	0
GAAAGACACCCAAGCA	1	0	1
AATGTATGCCCATCTG	1	0	1
ATTGAAGTGTAACGTT	0	0	0
ACTGCTGGGGATAAAG	1	1	0
AACGATTTTGTGGCTA	1	1	0
GCTACCGTCGAGATGT	1	1	0
GGGCATCACTCCGCAT	1	1	0
CTTTGGACATACTCTT	1	1	0
GGTTGAGATTCCAGAC	1	1	0
TAGTAGCCTAAGACGG	1	1	0
TAACTTCTTCTCACTT	0	0	0
CCGAGATCCACAACAG	1	1	0
ATTATTCGCAATACTT	0	0	0
ACCAAGGGTGGCTACC	1	1	0
AAATAGCACGAATAAT	1	1	0
CTGAGCGTAAACAGGG	1	1	0
AATCCGGCTGTGCTCA	1	1	0
ATTACCTTTTAGTCCG	1	1	0
CATTCATTGAATACGC	1	1	0
CATGCTGCCCATTACT	1	1	0
AACAGCGGGAAGCACT	1	1	0
AGTAATGGCGGCACAT	1	1	0
CTCCCAAAAATGTTTG	0	0	0
AGGCCGAACTTCGATT	1	1	0
TCGCAATCTTGTCGCC	1	1	0
AGCAACGCCATACATT	1	1	0
AATCGAAGTATTGCCT	1	1	0
CCCTGTTTCCGTGTTT	0	0	0
AACAGCGGAGCGCGAT	1	1	0
CATTTCTAGACAACTT	1	1	0
AAGTGAGAAACCTGAC	1	1	0
ACGGAGCAGTTGTCAT	1	0	1
AGGTAAGCATGTTGGC	1	1	0
GGTTACACCTAGATTG	1	1	0
AGTAATGGCCAGCAGT	1	1	0
AGTAATGGAGGATTCA	1	1	0
CTGTTTCCACGAAACG	1	1	0
ATATGCAAAATGACCC	1	1	0
CGAGGCTAAATGAATG	1	1	0
ATGCGGAGCGAATAAT	1	1	0
AGAAAGTGTACCAGGC	1	0	1
CTCTGCGTCTAGATTG	1	1	0
ACGACGACCGACTCCT	1	1	0
ATAAGCTAGACGATGG	1	0	1
ATCCGCATCTCTTGAC	1	1	0
AAGTATTGACCTTGCC	1	1	0
GCCTTGTGATCAGCGC	1	1	0
AGGACACATGACCAGT	0	0	0
GAGGAGTGTACTTGTG	1	1	0
AGCACGTAGTTACGAT	1	1	0
AGTAATGGGAATTCGT	1	1	0
AACGCCAACTACCGTT	1	1	0
TAGTCTCTGAAGCACT	1	1	0
CTGTCGCACGCTCTCA	2	2	0
ATCGTAACTAGTGGAC	1	1	0
GTCCACTAGACGATGG	0	0	0
ACAAGTAGCTTCTGGA	1	1	0
TCGTTCCCCCGCAACT	1	0	1
TGAATCCTGCACCTCT	1	1	0
AGTTGCGGTAACCATC	1	1	0
ATGGTCTGACGTATAC	1	1	0
GAAAGACATCTGTGGT	0	0	0
CTCGGTGAGGCCTAAG	0	0	0
TCGTGGGTTGCCATCG	1	1	0
ACCACAGAGCTTTCCA	1	1	0
AGCTTCGATGCTCCGT	1	1	0
TCCTATATGTTACCGC	1	1	0
GATGGTTACTGGTGCA	0	0	0
TGCACCAGTACGTGCT	1	0	1
CTTTCACTTGTTCCAG	1	1	0
TAGGTACGGCTCTAGT	1	1	0
ATACACCCTCATGAGG	0	0	0
AACTGCCTGAGCGGTA	1	1	0
CGTGGGATGCTTTGGC	1	1	0
CTAGACTACGTCAGCA	1	1	0
AGGCGTTTCGCTCTCA	1	1	0
TGTTATCAATATAGGA	1	0	1
AGTCCGTGGTTTACGT	1	1	0
CTGTTGTGACGAAACG	2	2	0
AGCAACGCGGCTACTA	1	1	0
TACCTAAGCTAGATTG	0	0	0
ACCTTCCCATATACCT	1	1	0
ACGGAGCACTTCGATT	1	1	0
ATAACAGGATACTCTT	1	1	0
GTGATAAATTAGGACC	1	1	0
CCACCTCTCGAACGTA	1	0	1
ACGACGACTCGAAGCT	1	1	0
GATGTGGCAAGCTTCT	1	1	0
CAAGGAATATACTCTT	1	1	0
AAGGGACCACGTATAC	1	1	0
TATCCACGGCTCTAGT	1	1	0
TACCTCCCCTACTTGT	1	1	0
ACTAGAGCGGAGAAGC	1	1	0
CCGAGATCTACAAACT	1	1	0
TGGACGGACTTACGGG	1	1	0
GTCAGGTTAGTGATGC	1	1	0
GTTGTCCGATACTCTT	1	1	0
GAAGATATTGCAAGGG	1	1	0
AGGTAAGCTGGCCTGT	1	1	0
CACAACCTATATGCAT	1	1	0
TAATCCATATACTCTT	0	0	0
CTAGACTAGTGGAGCT	1	1	0
AACGCCAAAAACAGGG	1	1	0
TCGTTCCCACACTAAG	1	1	0
ACTTCGCTGTTACCGC	2	2	0
CTTTGGACTTCGTTCC	1	1	0
CGGCTGTACCCAAGCA	1	1	0
AGCATGCCCTAGATTG	1	1	0
GTATACGTCCCTTCAG	1	1	0
AGTTGCGGGTTCTGTT	1	1	0
ACAAAGATCGGGCTTT	1	1	0
GTCTTCCTCGCCTTGA	1	1	0
GTAATCTGTCATGAGG	1	1	0
TCTTTGACATCAGCGC	1	1	0
TACTGAATCTTACGGG	1	1	0
ATCGTAACCGGCTTAC	1	0	1
TAGGCTTTGAAGCACT	1	1	0
AGTAATGGTGATGCCC	1	1	0
TGTTATCAGACAAAGG	1	1	0
CCAGACAGGGCCTAAG	0	0	0
AAGGGACCACTAGCCA	1	1	0
GCCTGGTAGTTCTGTT	1	1	0
AGAAAGTGGAAGGCTT	1	1	0
CATGACGAGAAGTGCC	1	1	0
CGAACCGATTGGACTT	1	1	0
AAGAACAGAGCTACGG	0	0	0
TAAGGGCCCGGGTAGT	1	1	0
CCTTTGTCTAAATAGG	1	1	0
GGGAGATGCAAGAGGG	1	1	0
AAACGATCATATAGGA	1	1	0
GCTATGGGAACTTAGC	1	1	0
GTTACTAGCGACGTCA	1	1	0
CAAACATTGCAACCTG	0	0	0
ATGCGGAGGCACCTCT	0	0	0
TCGACTGCAGGCAGTT	1	1	0
ATGACAACTGCAAGGG	0	0	0
TGAGAGCGCCTACTAG	0	0	0
